Dynamical matrix file
                                                                           
  1    2  2 12.5600000  0.0000000  0.0000000  0.0000000  0.0000000  0.0000000
           1  'Sn  '    108197.54598352207     
    1    1      0.0000000000      0.0000000000      0.0000000000
    2    1      0.2500000000      0.2500000000      0.2500000000

     Dynamical  Matrix in cartesian axes

     q = (   -0.125000000   0.125000000  -0.125000000 ) 

    1    1
  0.14744200 -0.00000000   -0.00166969  0.00000000    0.00166969 -0.00000000
 -0.00166969  0.00000000    0.14744200 -0.00000000   -0.00166969  0.00000000
  0.00166969 -0.00000000   -0.00166969  0.00000000    0.14744200  0.00000000
    1    2
 -0.13642607 -0.02444466   -0.00595856  0.01651211    0.00595856 -0.01651211
 -0.00595856  0.01651211   -0.13642607 -0.02444466   -0.00595856  0.01651211
  0.00595856 -0.01651211   -0.00595856  0.01651211   -0.13642607 -0.02444466
    2    1
 -0.13642607  0.02444466   -0.00595856 -0.01651211    0.00595856  0.01651211
 -0.00595856 -0.01651211   -0.13642607  0.02444466   -0.00595856 -0.01651211
  0.00595856  0.01651211   -0.00595856 -0.01651211   -0.13642607  0.02444466
    2    2
  0.14744200  0.00000000   -0.00166969 -0.00000000    0.00166969  0.00000000
 -0.00166969 -0.00000000    0.14744200  0.00000000   -0.00166969 -0.00000000
  0.00166969  0.00000000   -0.00166969 -0.00000000    0.14744200  0.00000000

     Dynamical  Matrix in cartesian axes

     q = (    0.125000000  -0.125000000  -0.125000000 ) 

    1    1
  0.14744200 -0.00000000   -0.00166969  0.00000000   -0.00166969  0.00000000
 -0.00166969 -0.00000000    0.14744200 -0.00000000    0.00166969 -0.00000000
 -0.00166969  0.00000000    0.00166969 -0.00000000    0.14744200 -0.00000000
    1    2
 -0.13642607 -0.02444466   -0.00595856  0.01651211   -0.00595856  0.01651211
 -0.00595856  0.01651211   -0.13642607 -0.02444466    0.00595856 -0.01651211
 -0.00595856  0.01651211    0.00595856 -0.01651211   -0.13642607 -0.02444466
    2    1
 -0.13642607  0.02444466   -0.00595856 -0.01651211   -0.00595856 -0.01651211
 -0.00595856 -0.01651211   -0.13642607  0.02444466    0.00595856  0.01651211
 -0.00595856 -0.01651211    0.00595856  0.01651211   -0.13642607  0.02444466
    2    2
  0.14744200  0.00000000   -0.00166969 -0.00000000   -0.00166969 -0.00000000
 -0.00166969 -0.00000000    0.14744200  0.00000000    0.00166969  0.00000000
 -0.00166969 -0.00000000    0.00166969  0.00000000    0.14744200  0.00000000

     Dynamical  Matrix in cartesian axes

     q = (    0.125000000  -0.125000000   0.125000000 ) 

    1    1
  0.14744200  0.00000000   -0.00166969 -0.00000000    0.00166969  0.00000000
 -0.00166969 -0.00000000    0.14744200  0.00000000   -0.00166969 -0.00000000
  0.00166969  0.00000000   -0.00166969 -0.00000000    0.14744200  0.00000000
    1    2
 -0.13642607  0.02444466   -0.00595856 -0.01651211    0.00595856  0.01651211
 -0.00595856 -0.01651211   -0.13642607  0.02444466   -0.00595856 -0.01651211
  0.00595856  0.01651211   -0.00595856 -0.01651211   -0.13642607  0.02444466
    2    1
 -0.13642607 -0.02444466   -0.00595856  0.01651211    0.00595856 -0.01651211
 -0.00595856  0.01651211   -0.13642607 -0.02444466   -0.00595856  0.01651211
  0.00595856 -0.01651211   -0.00595856  0.01651211   -0.13642607 -0.02444466
    2    2
  0.14744200 -0.00000000   -0.00166969  0.00000000    0.00166969 -0.00000000
 -0.00166969  0.00000000    0.14744200 -0.00000000   -0.00166969  0.00000000
  0.00166969 -0.00000000   -0.00166969  0.00000000    0.14744200  0.00000000

     Dynamical  Matrix in cartesian axes

     q = (   -0.125000000   0.125000000   0.125000000 ) 

    1    1
  0.14744200  0.00000000   -0.00166969 -0.00000000   -0.00166969 -0.00000000
 -0.00166969 -0.00000000    0.14744200  0.00000000    0.00166969  0.00000000
 -0.00166969 -0.00000000    0.00166969  0.00000000    0.14744200  0.00000000
    1    2
 -0.13642607  0.02444466   -0.00595856 -0.01651211   -0.00595856 -0.01651211
 -0.00595856 -0.01651211   -0.13642607  0.02444466    0.00595856  0.01651211
 -0.00595856 -0.01651211    0.00595856  0.01651211   -0.13642607  0.02444466
    2    1
 -0.13642607 -0.02444466   -0.00595856  0.01651211   -0.00595856  0.01651211
 -0.00595856  0.01651211   -0.13642607 -0.02444466    0.00595856 -0.01651211
 -0.00595856  0.01651211    0.00595856 -0.01651211   -0.13642607 -0.02444466
    2    2
  0.14744200 -0.00000000   -0.00166969 -0.00000000   -0.00166969  0.00000000
 -0.00166969  0.00000000    0.14744200 -0.00000000    0.00166969  0.00000000
 -0.00166969  0.00000000    0.00166969  0.00000000    0.14744200 -0.00000000

     Dynamical  Matrix in cartesian axes

     q = (    0.125000000   0.125000000  -0.125000000 ) 

    1    1
  0.14744200  0.00000000    0.00166969  0.00000000   -0.00166969 -0.00000000
  0.00166969  0.00000000    0.14744200  0.00000000   -0.00166969 -0.00000000
 -0.00166969 -0.00000000   -0.00166969 -0.00000000    0.14744200  0.00000000
    1    2
 -0.13642607  0.02444466    0.00595856  0.01651211   -0.00595856 -0.01651211
  0.00595856  0.01651211   -0.13642607  0.02444466   -0.00595856 -0.01651211
 -0.00595856 -0.01651211   -0.00595856 -0.01651211   -0.13642607  0.02444466
    2    1
 -0.13642607 -0.02444466    0.00595856 -0.01651211   -0.00595856  0.01651211
  0.00595856 -0.01651211   -0.13642607 -0.02444466   -0.00595856  0.01651211
 -0.00595856  0.01651211   -0.00595856  0.01651211   -0.13642607 -0.02444466
    2    2
  0.14744200 -0.00000000    0.00166969 -0.00000000   -0.00166969  0.00000000
  0.00166969 -0.00000000    0.14744200  0.00000000   -0.00166969  0.00000000
 -0.00166969  0.00000000   -0.00166969  0.00000000    0.14744200 -0.00000000

     Dynamical  Matrix in cartesian axes

     q = (   -0.125000000  -0.125000000  -0.125000000 ) 

    1    1
  0.14744200  0.00000000    0.00166969  0.00000000    0.00166969  0.00000000
  0.00166969  0.00000000    0.14744200  0.00000000    0.00166969  0.00000000
  0.00166969  0.00000000    0.00166969  0.00000000    0.14744200  0.00000000
    1    2
 -0.11375278 -0.07918281   -0.00746248  0.01588916   -0.00746248  0.01588916
 -0.00746248  0.01588916   -0.11375278 -0.07918281   -0.00746248  0.01588916
 -0.00746248  0.01588916   -0.00746248  0.01588916   -0.11375278 -0.07918281
    2    1
 -0.11375278  0.07918281   -0.00746248 -0.01588916   -0.00746248 -0.01588916
 -0.00746248 -0.01588916   -0.11375278  0.07918281   -0.00746248 -0.01588916
 -0.00746248 -0.01588916   -0.00746248 -0.01588916   -0.11375278  0.07918281
    2    2
  0.14744200  0.00000000    0.00166969 -0.00000000    0.00166969 -0.00000000
  0.00166969 -0.00000000    0.14744200 -0.00000000    0.00166969 -0.00000000
  0.00166969 -0.00000000    0.00166969 -0.00000000    0.14744200 -0.00000000

     Dynamical  Matrix in cartesian axes

     q = (   -0.125000000  -0.125000000   0.125000000 ) 

    1    1
  0.14744200 -0.00000000    0.00166969 -0.00000000   -0.00166969  0.00000000
  0.00166969 -0.00000000    0.14744200  0.00000000   -0.00166969  0.00000000
 -0.00166969  0.00000000   -0.00166969  0.00000000    0.14744200 -0.00000000
    1    2
 -0.13642607 -0.02444466    0.00595856 -0.01651211   -0.00595856  0.01651211
  0.00595856 -0.01651211   -0.13642607 -0.02444466   -0.00595856  0.01651211
 -0.00595856  0.01651211   -0.00595856  0.01651211   -0.13642607 -0.02444466
    2    1
 -0.13642607  0.02444466    0.00595856  0.01651211   -0.00595856 -0.01651211
  0.00595856  0.01651211   -0.13642607  0.02444466   -0.00595856 -0.01651211
 -0.00595856 -0.01651211   -0.00595856 -0.01651211   -0.13642607  0.02444466
    2    2
  0.14744200  0.00000000    0.00166969  0.00000000   -0.00166969 -0.00000000
  0.00166969  0.00000000    0.14744200  0.00000000   -0.00166969 -0.00000000
 -0.00166969 -0.00000000   -0.00166969 -0.00000000    0.14744200  0.00000000

     Dynamical  Matrix in cartesian axes

     q = (    0.125000000   0.125000000   0.125000000 ) 

    1    1
  0.14744200  0.00000000    0.00166969 -0.00000000    0.00166969 -0.00000000
  0.00166969 -0.00000000    0.14744200 -0.00000000    0.00166969 -0.00000000
  0.00166969 -0.00000000    0.00166969 -0.00000000    0.14744200 -0.00000000
    1    2
 -0.11375278  0.07918281   -0.00746248 -0.01588916   -0.00746248 -0.01588916
 -0.00746248 -0.01588916   -0.11375278  0.07918281   -0.00746248 -0.01588916
 -0.00746248 -0.01588916   -0.00746248 -0.01588916   -0.11375278  0.07918281
    2    1
 -0.11375278 -0.07918281   -0.00746248  0.01588916   -0.00746248  0.01588916
 -0.00746248  0.01588916   -0.11375278 -0.07918281   -0.00746248  0.01588916
 -0.00746248  0.01588916   -0.00746248  0.01588916   -0.11375278 -0.07918281
    2    2
  0.14744200  0.00000000    0.00166969  0.00000000    0.00166969  0.00000000
  0.00166969  0.00000000    0.14744200  0.00000000    0.00166969  0.00000000
  0.00166969  0.00000000    0.00166969  0.00000000    0.14744200  0.00000000

     Diagonalizing the dynamical matrix

     q = (   -0.125000000   0.125000000  -0.125000000 ) 

 **************************************************************************
     freq (    1) =       0.562836 [THz] =      18.774203 [cm-1]
 ( -0.140011 -0.013841  0.414329  0.017042  0.554340  0.030883 ) 
 ( -0.140564 -0.006032  0.414635 -0.006032  0.555199  0.000000 ) 
     freq (    2) =       0.562836 [THz] =      18.774203 [cm-1]
 (  0.559856  0.010015  0.401712  0.001205 -0.158143 -0.008810 ) 
 (  0.559546 -0.021143  0.401158 -0.021143 -0.158388  0.000000 ) 
     freq (    3) =       1.168490 [THz] =      38.976621 [cm-1]
 ( -0.370669 -0.171088  0.370669  0.171088 -0.370669 -0.171088 ) 
 ( -0.408248 -0.000000  0.408248  0.000000 -0.408248  0.000000 ) 
     freq (    4) =       5.366574 [THz] =     179.009650 [cm-1]
 (  0.370669  0.171088 -0.370669 -0.171088  0.370669  0.171088 ) 
 ( -0.408248 -0.000000  0.408248  0.000000 -0.408248  0.000000 ) 
     freq (    5) =       5.370902 [THz] =     179.153994 [cm-1]
 ( -0.334610 -0.004621  0.239060  0.027339  0.573669  0.031960 ) 
 (  0.334349 -0.013999 -0.240210 -0.013999 -0.574559  0.000000 ) 
     freq (    6) =       5.370902 [THz] =     179.153994 [cm-1]
 ( -0.455780  0.116676 -0.512395  0.113522 -0.056616 -0.003154 ) 
 (  0.448584 -0.141849  0.505287 -0.141849  0.056704  0.000000 ) 
 **************************************************************************
