Dynamical matrix file
                                                                           
  1    2  2 12.5600000  0.0000000  0.0000000  0.0000000  0.0000000  0.0000000
           1  'Sn  '    108197.54598352207     
    1    1      0.0000000000      0.0000000000      0.0000000000
    2    1      0.2500000000      0.2500000000      0.2500000000

     Dynamical  Matrix in cartesian axes

     q = (    0.750000000  -0.250000000   1.000000000 ) 

    1    1
  0.13338134  0.00000000   -0.00055120  0.00000000    0.00000000  0.00076872
 -0.00055120  0.00000000    0.16249228  0.00000000    0.00000000 -0.00330079
  0.00000000 -0.00076872    0.00000000  0.00330079    0.13694691  0.00000000
    1    2
 -0.03210419  0.03210419   -0.02719073  0.02719073   -0.07036516 -0.07036516
 -0.02719073  0.02719073   -0.03623524  0.03623524    0.01102451  0.01102451
 -0.07036516 -0.07036516    0.01102451  0.01102451   -0.03484121  0.03484121
    2    1
 -0.03210419 -0.03210419   -0.02719073 -0.02719073   -0.07036516  0.07036516
 -0.02719073 -0.02719073   -0.03623524 -0.03623524    0.01102451 -0.01102451
 -0.07036516  0.07036516    0.01102451 -0.01102451   -0.03484121 -0.03484121
    2    2
  0.13338134  0.00000000   -0.00055120  0.00000000    0.00000000 -0.00076872
 -0.00055120  0.00000000    0.16249228  0.00000000    0.00000000  0.00330079
  0.00000000  0.00076872    0.00000000 -0.00330079    0.13694691  0.00000000

     Dynamical  Matrix in cartesian axes

     q = (    0.750000000   0.250000000   1.000000000 ) 

    1    1
  0.13338134  0.00000000    0.00055120  0.00000000   -0.00000000 -0.00076872
  0.00055120  0.00000000    0.16249228  0.00000000    0.00000000 -0.00330079
  0.00000000  0.00076872    0.00000000  0.00330079    0.13694691  0.00000000
    1    2
  0.00000000 -0.04540218    0.00000000  0.03845350   -0.09951136 -0.00000000
  0.00000000  0.03845350    0.00000000 -0.05124437   -0.01559102 -0.00000000
 -0.09951136 -0.00000000   -0.01559102 -0.00000000    0.00000000 -0.04927291
    2    1
  0.00000000  0.04540218    0.00000000 -0.03845350   -0.09951136  0.00000000
  0.00000000 -0.03845350    0.00000000  0.05124437   -0.01559102  0.00000000
 -0.09951136  0.00000000   -0.01559102  0.00000000    0.00000000  0.04927291
    2    2
  0.13338134  0.00000000    0.00055120  0.00000000   -0.00000000  0.00076872
  0.00055120  0.00000000    0.16249228  0.00000000    0.00000000  0.00330079
  0.00000000 -0.00076872    0.00000000 -0.00330079    0.13694691  0.00000000

     Dynamical  Matrix in cartesian axes

     q = (   -0.750000000   0.250000000  -1.000000000 ) 

    1    1
  0.13338134  0.00000000   -0.00055120  0.00000000    0.00000000 -0.00076872
 -0.00055120  0.00000000    0.16249228  0.00000000    0.00000000  0.00330079
  0.00000000  0.00076872    0.00000000 -0.00330079    0.13694691  0.00000000
    1    2
 -0.03210419 -0.03210419   -0.02719073 -0.02719073   -0.07036516  0.07036516
 -0.02719073 -0.02719073   -0.03623524 -0.03623524    0.01102451 -0.01102451
 -0.07036516  0.07036516    0.01102451 -0.01102451   -0.03484121 -0.03484121
    2    1
 -0.03210419  0.03210419   -0.02719073  0.02719073   -0.07036516 -0.07036516
 -0.02719073  0.02719073   -0.03623524  0.03623524    0.01102451  0.01102451
 -0.07036516 -0.07036516    0.01102451  0.01102451   -0.03484121  0.03484121
    2    2
  0.13338134  0.00000000   -0.00055120  0.00000000    0.00000000  0.00076872
 -0.00055120  0.00000000    0.16249228  0.00000000    0.00000000 -0.00330079
  0.00000000 -0.00076872    0.00000000  0.00330079    0.13694691  0.00000000

     Dynamical  Matrix in cartesian axes

     q = (    1.000000000  -0.250000000  -0.750000000 ) 

    1    1
  0.13694691  0.00000000   -0.00000000 -0.00330079    0.00000000 -0.00076872
  0.00000000  0.00330079    0.16249228  0.00000000    0.00055120  0.00000000
  0.00000000  0.00076872    0.00055120  0.00000000    0.13338134  0.00000000
    1    2
 -0.00000000  0.04927291   -0.01559102  0.00000000   -0.09951136 -0.00000000
 -0.01559102  0.00000000    0.00000000  0.05124437    0.00000000 -0.03845350
 -0.09951136 -0.00000000   -0.00000000 -0.03845350   -0.00000000  0.04540218
    2    1
 -0.00000000 -0.04927291   -0.01559102 -0.00000000   -0.09951136  0.00000000
 -0.01559102 -0.00000000    0.00000000 -0.05124437    0.00000000  0.03845350
 -0.09951136  0.00000000   -0.00000000  0.03845350   -0.00000000 -0.04540218
    2    2
  0.13694691  0.00000000   -0.00000000  0.00330079    0.00000000  0.00076872
  0.00000000 -0.00330079    0.16249228  0.00000000    0.00055120  0.00000000
  0.00000000 -0.00076872    0.00055120  0.00000000    0.13338134  0.00000000

     Dynamical  Matrix in cartesian axes

     q = (   -1.000000000  -0.250000000   0.750000000 ) 

    1    1
  0.13694691  0.00000000   -0.00000000  0.00330079    0.00000000 -0.00076872
  0.00000000 -0.00330079    0.16249228  0.00000000   -0.00055120  0.00000000
  0.00000000  0.00076872   -0.00055120  0.00000000    0.13338134  0.00000000
    1    2
 -0.03484121  0.03484121    0.01102451  0.01102451   -0.07036516 -0.07036516
  0.01102451  0.01102451   -0.03623524  0.03623524   -0.02719073  0.02719073
 -0.07036516 -0.07036516   -0.02719073  0.02719073   -0.03210419  0.03210419
    2    1
 -0.03484121 -0.03484121    0.01102451 -0.01102451   -0.07036516  0.07036516
  0.01102451 -0.01102451   -0.03623524 -0.03623524   -0.02719073 -0.02719073
 -0.07036516  0.07036516   -0.02719073 -0.02719073   -0.03210419 -0.03210419
    2    2
  0.13694691  0.00000000   -0.00000000 -0.00330079    0.00000000  0.00076872
  0.00000000  0.00330079    0.16249228  0.00000000   -0.00055120  0.00000000
  0.00000000 -0.00076872   -0.00055120  0.00000000    0.13338134  0.00000000

     Dynamical  Matrix in cartesian axes

     q = (    1.000000000   0.250000000   0.750000000 ) 

    1    1
  0.13694691  0.00000000   -0.00000000  0.00330079    0.00000000  0.00076872
  0.00000000 -0.00330079    0.16249228  0.00000000    0.00055120  0.00000000
  0.00000000 -0.00076872    0.00055120  0.00000000    0.13338134  0.00000000
    1    2
  0.00000000 -0.04927291   -0.01559102  0.00000000   -0.09951136 -0.00000000
 -0.01559102  0.00000000    0.00000000 -0.05124437   -0.00000000  0.03845350
 -0.09951136 -0.00000000   -0.00000000  0.03845350    0.00000000 -0.04540218
    2    1
  0.00000000  0.04927291   -0.01559102  0.00000000   -0.09951136  0.00000000
 -0.01559102  0.00000000    0.00000000  0.05124437   -0.00000000 -0.03845350
 -0.09951136  0.00000000   -0.00000000 -0.03845350    0.00000000  0.04540218
    2    2
  0.13694691  0.00000000   -0.00000000 -0.00330079    0.00000000 -0.00076872
  0.00000000  0.00330079    0.16249228  0.00000000    0.00055120  0.00000000
  0.00000000  0.00076872    0.00055120  0.00000000    0.13338134  0.00000000

     Dynamical  Matrix in cartesian axes

     q = (    1.000000000   0.250000000  -0.750000000 ) 

    1    1
  0.13694691  0.00000000   -0.00000000 -0.00330079    0.00000000  0.00076872
  0.00000000  0.00330079    0.16249228  0.00000000   -0.00055120  0.00000000
  0.00000000 -0.00076872   -0.00055120  0.00000000    0.13338134  0.00000000
    1    2
 -0.03484121 -0.03484121    0.01102451 -0.01102451   -0.07036516  0.07036516
  0.01102451 -0.01102451   -0.03623524 -0.03623524   -0.02719073 -0.02719073
 -0.07036516  0.07036516   -0.02719073 -0.02719073   -0.03210419 -0.03210419
    2    1
 -0.03484121  0.03484121    0.01102451  0.01102451   -0.07036516 -0.07036516
  0.01102451  0.01102451   -0.03623524  0.03623524   -0.02719073  0.02719073
 -0.07036516 -0.07036516   -0.02719073  0.02719073   -0.03210419  0.03210419
    2    2
  0.13694691  0.00000000   -0.00000000  0.00330079    0.00000000 -0.00076872
  0.00000000 -0.00330079    0.16249228  0.00000000   -0.00055120  0.00000000
  0.00000000  0.00076872   -0.00055120  0.00000000    0.13338134  0.00000000

     Dynamical  Matrix in cartesian axes

     q = (   -0.750000000  -0.250000000  -1.000000000 ) 

    1    1
  0.13338134  0.00000000    0.00055120  0.00000000   -0.00000000  0.00076872
  0.00055120  0.00000000    0.16249228  0.00000000    0.00000000  0.00330079
  0.00000000 -0.00076872    0.00000000 -0.00330079    0.13694691  0.00000000
    1    2
  0.00000000  0.04540218    0.00000000 -0.03845350   -0.09951136  0.00000000
  0.00000000 -0.03845350    0.00000000  0.05124437   -0.01559102  0.00000000
 -0.09951136  0.00000000   -0.01559102  0.00000000    0.00000000  0.04927291
    2    1
  0.00000000 -0.04540218    0.00000000  0.03845350   -0.09951136 -0.00000000
  0.00000000  0.03845350    0.00000000 -0.05124437   -0.01559102 -0.00000000
 -0.09951136 -0.00000000   -0.01559102 -0.00000000    0.00000000 -0.04927291
    2    2
  0.13338134  0.00000000    0.00055120  0.00000000   -0.00000000 -0.00076872
  0.00055120  0.00000000    0.16249228  0.00000000    0.00000000 -0.00330079
  0.00000000  0.00076872    0.00000000  0.00330079    0.13694691  0.00000000

     Dynamical  Matrix in cartesian axes

     q = (   -0.250000000   1.000000000   0.750000000 ) 

    1    1
  0.16249228  0.00000000    0.00000000 -0.00330079   -0.00055120  0.00000000
 -0.00000000  0.00330079    0.13694691  0.00000000   -0.00000000 -0.00076872
 -0.00055120  0.00000000    0.00000000  0.00076872    0.13338134  0.00000000
    1    2
 -0.03623524  0.03623524    0.01102451  0.01102451   -0.02719073  0.02719073
  0.01102451  0.01102451   -0.03484121  0.03484121   -0.07036516 -0.07036516
 -0.02719073  0.02719073   -0.07036516 -0.07036516   -0.03210419  0.03210419
    2    1
 -0.03623524 -0.03623524    0.01102451 -0.01102451   -0.02719073 -0.02719073
  0.01102451 -0.01102451   -0.03484121 -0.03484121   -0.07036516  0.07036516
 -0.02719073 -0.02719073   -0.07036516  0.07036516   -0.03210419 -0.03210419
    2    2
  0.16249228  0.00000000    0.00000000  0.00330079   -0.00055120  0.00000000
 -0.00000000 -0.00330079    0.13694691  0.00000000   -0.00000000  0.00076872
 -0.00055120  0.00000000    0.00000000 -0.00076872    0.13338134  0.00000000

     Dynamical  Matrix in cartesian axes

     q = (    0.250000000   1.000000000  -0.750000000 ) 

    1    1
  0.16249228  0.00000000    0.00000000  0.00330079   -0.00055120  0.00000000
 -0.00000000 -0.00330079    0.13694691  0.00000000   -0.00000000  0.00076872
 -0.00055120  0.00000000    0.00000000 -0.00076872    0.13338134  0.00000000
    1    2
 -0.03623524 -0.03623524    0.01102451 -0.01102451   -0.02719073 -0.02719073
  0.01102451 -0.01102451   -0.03484121 -0.03484121   -0.07036516  0.07036516
 -0.02719073 -0.02719073   -0.07036516  0.07036516   -0.03210419 -0.03210419
    2    1
 -0.03623524  0.03623524    0.01102451  0.01102451   -0.02719073  0.02719073
  0.01102451  0.01102451   -0.03484121  0.03484121   -0.07036516 -0.07036516
 -0.02719073  0.02719073   -0.07036516 -0.07036516   -0.03210419  0.03210419
    2    2
  0.16249228  0.00000000    0.00000000 -0.00330079   -0.00055120  0.00000000
 -0.00000000  0.00330079    0.13694691  0.00000000   -0.00000000 -0.00076872
 -0.00055120  0.00000000    0.00000000  0.00076872    0.13338134  0.00000000

     Dynamical  Matrix in cartesian axes

     q = (   -0.250000000  -1.000000000  -0.750000000 ) 

    1    1
  0.16249228  0.00000000   -0.00000000  0.00330079    0.00055120  0.00000000
 -0.00000000 -0.00330079    0.13694691  0.00000000   -0.00000000 -0.00076872
  0.00055120  0.00000000    0.00000000  0.00076872    0.13338134  0.00000000
    1    2
  0.00000000  0.05124437   -0.01559102  0.00000000    0.00000000 -0.03845350
 -0.01559102  0.00000000    0.00000000  0.04927291   -0.09951136  0.00000000
 -0.00000000 -0.03845350   -0.09951136  0.00000000    0.00000000  0.04540218
    2    1
  0.00000000 -0.05124437   -0.01559102 -0.00000000    0.00000000  0.03845350
 -0.01559102 -0.00000000    0.00000000 -0.04927291   -0.09951136 -0.00000000
 -0.00000000  0.03845350   -0.09951136 -0.00000000    0.00000000 -0.04540218
    2    2
  0.16249228  0.00000000   -0.00000000 -0.00330079    0.00055120  0.00000000
 -0.00000000  0.00330079    0.13694691  0.00000000   -0.00000000  0.00076872
  0.00055120  0.00000000    0.00000000 -0.00076872    0.13338134  0.00000000

     Dynamical  Matrix in cartesian axes

     q = (   -0.250000000   0.750000000  -1.000000000 ) 

    1    1
  0.16249228  0.00000000   -0.00055120  0.00000000    0.00000000 -0.00330079
 -0.00055120  0.00000000    0.13338134  0.00000000    0.00000000  0.00076872
 -0.00000000  0.00330079   -0.00000000 -0.00076872    0.13694691  0.00000000
    1    2
 -0.03623524  0.03623524   -0.02719073  0.02719073    0.01102451  0.01102451
 -0.02719073  0.02719073   -0.03210419  0.03210419   -0.07036516 -0.07036516
  0.01102451  0.01102451   -0.07036516 -0.07036516   -0.03484121  0.03484121
    2    1
 -0.03623524 -0.03623524   -0.02719073 -0.02719073    0.01102451 -0.01102451
 -0.02719073 -0.02719073   -0.03210419 -0.03210419   -0.07036516  0.07036516
  0.01102451 -0.01102451   -0.07036516  0.07036516   -0.03484121 -0.03484121
    2    2
  0.16249228  0.00000000   -0.00055120  0.00000000    0.00000000  0.00330079
 -0.00055120  0.00000000    0.13338134  0.00000000    0.00000000 -0.00076872
 -0.00000000 -0.00330079   -0.00000000  0.00076872    0.13694691  0.00000000

     Dynamical  Matrix in cartesian axes

     q = (    1.000000000   0.750000000  -0.250000000 ) 

    1    1
  0.13694691  0.00000000    0.00000000 -0.00076872   -0.00000000  0.00330079
  0.00000000  0.00076872    0.13338134  0.00000000   -0.00055120  0.00000000
  0.00000000 -0.00330079   -0.00055120  0.00000000    0.16249228  0.00000000
    1    2
 -0.03484121  0.03484121   -0.07036516 -0.07036516    0.01102451  0.01102451
 -0.07036516 -0.07036516   -0.03210419  0.03210419   -0.02719073  0.02719073
  0.01102451  0.01102451   -0.02719073  0.02719073   -0.03623524  0.03623524
    2    1
 -0.03484121 -0.03484121   -0.07036516  0.07036516    0.01102451 -0.01102451
 -0.07036516  0.07036516   -0.03210419 -0.03210419   -0.02719073 -0.02719073
  0.01102451 -0.01102451   -0.02719073 -0.02719073   -0.03623524 -0.03623524
    2    2
  0.13694691  0.00000000    0.00000000  0.00076872   -0.00000000 -0.00330079
  0.00000000 -0.00076872    0.13338134  0.00000000   -0.00055120  0.00000000
  0.00000000  0.00330079   -0.00055120  0.00000000    0.16249228  0.00000000

     Dynamical  Matrix in cartesian axes

     q = (    1.000000000  -0.750000000   0.250000000 ) 

    1    1
  0.13694691  0.00000000    0.00000000  0.00076872   -0.00000000 -0.00330079
  0.00000000 -0.00076872    0.13338134  0.00000000   -0.00055120  0.00000000
  0.00000000  0.00330079   -0.00055120  0.00000000    0.16249228  0.00000000
    1    2
 -0.03484121 -0.03484121   -0.07036516  0.07036516    0.01102451 -0.01102451
 -0.07036516  0.07036516   -0.03210419 -0.03210419   -0.02719073 -0.02719073
  0.01102451 -0.01102451   -0.02719073 -0.02719073   -0.03623524 -0.03623524
    2    1
 -0.03484121  0.03484121   -0.07036516 -0.07036516    0.01102451  0.01102451
 -0.07036516 -0.07036516   -0.03210419  0.03210419   -0.02719073  0.02719073
  0.01102451  0.01102451   -0.02719073  0.02719073   -0.03623524  0.03623524
    2    2
  0.13694691  0.00000000    0.00000000 -0.00076872   -0.00000000  0.00330079
  0.00000000  0.00076872    0.13338134  0.00000000   -0.00055120  0.00000000
  0.00000000 -0.00330079   -0.00055120  0.00000000    0.16249228  0.00000000

     Dynamical  Matrix in cartesian axes

     q = (   -1.000000000  -0.750000000  -0.250000000 ) 

    1    1
  0.13694691  0.00000000    0.00000000 -0.00076872   -0.00000000 -0.00330079
  0.00000000  0.00076872    0.13338134  0.00000000    0.00055120  0.00000000
  0.00000000  0.00330079    0.00055120  0.00000000    0.16249228  0.00000000
    1    2
  0.00000000  0.04927291   -0.09951136  0.00000000   -0.01559102  0.00000000
 -0.09951136  0.00000000    0.00000000  0.04540218   -0.00000000 -0.03845350
 -0.01559102 -0.00000000   -0.00000000 -0.03845350    0.00000000  0.05124437
    2    1
  0.00000000 -0.04927291   -0.09951136 -0.00000000   -0.01559102 -0.00000000
 -0.09951136 -0.00000000    0.00000000 -0.04540218   -0.00000000  0.03845350
 -0.01559102  0.00000000   -0.00000000  0.03845350    0.00000000 -0.05124437
    2    2
  0.13694691  0.00000000    0.00000000  0.00076872   -0.00000000  0.00330079
  0.00000000 -0.00076872    0.13338134  0.00000000    0.00055120  0.00000000
  0.00000000 -0.00330079    0.00055120  0.00000000    0.16249228  0.00000000

     Dynamical  Matrix in cartesian axes

     q = (   -1.000000000   0.750000000   0.250000000 ) 

    1    1
  0.13694691  0.00000000    0.00000000  0.00076872   -0.00000000  0.00330079
  0.00000000 -0.00076872    0.13338134  0.00000000    0.00055120  0.00000000
  0.00000000 -0.00330079    0.00055120  0.00000000    0.16249228  0.00000000
    1    2
 -0.00000000 -0.04927291   -0.09951136  0.00000000   -0.01559102  0.00000000
 -0.09951136  0.00000000   -0.00000000 -0.04540218    0.00000000  0.03845350
 -0.01559102  0.00000000    0.00000000  0.03845350   -0.00000000 -0.05124437
    2    1
 -0.00000000  0.04927291   -0.09951136 -0.00000000   -0.01559102  0.00000000
 -0.09951136 -0.00000000   -0.00000000  0.04540218    0.00000000 -0.03845350
 -0.01559102  0.00000000    0.00000000 -0.03845350   -0.00000000  0.05124437
    2    2
  0.13694691  0.00000000    0.00000000 -0.00076872   -0.00000000 -0.00330079
  0.00000000  0.00076872    0.13338134  0.00000000    0.00055120  0.00000000
  0.00000000  0.00330079    0.00055120  0.00000000    0.16249228  0.00000000

     Dynamical  Matrix in cartesian axes

     q = (    0.250000000  -0.750000000   1.000000000 ) 

    1    1
  0.16249228  0.00000000   -0.00055120  0.00000000    0.00000000  0.00330079
 -0.00055120  0.00000000    0.13338134  0.00000000    0.00000000 -0.00076872
 -0.00000000 -0.00330079   -0.00000000  0.00076872    0.13694691  0.00000000
    1    2
 -0.03623524 -0.03623524   -0.02719073 -0.02719073    0.01102451 -0.01102451
 -0.02719073 -0.02719073   -0.03210419 -0.03210419   -0.07036516  0.07036516
  0.01102451 -0.01102451   -0.07036516  0.07036516   -0.03484121 -0.03484121
    2    1
 -0.03623524  0.03623524   -0.02719073  0.02719073    0.01102451  0.01102451
 -0.02719073  0.02719073   -0.03210419  0.03210419   -0.07036516 -0.07036516
  0.01102451  0.01102451   -0.07036516 -0.07036516   -0.03484121  0.03484121
    2    2
  0.16249228  0.00000000   -0.00055120  0.00000000    0.00000000 -0.00330079
 -0.00055120  0.00000000    0.13338134  0.00000000    0.00000000  0.00076872
 -0.00000000  0.00330079   -0.00000000 -0.00076872    0.13694691  0.00000000

     Dynamical  Matrix in cartesian axes

     q = (    0.250000000  -1.000000000   0.750000000 ) 

    1    1
  0.16249228  0.00000000   -0.00000000 -0.00330079    0.00055120  0.00000000
 -0.00000000  0.00330079    0.13694691  0.00000000   -0.00000000  0.00076872
  0.00055120  0.00000000    0.00000000 -0.00076872    0.13338134  0.00000000
    1    2
 -0.00000000 -0.05124437   -0.01559102 -0.00000000   -0.00000000  0.03845350
 -0.01559102  0.00000000   -0.00000000 -0.04927291   -0.09951136  0.00000000
 -0.00000000  0.03845350   -0.09951136  0.00000000   -0.00000000 -0.04540218
    2    1
 -0.00000000  0.05124437   -0.01559102  0.00000000   -0.00000000 -0.03845350
 -0.01559102 -0.00000000   -0.00000000  0.04927291   -0.09951136 -0.00000000
 -0.00000000 -0.03845350   -0.09951136 -0.00000000   -0.00000000  0.04540218
    2    2
  0.16249228  0.00000000   -0.00000000  0.00330079    0.00055120  0.00000000
 -0.00000000 -0.00330079    0.13694691  0.00000000   -0.00000000 -0.00076872
  0.00055120  0.00000000    0.00000000  0.00076872    0.13338134  0.00000000

     Dynamical  Matrix in cartesian axes

     q = (    0.250000000   0.750000000   1.000000000 ) 

    1    1
  0.16249228  0.00000000    0.00055120  0.00000000   -0.00000000 -0.00330079
  0.00055120  0.00000000    0.13338134  0.00000000    0.00000000 -0.00076872
 -0.00000000  0.00330079   -0.00000000  0.00076872    0.13694691  0.00000000
    1    2
  0.00000000 -0.05124437   -0.00000000  0.03845350   -0.01559102 -0.00000000
 -0.00000000  0.03845350    0.00000000 -0.04540218   -0.09951136 -0.00000000
 -0.01559102  0.00000000   -0.09951136 -0.00000000    0.00000000 -0.04927291
    2    1
  0.00000000  0.05124437   -0.00000000 -0.03845350   -0.01559102  0.00000000
 -0.00000000 -0.03845350    0.00000000  0.04540218   -0.09951136  0.00000000
 -0.01559102 -0.00000000   -0.09951136  0.00000000    0.00000000  0.04927291
    2    2
  0.16249228  0.00000000    0.00055120  0.00000000   -0.00000000  0.00330079
  0.00055120  0.00000000    0.13338134  0.00000000    0.00000000  0.00076872
 -0.00000000 -0.00330079   -0.00000000 -0.00076872    0.13694691  0.00000000

     Dynamical  Matrix in cartesian axes

     q = (   -0.250000000  -0.750000000  -1.000000000 ) 

    1    1
  0.16249228  0.00000000    0.00055120  0.00000000   -0.00000000  0.00330079
  0.00055120  0.00000000    0.13338134  0.00000000    0.00000000  0.00076872
 -0.00000000 -0.00330079   -0.00000000 -0.00076872    0.13694691  0.00000000
    1    2
  0.00000000  0.05124437   -0.00000000 -0.03845350   -0.01559102  0.00000000
 -0.00000000 -0.03845350    0.00000000  0.04540218   -0.09951136  0.00000000
 -0.01559102 -0.00000000   -0.09951136  0.00000000    0.00000000  0.04927291
    2    1
  0.00000000 -0.05124437   -0.00000000  0.03845350   -0.01559102 -0.00000000
 -0.00000000  0.03845350    0.00000000 -0.04540218   -0.09951136 -0.00000000
 -0.01559102  0.00000000   -0.09951136 -0.00000000    0.00000000 -0.04927291
    2    2
  0.16249228  0.00000000    0.00055120  0.00000000   -0.00000000 -0.00330079
  0.00055120  0.00000000    0.13338134  0.00000000    0.00000000 -0.00076872
 -0.00000000  0.00330079   -0.00000000  0.00076872    0.13694691  0.00000000

     Dynamical  Matrix in cartesian axes

     q = (    0.750000000  -1.000000000   0.250000000 ) 

    1    1
  0.13338134  0.00000000    0.00000000 -0.00076872    0.00055120  0.00000000
  0.00000000  0.00076872    0.13694691  0.00000000    0.00000000  0.00330079
  0.00055120  0.00000000    0.00000000 -0.00330079    0.16249228  0.00000000
    1    2
 -0.00000000 -0.04540218   -0.09951136  0.00000000    0.00000000  0.03845350
 -0.09951136  0.00000000   -0.00000000 -0.04927291   -0.01559102 -0.00000000
  0.00000000  0.03845350   -0.01559102 -0.00000000   -0.00000000 -0.05124437
    2    1
 -0.00000000  0.04540218   -0.09951136 -0.00000000    0.00000000 -0.03845350
 -0.09951136 -0.00000000   -0.00000000  0.04927291   -0.01559102  0.00000000
  0.00000000 -0.03845350   -0.01559102  0.00000000   -0.00000000  0.05124437
    2    2
  0.13338134  0.00000000    0.00000000  0.00076872    0.00055120  0.00000000
  0.00000000 -0.00076872    0.13694691  0.00000000    0.00000000 -0.00330079
  0.00055120  0.00000000    0.00000000  0.00330079    0.16249228  0.00000000

     Dynamical  Matrix in cartesian axes

     q = (   -0.750000000  -1.000000000   0.250000000 ) 

    1    1
  0.13338134  0.00000000    0.00000000 -0.00076872   -0.00055120  0.00000000
  0.00000000  0.00076872    0.13694691  0.00000000    0.00000000 -0.00330079
 -0.00055120  0.00000000    0.00000000  0.00330079    0.16249228  0.00000000
    1    2
 -0.03210419 -0.03210419   -0.07036516  0.07036516   -0.02719073 -0.02719073
 -0.07036516  0.07036516   -0.03484121 -0.03484121    0.01102451 -0.01102451
 -0.02719073 -0.02719073    0.01102451 -0.01102451   -0.03623524 -0.03623524
    2    1
 -0.03210419  0.03210419   -0.07036516 -0.07036516   -0.02719073  0.02719073
 -0.07036516 -0.07036516   -0.03484121  0.03484121    0.01102451  0.01102451
 -0.02719073  0.02719073    0.01102451  0.01102451   -0.03623524  0.03623524
    2    2
  0.13338134  0.00000000    0.00000000  0.00076872   -0.00055120  0.00000000
  0.00000000 -0.00076872    0.13694691  0.00000000    0.00000000  0.00330079
 -0.00055120  0.00000000    0.00000000 -0.00330079    0.16249228  0.00000000

     Dynamical  Matrix in cartesian axes

     q = (    0.750000000   1.000000000  -0.250000000 ) 

    1    1
  0.13338134  0.00000000    0.00000000  0.00076872   -0.00055120  0.00000000
  0.00000000 -0.00076872    0.13694691  0.00000000    0.00000000  0.00330079
 -0.00055120  0.00000000    0.00000000 -0.00330079    0.16249228  0.00000000
    1    2
 -0.03210419  0.03210419   -0.07036516 -0.07036516   -0.02719073  0.02719073
 -0.07036516 -0.07036516   -0.03484121  0.03484121    0.01102451  0.01102451
 -0.02719073  0.02719073    0.01102451  0.01102451   -0.03623524  0.03623524
    2    1
 -0.03210419 -0.03210419   -0.07036516  0.07036516   -0.02719073 -0.02719073
 -0.07036516  0.07036516   -0.03484121 -0.03484121    0.01102451 -0.01102451
 -0.02719073 -0.02719073    0.01102451 -0.01102451   -0.03623524 -0.03623524
    2    2
  0.13338134  0.00000000    0.00000000 -0.00076872   -0.00055120  0.00000000
  0.00000000  0.00076872    0.13694691  0.00000000    0.00000000 -0.00330079
 -0.00055120  0.00000000    0.00000000  0.00330079    0.16249228  0.00000000

     Dynamical  Matrix in cartesian axes

     q = (   -0.750000000  -1.000000000  -0.250000000 ) 

    1    1
  0.13338134  0.00000000    0.00000000  0.00076872    0.00055120  0.00000000
  0.00000000 -0.00076872    0.13694691  0.00000000    0.00000000 -0.00330079
  0.00055120  0.00000000    0.00000000  0.00330079    0.16249228  0.00000000
    1    2
  0.00000000  0.04540218   -0.09951136  0.00000000    0.00000000 -0.03845350
 -0.09951136  0.00000000    0.00000000  0.04927291   -0.01559102  0.00000000
  0.00000000 -0.03845350   -0.01559102  0.00000000    0.00000000  0.05124437
    2    1
  0.00000000 -0.04540218   -0.09951136 -0.00000000    0.00000000  0.03845350
 -0.09951136 -0.00000000    0.00000000 -0.04927291   -0.01559102 -0.00000000
  0.00000000  0.03845350   -0.01559102 -0.00000000    0.00000000 -0.05124437
    2    2
  0.13338134  0.00000000    0.00000000 -0.00076872    0.00055120  0.00000000
  0.00000000  0.00076872    0.13694691  0.00000000    0.00000000  0.00330079
  0.00055120  0.00000000    0.00000000 -0.00330079    0.16249228  0.00000000

     Diagonalizing the dynamical matrix

     q = (    0.750000000  -0.250000000   1.000000000 ) 

 **************************************************************************
     freq (    1) =       1.387376 [THz] =      46.277875 [cm-1]
 ( -0.420363 -0.420363 -0.129377 -0.129377  0.237816 -0.237816 ) 
 ( -0.000000 -0.594484 -0.000000 -0.182966 -0.336322  0.000000 ) 
     freq (    2) =       1.397780 [THz] =      46.624923 [cm-1]
 ( -0.273652 -0.273652  0.079409  0.079409 -0.410863  0.410863 ) 
 (  0.000000  0.387002  0.000000 -0.112302 -0.581049  0.000000 ) 
     freq (    3) =       3.288912 [THz] =     109.706292 [cm-1]
 ( -0.046230 -0.046230  0.467065  0.467065  0.172376 -0.172376 ) 
 (  0.000000 -0.065380 -0.000000  0.660529 -0.243776  0.000000 ) 
     freq (    4) =       4.503330 [THz] =     150.214933 [cm-1]
 (  0.187158  0.187158 -0.415854 -0.415854 -0.205029  0.205029 ) 
 (  0.000000 -0.264682 -0.000000  0.588107 -0.289955  0.000000 ) 
     freq (    5) =       5.079401 [THz] =     169.430574 [cm-1]
 (  0.374281  0.374281  0.266006  0.266006 -0.197875  0.197875 ) 
 ( -0.000000 -0.529313 -0.000000 -0.376189 -0.279837  0.000000 ) 
     freq (    6) =       5.080818 [THz] =     169.477847 [cm-1]
 (  0.266753  0.266753 -0.122932 -0.122932  0.404636 -0.404636 ) 
 (  0.000000  0.377246  0.000000 -0.173852 -0.572242  0.000000 ) 
 **************************************************************************
