Dynamical matrix file
                                                                           
  1    2  2 12.5600000  0.0000000  0.0000000  0.0000000  0.0000000  0.0000000
           1  'Sn  '    108197.54598352207     
    1    1      0.0000000000      0.0000000000      0.0000000000
    2    1      0.2500000000      0.2500000000      0.2500000000

     Dynamical  Matrix in cartesian axes

     q = (    0.000000000   0.250000000   0.000000000 ) 

    1    1
  0.14192019  0.00000000   -0.00000000  0.00000000   -0.00000000  0.00000000
 -0.00000000  0.00000000    0.15249714  0.00000000    0.00000000  0.00000000
 -0.00000000  0.00000000   -0.00000000  0.00000000    0.14192019  0.00000000
    1    2
 -0.12108606  0.05015549    0.00000000  0.00000000   -0.01443895 -0.03485871
  0.00000000 -0.00000000   -0.12732420  0.05273941    0.00000000  0.00000000
 -0.01443895 -0.03485871   -0.00000000  0.00000000   -0.12108606  0.05015549
    2    1
 -0.12108606 -0.05015549   -0.00000000  0.00000000   -0.01443895  0.03485871
  0.00000000 -0.00000000   -0.12732420 -0.05273941    0.00000000 -0.00000000
 -0.01443895  0.03485871    0.00000000 -0.00000000   -0.12108606 -0.05015549
    2    2
  0.14192019  0.00000000   -0.00000000  0.00000000   -0.00000000  0.00000000
 -0.00000000  0.00000000    0.15249714  0.00000000    0.00000000  0.00000000
 -0.00000000  0.00000000   -0.00000000  0.00000000    0.14192019  0.00000000

     Dynamical  Matrix in cartesian axes

     q = (    0.000000000  -0.250000000   0.000000000 ) 

    1    1
  0.14192019  0.00000000   -0.00000000  0.00000000   -0.00000000  0.00000000
 -0.00000000  0.00000000    0.15249714  0.00000000    0.00000000  0.00000000
 -0.00000000  0.00000000   -0.00000000  0.00000000    0.14192019  0.00000000
    1    2
 -0.12108606 -0.05015549   -0.00000000 -0.00000000   -0.01443895  0.03485871
  0.00000000 -0.00000000   -0.12732420 -0.05273941   -0.00000000 -0.00000000
 -0.01443895  0.03485871    0.00000000  0.00000000   -0.12108606 -0.05015549
    2    1
 -0.12108606  0.05015549    0.00000000  0.00000000   -0.01443895 -0.03485871
  0.00000000 -0.00000000   -0.12732420  0.05273941    0.00000000 -0.00000000
 -0.01443895 -0.03485871   -0.00000000  0.00000000   -0.12108606  0.05015549
    2    2
  0.14192019  0.00000000   -0.00000000  0.00000000   -0.00000000  0.00000000
 -0.00000000  0.00000000    0.15249714  0.00000000    0.00000000  0.00000000
 -0.00000000  0.00000000   -0.00000000  0.00000000    0.14192019  0.00000000

     Dynamical  Matrix in cartesian axes

     q = (    0.250000000   0.000000000   0.000000000 ) 

    1    1
  0.15249714  0.00000000   -0.00000000  0.00000000    0.00000000  0.00000000
 -0.00000000  0.00000000    0.14192019  0.00000000    0.00000000  0.00000000
  0.00000000  0.00000000    0.00000000  0.00000000    0.14192019  0.00000000
    1    2
 -0.12732420  0.05273941    0.00000000 -0.00000000   -0.00000000  0.00000000
  0.00000000 -0.00000000   -0.12108606  0.05015549   -0.01443895 -0.03485871
  0.00000000  0.00000000   -0.01443895 -0.03485871   -0.12108606  0.05015549
    2    1
 -0.12732420 -0.05273941    0.00000000 -0.00000000    0.00000000  0.00000000
  0.00000000 -0.00000000   -0.12108606 -0.05015549   -0.01443895  0.03485871
  0.00000000  0.00000000   -0.01443895  0.03485871   -0.12108606 -0.05015549
    2    2
  0.15249714  0.00000000   -0.00000000  0.00000000    0.00000000  0.00000000
 -0.00000000  0.00000000    0.14192019  0.00000000    0.00000000  0.00000000
  0.00000000  0.00000000    0.00000000  0.00000000    0.14192019  0.00000000

     Dynamical  Matrix in cartesian axes

     q = (    0.000000000   0.000000000   0.250000000 ) 

    1    1
  0.14192019  0.00000000   -0.00000000  0.00000000    0.00000000  0.00000000
 -0.00000000  0.00000000    0.14192019  0.00000000    0.00000000  0.00000000
  0.00000000  0.00000000   -0.00000000  0.00000000    0.15249714  0.00000000
    1    2
 -0.12108606  0.05015549   -0.01443895 -0.03485871    0.00000000 -0.00000000
 -0.01443895 -0.03485871   -0.12108606  0.05015549    0.00000000  0.00000000
  0.00000000 -0.00000000    0.00000000  0.00000000   -0.12732420  0.05273941
    2    1
 -0.12108606 -0.05015549   -0.01443895  0.03485871   -0.00000000 -0.00000000
 -0.01443895  0.03485871   -0.12108606 -0.05015549   -0.00000000  0.00000000
  0.00000000 -0.00000000    0.00000000  0.00000000   -0.12732420 -0.05273941
    2    2
  0.14192019  0.00000000   -0.00000000  0.00000000    0.00000000  0.00000000
 -0.00000000  0.00000000    0.14192019  0.00000000    0.00000000  0.00000000
  0.00000000  0.00000000   -0.00000000  0.00000000    0.15249714  0.00000000

     Dynamical  Matrix in cartesian axes

     q = (    0.000000000   0.000000000  -0.250000000 ) 

    1    1
  0.14192019  0.00000000   -0.00000000  0.00000000    0.00000000  0.00000000
 -0.00000000  0.00000000    0.14192019  0.00000000    0.00000000  0.00000000
  0.00000000  0.00000000   -0.00000000  0.00000000    0.15249714  0.00000000
    1    2
 -0.12108606 -0.05015549   -0.01443895  0.03485871    0.00000000 -0.00000000
 -0.01443895  0.03485871   -0.12108606 -0.05015549    0.00000000  0.00000000
  0.00000000 -0.00000000   -0.00000000  0.00000000   -0.12732420 -0.05273941
    2    1
 -0.12108606  0.05015549   -0.01443895 -0.03485871    0.00000000  0.00000000
 -0.01443895 -0.03485871   -0.12108606  0.05015549    0.00000000  0.00000000
  0.00000000  0.00000000    0.00000000 -0.00000000   -0.12732420  0.05273941
    2    2
  0.14192019  0.00000000   -0.00000000  0.00000000    0.00000000  0.00000000
 -0.00000000  0.00000000    0.14192019  0.00000000    0.00000000  0.00000000
  0.00000000  0.00000000   -0.00000000  0.00000000    0.15249714  0.00000000

     Dynamical  Matrix in cartesian axes

     q = (   -0.250000000   0.000000000   0.000000000 ) 

    1    1
  0.15249714  0.00000000   -0.00000000  0.00000000    0.00000000  0.00000000
 -0.00000000  0.00000000    0.14192019  0.00000000    0.00000000  0.00000000
  0.00000000  0.00000000    0.00000000  0.00000000    0.14192019  0.00000000
    1    2
 -0.12732420 -0.05273941   -0.00000000 -0.00000000    0.00000000  0.00000000
  0.00000000 -0.00000000   -0.12108606 -0.05015549   -0.01443895  0.03485871
  0.00000000 -0.00000000   -0.01443895  0.03485871   -0.12108606 -0.05015549
    2    1
 -0.12732420  0.05273941    0.00000000  0.00000000    0.00000000  0.00000000
  0.00000000  0.00000000   -0.12108606  0.05015549   -0.01443895 -0.03485871
  0.00000000  0.00000000   -0.01443895 -0.03485871   -0.12108606  0.05015549
    2    2
  0.15249714  0.00000000   -0.00000000  0.00000000    0.00000000  0.00000000
 -0.00000000  0.00000000    0.14192019  0.00000000    0.00000000  0.00000000
  0.00000000  0.00000000    0.00000000  0.00000000    0.14192019  0.00000000

     Diagonalizing the dynamical matrix

     q = (    0.000000000   0.250000000   0.000000000 ) 

 **************************************************************************
     freq (    1) =       0.744065 [THz] =      24.819324 [cm-1]
 ( -0.257906  0.053769  0.000000  0.000000 -0.630842  0.180644 ) 
 ( -0.269363  0.133254  0.000000 -0.000000 -0.640068  0.000000 ) 
     freq (    2) =       0.744065 [THz] =      24.819324 [cm-1]
 (  0.373161 -0.539763  0.000000 -0.000000 -0.133533  0.227102 ) 
 (  0.573705 -0.283812  0.000000  0.000000 -0.300522  0.000000 ) 
     freq (    3) =       1.211895 [THz] =      40.424478 [cm-1]
 (  0.000000 -0.000000 -0.705591  0.046280 -0.000000  0.000000 ) 
 (  0.000000 -0.000000 -0.669591 -0.227261 -0.000000  0.000000 ) 
     freq (    4) =       5.276275 [THz] =     175.997586 [cm-1]
 ( -0.074860 -0.180729  0.000000  0.000000 -0.627785  0.260037 ) 
 (  0.000000 -0.000000 -0.000000 -0.000000  0.707107  0.000000 ) 
     freq (    5) =       5.276275 [THz] =     175.997586 [cm-1]
 ( -0.443137  0.515133  0.000000  0.000000 -0.148298 -0.127572 ) 
 (  0.631172 -0.318781 -0.000000 -0.000000 -0.000000  0.000000 ) 
     freq (    6) =       5.388883 [THz] =     179.753773 [cm-1]
 (  0.000000 -0.000000  0.579277  0.405509  0.000000  0.000000 ) 
 ( -0.000000  0.000000 -0.380001 -0.596321 -0.000000  0.000000 ) 
 **************************************************************************
