Dynamical matrix file
                                                                           
  1    2  2 12.5600000  0.0000000  0.0000000  0.0000000  0.0000000  0.0000000
           1  'Sn  '    108197.54598352207     
    1    1      0.0000000000      0.0000000000      0.0000000000
    2    1      0.2500000000      0.2500000000      0.2500000000

     Dynamical  Matrix in cartesian axes

     q = (   -0.250000000   0.500000000   0.000000000 ) 

    1    1
  0.14063144  0.00000000   -0.00218555  0.00000000    0.00000000  0.00081928
 -0.00218555  0.00000000    0.15262530  0.00000000    0.00000000 -0.00162635
 -0.00000000 -0.00081928   -0.00000000  0.00162635    0.14439095  0.00000000
    1    2
 -0.08308039  0.03441302   -0.02773261  0.01148723   -0.02801831 -0.06764217
 -0.02773261  0.01148723   -0.08592211  0.03559010    0.01121851  0.02708388
 -0.02801831 -0.06764217    0.01121851  0.02708388   -0.08193577  0.03393891
    2    1
 -0.08308039 -0.03441302   -0.02773261 -0.01148723   -0.02801831  0.06764217
 -0.02773261 -0.01148723   -0.08592211 -0.03559010    0.01121851 -0.02708388
 -0.02801831  0.06764217    0.01121851 -0.02708388   -0.08193577 -0.03393891
    2    2
  0.14063144  0.00000000   -0.00218555  0.00000000    0.00000000 -0.00081928
 -0.00218555  0.00000000    0.15262530  0.00000000    0.00000000  0.00162635
 -0.00000000  0.00081928   -0.00000000 -0.00162635    0.14439095  0.00000000

     Dynamical  Matrix in cartesian axes

     q = (   -0.250000000  -0.500000000   0.000000000 ) 

    1    1
  0.14063144  0.00000000    0.00218555  0.00000000    0.00000000 -0.00081928
  0.00218555  0.00000000    0.15262530  0.00000000    0.00000000 -0.00162635
 -0.00000000  0.00081928   -0.00000000  0.00162635    0.14439095  0.00000000
    1    2
 -0.03441302 -0.08308039    0.01148723  0.02773261   -0.06764217  0.02801831
  0.01148723  0.02773261   -0.03559010 -0.08592211   -0.02708388  0.01121851
 -0.06764217  0.02801831   -0.02708388  0.01121851   -0.03393891 -0.08193577
    2    1
 -0.03441302  0.08308039    0.01148723 -0.02773261   -0.06764217 -0.02801831
  0.01148723 -0.02773261   -0.03559010  0.08592211   -0.02708388 -0.01121851
 -0.06764217 -0.02801831   -0.02708388 -0.01121851   -0.03393891  0.08193577
    2    2
  0.14063144  0.00000000    0.00218555  0.00000000    0.00000000  0.00081928
  0.00218555  0.00000000    0.15262530  0.00000000    0.00000000  0.00162635
 -0.00000000 -0.00081928   -0.00000000 -0.00162635    0.14439095  0.00000000

     Dynamical  Matrix in cartesian axes

     q = (    0.250000000  -0.500000000   0.000000000 ) 

    1    1
  0.14063144  0.00000000   -0.00218555  0.00000000    0.00000000 -0.00081928
 -0.00218555  0.00000000    0.15262530  0.00000000    0.00000000  0.00162635
 -0.00000000  0.00081928   -0.00000000 -0.00162635    0.14439095  0.00000000
    1    2
 -0.08308039 -0.03441302   -0.02773261 -0.01148723   -0.02801831  0.06764217
 -0.02773261 -0.01148723   -0.08592211 -0.03559010    0.01121851 -0.02708388
 -0.02801831  0.06764217    0.01121851 -0.02708388   -0.08193577 -0.03393891
    2    1
 -0.08308039  0.03441302   -0.02773261  0.01148723   -0.02801831 -0.06764217
 -0.02773261  0.01148723   -0.08592211  0.03559010    0.01121851  0.02708388
 -0.02801831 -0.06764217    0.01121851  0.02708388   -0.08193577  0.03393891
    2    2
  0.14063144  0.00000000   -0.00218555  0.00000000    0.00000000  0.00081928
 -0.00218555  0.00000000    0.15262530  0.00000000    0.00000000 -0.00162635
 -0.00000000 -0.00081928   -0.00000000  0.00162635    0.14439095  0.00000000

     Dynamical  Matrix in cartesian axes

     q = (    0.000000000   0.500000000   0.250000000 ) 

    1    1
  0.14439095  0.00000000    0.00000000 -0.00162635   -0.00000000 -0.00081928
 -0.00000000  0.00162635    0.15262530  0.00000000    0.00218555  0.00000000
  0.00000000  0.00081928    0.00218555  0.00000000    0.14063144  0.00000000
    1    2
 -0.03393891  0.08193577   -0.02708388 -0.01121851   -0.06764217 -0.02801831
 -0.02708388 -0.01121851   -0.03559010  0.08592211    0.01148723 -0.02773261
 -0.06764217 -0.02801831    0.01148723 -0.02773261   -0.03441302  0.08308039
    2    1
 -0.03393891 -0.08193577   -0.02708388  0.01121851   -0.06764217  0.02801831
 -0.02708388  0.01121851   -0.03559010 -0.08592211    0.01148723  0.02773261
 -0.06764217  0.02801831    0.01148723  0.02773261   -0.03441302 -0.08308039
    2    2
  0.14439095  0.00000000    0.00000000  0.00162635   -0.00000000  0.00081928
 -0.00000000 -0.00162635    0.15262530  0.00000000    0.00218555  0.00000000
  0.00000000 -0.00081928    0.00218555  0.00000000    0.14063144  0.00000000

     Dynamical  Matrix in cartesian axes

     q = (    0.000000000   0.500000000  -0.250000000 ) 

    1    1
  0.14439095  0.00000000    0.00000000  0.00162635   -0.00000000 -0.00081928
 -0.00000000 -0.00162635    0.15262530  0.00000000   -0.00218555  0.00000000
  0.00000000  0.00081928   -0.00218555  0.00000000    0.14063144  0.00000000
    1    2
 -0.08193577  0.03393891    0.01121851  0.02708388   -0.02801831 -0.06764217
  0.01121851  0.02708388   -0.08592211  0.03559010   -0.02773261  0.01148723
 -0.02801831 -0.06764217   -0.02773261  0.01148723   -0.08308039  0.03441302
    2    1
 -0.08193577 -0.03393891    0.01121851 -0.02708388   -0.02801831  0.06764217
  0.01121851 -0.02708388   -0.08592211 -0.03559010   -0.02773261 -0.01148723
 -0.02801831  0.06764217   -0.02773261 -0.01148723   -0.08308039 -0.03441302
    2    2
  0.14439095  0.00000000    0.00000000 -0.00162635   -0.00000000  0.00081928
 -0.00000000  0.00162635    0.15262530  0.00000000   -0.00218555  0.00000000
  0.00000000 -0.00081928   -0.00218555  0.00000000    0.14063144  0.00000000

     Dynamical  Matrix in cartesian axes

     q = (    0.000000000  -0.500000000  -0.250000000 ) 

    1    1
  0.14439095  0.00000000    0.00000000  0.00162635   -0.00000000  0.00081928
 -0.00000000 -0.00162635    0.15262530  0.00000000    0.00218555  0.00000000
  0.00000000 -0.00081928    0.00218555  0.00000000    0.14063144  0.00000000
    1    2
 -0.03393891 -0.08193577   -0.02708388  0.01121851   -0.06764217  0.02801831
 -0.02708388  0.01121851   -0.03559010 -0.08592211    0.01148723  0.02773261
 -0.06764217  0.02801831    0.01148723  0.02773261   -0.03441302 -0.08308039
    2    1
 -0.03393891  0.08193577   -0.02708388 -0.01121851   -0.06764217 -0.02801831
 -0.02708388 -0.01121851   -0.03559010  0.08592211    0.01148723 -0.02773261
 -0.06764217 -0.02801831    0.01148723 -0.02773261   -0.03441302  0.08308039
    2    2
  0.14439095  0.00000000    0.00000000 -0.00162635   -0.00000000 -0.00081928
 -0.00000000  0.00162635    0.15262530  0.00000000    0.00218555  0.00000000
  0.00000000  0.00081928    0.00218555  0.00000000    0.14063144  0.00000000

     Dynamical  Matrix in cartesian axes

     q = (    0.000000000  -0.500000000   0.250000000 ) 

    1    1
  0.14439095  0.00000000    0.00000000 -0.00162635   -0.00000000  0.00081928
 -0.00000000  0.00162635    0.15262530  0.00000000   -0.00218555  0.00000000
  0.00000000 -0.00081928   -0.00218555  0.00000000    0.14063144  0.00000000
    1    2
 -0.08193577 -0.03393891    0.01121851 -0.02708388   -0.02801831  0.06764217
  0.01121851 -0.02708388   -0.08592211 -0.03559010   -0.02773261 -0.01148723
 -0.02801831  0.06764217   -0.02773261 -0.01148723   -0.08308039 -0.03441302
    2    1
 -0.08193577  0.03393891    0.01121851  0.02708388   -0.02801831 -0.06764217
  0.01121851  0.02708388   -0.08592211  0.03559010   -0.02773261  0.01148723
 -0.02801831 -0.06764217   -0.02773261  0.01148723   -0.08308039  0.03441302
    2    2
  0.14439095  0.00000000    0.00000000  0.00162635   -0.00000000 -0.00081928
 -0.00000000 -0.00162635    0.15262530  0.00000000   -0.00218555  0.00000000
  0.00000000  0.00081928   -0.00218555  0.00000000    0.14063144  0.00000000

     Dynamical  Matrix in cartesian axes

     q = (    0.250000000   0.500000000   0.000000000 ) 

    1    1
  0.14063144  0.00000000    0.00218555  0.00000000    0.00000000  0.00081928
  0.00218555  0.00000000    0.15262530  0.00000000    0.00000000  0.00162635
 -0.00000000 -0.00081928   -0.00000000 -0.00162635    0.14439095  0.00000000
    1    2
 -0.03441302  0.08308039    0.01148723 -0.02773261   -0.06764217 -0.02801831
  0.01148723 -0.02773261   -0.03559010  0.08592211   -0.02708388 -0.01121851
 -0.06764217 -0.02801831   -0.02708388 -0.01121851   -0.03393891  0.08193577
    2    1
 -0.03441302 -0.08308039    0.01148723  0.02773261   -0.06764217  0.02801831
  0.01148723  0.02773261   -0.03559010 -0.08592211   -0.02708388  0.01121851
 -0.06764217  0.02801831   -0.02708388  0.01121851   -0.03393891 -0.08193577
    2    2
  0.14063144  0.00000000    0.00218555  0.00000000    0.00000000 -0.00081928
  0.00218555  0.00000000    0.15262530  0.00000000    0.00000000 -0.00162635
 -0.00000000  0.00081928   -0.00000000  0.00162635    0.14439095  0.00000000

     Dynamical  Matrix in cartesian axes

     q = (    0.500000000   0.000000000  -0.250000000 ) 

    1    1
  0.15262530  0.00000000    0.00000000 -0.00162635   -0.00218555  0.00000000
  0.00000000  0.00162635    0.14439095  0.00000000    0.00000000 -0.00081928
 -0.00218555  0.00000000    0.00000000  0.00081928    0.14063144  0.00000000
    1    2
 -0.08592211  0.03559010    0.01121851  0.02708388   -0.02773261  0.01148723
  0.01121851  0.02708388   -0.08193577  0.03393891   -0.02801831 -0.06764217
 -0.02773261  0.01148723   -0.02801831 -0.06764217   -0.08308039  0.03441302
    2    1
 -0.08592211 -0.03559010    0.01121851 -0.02708388   -0.02773261 -0.01148723
  0.01121851 -0.02708388   -0.08193577 -0.03393891   -0.02801831  0.06764217
 -0.02773261 -0.01148723   -0.02801831  0.06764217   -0.08308039 -0.03441302
    2    2
  0.15262530  0.00000000    0.00000000  0.00162635   -0.00218555  0.00000000
  0.00000000 -0.00162635    0.14439095  0.00000000    0.00000000  0.00081928
 -0.00218555  0.00000000    0.00000000 -0.00081928    0.14063144  0.00000000

     Dynamical  Matrix in cartesian axes

     q = (   -0.500000000   0.000000000   0.250000000 ) 

    1    1
  0.15262530  0.00000000    0.00000000  0.00162635   -0.00218555  0.00000000
  0.00000000 -0.00162635    0.14439095  0.00000000    0.00000000  0.00081928
 -0.00218555  0.00000000    0.00000000 -0.00081928    0.14063144  0.00000000
    1    2
 -0.08592211 -0.03559010    0.01121851 -0.02708388   -0.02773261 -0.01148723
  0.01121851 -0.02708388   -0.08193577 -0.03393891   -0.02801831  0.06764217
 -0.02773261 -0.01148723   -0.02801831  0.06764217   -0.08308039 -0.03441302
    2    1
 -0.08592211  0.03559010    0.01121851  0.02708388   -0.02773261  0.01148723
  0.01121851  0.02708388   -0.08193577  0.03393891   -0.02801831 -0.06764217
 -0.02773261  0.01148723   -0.02801831 -0.06764217   -0.08308039  0.03441302
    2    2
  0.15262530  0.00000000    0.00000000 -0.00162635   -0.00218555  0.00000000
  0.00000000  0.00162635    0.14439095  0.00000000    0.00000000 -0.00081928
 -0.00218555  0.00000000    0.00000000  0.00081928    0.14063144  0.00000000

     Dynamical  Matrix in cartesian axes

     q = (    0.500000000   0.000000000   0.250000000 ) 

    1    1
  0.15262530  0.00000000    0.00000000  0.00162635    0.00218555  0.00000000
  0.00000000 -0.00162635    0.14439095  0.00000000    0.00000000 -0.00081928
  0.00218555  0.00000000    0.00000000  0.00081928    0.14063144  0.00000000
    1    2
 -0.03559010  0.08592211   -0.02708388 -0.01121851    0.01148723 -0.02773261
 -0.02708388 -0.01121851   -0.03393891  0.08193577   -0.06764217 -0.02801831
  0.01148723 -0.02773261   -0.06764217 -0.02801831   -0.03441302  0.08308039
    2    1
 -0.03559010 -0.08592211   -0.02708388  0.01121851    0.01148723  0.02773261
 -0.02708388  0.01121851   -0.03393891 -0.08193577   -0.06764217  0.02801831
  0.01148723  0.02773261   -0.06764217  0.02801831   -0.03441302 -0.08308039
    2    2
  0.15262530  0.00000000    0.00000000 -0.00162635    0.00218555  0.00000000
  0.00000000  0.00162635    0.14439095  0.00000000    0.00000000  0.00081928
  0.00218555  0.00000000    0.00000000 -0.00081928    0.14063144  0.00000000

     Dynamical  Matrix in cartesian axes

     q = (    0.500000000  -0.250000000   0.000000000 ) 

    1    1
  0.15262530  0.00000000   -0.00218555  0.00000000    0.00000000 -0.00162635
 -0.00218555  0.00000000    0.14063144  0.00000000    0.00000000  0.00081928
 -0.00000000  0.00162635   -0.00000000 -0.00081928    0.14439095  0.00000000
    1    2
 -0.08592211  0.03559010   -0.02773261  0.01148723    0.01121851  0.02708388
 -0.02773261  0.01148723   -0.08308039  0.03441302   -0.02801831 -0.06764217
  0.01121851  0.02708388   -0.02801831 -0.06764217   -0.08193577  0.03393891
    2    1
 -0.08592211 -0.03559010   -0.02773261 -0.01148723    0.01121851 -0.02708388
 -0.02773261 -0.01148723   -0.08308039 -0.03441302   -0.02801831  0.06764217
  0.01121851 -0.02708388   -0.02801831  0.06764217   -0.08193577 -0.03393891
    2    2
  0.15262530  0.00000000   -0.00218555  0.00000000    0.00000000  0.00162635
 -0.00218555  0.00000000    0.14063144  0.00000000    0.00000000 -0.00081928
 -0.00000000 -0.00162635   -0.00000000  0.00081928    0.14439095  0.00000000

     Dynamical  Matrix in cartesian axes

     q = (    0.000000000  -0.250000000   0.500000000 ) 

    1    1
  0.14439095  0.00000000    0.00000000 -0.00081928   -0.00000000  0.00162635
 -0.00000000  0.00081928    0.14063144  0.00000000   -0.00218555  0.00000000
  0.00000000 -0.00162635   -0.00218555  0.00000000    0.15262530  0.00000000
    1    2
 -0.08193577  0.03393891   -0.02801831 -0.06764217    0.01121851  0.02708388
 -0.02801831 -0.06764217   -0.08308039  0.03441302   -0.02773261  0.01148723
  0.01121851  0.02708388   -0.02773261  0.01148723   -0.08592211  0.03559010
    2    1
 -0.08193577 -0.03393891   -0.02801831  0.06764217    0.01121851 -0.02708388
 -0.02801831  0.06764217   -0.08308039 -0.03441302   -0.02773261 -0.01148723
  0.01121851 -0.02708388   -0.02773261 -0.01148723   -0.08592211 -0.03559010
    2    2
  0.14439095  0.00000000    0.00000000  0.00081928   -0.00000000 -0.00162635
 -0.00000000 -0.00081928    0.14063144  0.00000000   -0.00218555  0.00000000
  0.00000000  0.00162635   -0.00218555  0.00000000    0.15262530  0.00000000

     Dynamical  Matrix in cartesian axes

     q = (    0.000000000   0.250000000  -0.500000000 ) 

    1    1
  0.14439095  0.00000000    0.00000000  0.00081928   -0.00000000 -0.00162635
 -0.00000000 -0.00081928    0.14063144  0.00000000   -0.00218555  0.00000000
  0.00000000  0.00162635   -0.00218555  0.00000000    0.15262530  0.00000000
    1    2
 -0.08193577 -0.03393891   -0.02801831  0.06764217    0.01121851 -0.02708388
 -0.02801831  0.06764217   -0.08308039 -0.03441302   -0.02773261 -0.01148723
  0.01121851 -0.02708388   -0.02773261 -0.01148723   -0.08592211 -0.03559010
    2    1
 -0.08193577  0.03393891   -0.02801831 -0.06764217    0.01121851  0.02708388
 -0.02801831 -0.06764217   -0.08308039  0.03441302   -0.02773261  0.01148723
  0.01121851  0.02708388   -0.02773261  0.01148723   -0.08592211  0.03559010
    2    2
  0.14439095  0.00000000    0.00000000 -0.00081928   -0.00000000  0.00162635
 -0.00000000  0.00081928    0.14063144  0.00000000   -0.00218555  0.00000000
  0.00000000 -0.00162635   -0.00218555  0.00000000    0.15262530  0.00000000

     Dynamical  Matrix in cartesian axes

     q = (    0.000000000   0.250000000   0.500000000 ) 

    1    1
  0.14439095  0.00000000    0.00000000 -0.00081928   -0.00000000 -0.00162635
 -0.00000000  0.00081928    0.14063144  0.00000000    0.00218555  0.00000000
  0.00000000  0.00162635    0.00218555  0.00000000    0.15262530  0.00000000
    1    2
 -0.03393891  0.08193577   -0.06764217 -0.02801831   -0.02708388 -0.01121851
 -0.06764217 -0.02801831   -0.03441302  0.08308039    0.01148723 -0.02773261
 -0.02708388 -0.01121851    0.01148723 -0.02773261   -0.03559010  0.08592211
    2    1
 -0.03393891 -0.08193577   -0.06764217  0.02801831   -0.02708388  0.01121851
 -0.06764217  0.02801831   -0.03441302 -0.08308039    0.01148723  0.02773261
 -0.02708388  0.01121851    0.01148723  0.02773261   -0.03559010 -0.08592211
    2    2
  0.14439095  0.00000000    0.00000000  0.00081928   -0.00000000  0.00162635
 -0.00000000 -0.00081928    0.14063144  0.00000000    0.00218555  0.00000000
  0.00000000 -0.00162635    0.00218555  0.00000000    0.15262530  0.00000000

     Dynamical  Matrix in cartesian axes

     q = (    0.000000000  -0.250000000  -0.500000000 ) 

    1    1
  0.14439095  0.00000000    0.00000000  0.00081928   -0.00000000  0.00162635
 -0.00000000 -0.00081928    0.14063144  0.00000000    0.00218555  0.00000000
  0.00000000 -0.00162635    0.00218555  0.00000000    0.15262530  0.00000000
    1    2
 -0.03393891 -0.08193577   -0.06764217  0.02801831   -0.02708388  0.01121851
 -0.06764217  0.02801831   -0.03441302 -0.08308039    0.01148723  0.02773261
 -0.02708388  0.01121851    0.01148723  0.02773261   -0.03559010 -0.08592211
    2    1
 -0.03393891  0.08193577   -0.06764217 -0.02801831   -0.02708388 -0.01121851
 -0.06764217 -0.02801831   -0.03441302  0.08308039    0.01148723 -0.02773261
 -0.02708388 -0.01121851    0.01148723 -0.02773261   -0.03559010  0.08592211
    2    2
  0.14439095  0.00000000    0.00000000 -0.00081928   -0.00000000 -0.00162635
 -0.00000000  0.00081928    0.14063144  0.00000000    0.00218555  0.00000000
  0.00000000  0.00162635    0.00218555  0.00000000    0.15262530  0.00000000

     Dynamical  Matrix in cartesian axes

     q = (   -0.500000000   0.250000000   0.000000000 ) 

    1    1
  0.15262530  0.00000000   -0.00218555  0.00000000    0.00000000  0.00162635
 -0.00218555  0.00000000    0.14063144  0.00000000    0.00000000 -0.00081928
 -0.00000000 -0.00162635   -0.00000000  0.00081928    0.14439095  0.00000000
    1    2
 -0.08592211 -0.03559010   -0.02773261 -0.01148723    0.01121851 -0.02708388
 -0.02773261 -0.01148723   -0.08308039 -0.03441302   -0.02801831  0.06764217
  0.01121851 -0.02708388   -0.02801831  0.06764217   -0.08193577 -0.03393891
    2    1
 -0.08592211  0.03559010   -0.02773261  0.01148723    0.01121851  0.02708388
 -0.02773261  0.01148723   -0.08308039  0.03441302   -0.02801831 -0.06764217
  0.01121851  0.02708388   -0.02801831 -0.06764217   -0.08193577  0.03393891
    2    2
  0.15262530  0.00000000   -0.00218555  0.00000000    0.00000000 -0.00162635
 -0.00218555  0.00000000    0.14063144  0.00000000    0.00000000  0.00081928
 -0.00000000  0.00162635   -0.00000000 -0.00081928    0.14439095  0.00000000

     Dynamical  Matrix in cartesian axes

     q = (   -0.500000000   0.000000000  -0.250000000 ) 

    1    1
  0.15262530  0.00000000    0.00000000 -0.00162635    0.00218555  0.00000000
  0.00000000  0.00162635    0.14439095  0.00000000    0.00000000  0.00081928
  0.00218555  0.00000000    0.00000000 -0.00081928    0.14063144  0.00000000
    1    2
 -0.03559010 -0.08592211   -0.02708388  0.01121851    0.01148723  0.02773261
 -0.02708388  0.01121851   -0.03393891 -0.08193577   -0.06764217  0.02801831
  0.01148723  0.02773261   -0.06764217  0.02801831   -0.03441302 -0.08308039
    2    1
 -0.03559010  0.08592211   -0.02708388 -0.01121851    0.01148723 -0.02773261
 -0.02708388 -0.01121851   -0.03393891  0.08193577   -0.06764217 -0.02801831
  0.01148723 -0.02773261   -0.06764217 -0.02801831   -0.03441302  0.08308039
    2    2
  0.15262530  0.00000000    0.00000000  0.00162635    0.00218555  0.00000000
  0.00000000 -0.00162635    0.14439095  0.00000000    0.00000000 -0.00081928
  0.00218555  0.00000000    0.00000000  0.00081928    0.14063144  0.00000000

     Dynamical  Matrix in cartesian axes

     q = (   -0.500000000  -0.250000000   0.000000000 ) 

    1    1
  0.15262530  0.00000000    0.00218555  0.00000000    0.00000000 -0.00162635
  0.00218555  0.00000000    0.14063144  0.00000000    0.00000000 -0.00081928
 -0.00000000  0.00162635   -0.00000000  0.00081928    0.14439095  0.00000000
    1    2
 -0.03559010 -0.08592211    0.01148723  0.02773261   -0.02708388  0.01121851
  0.01148723  0.02773261   -0.03441302 -0.08308039   -0.06764217  0.02801831
 -0.02708388  0.01121851   -0.06764217  0.02801831   -0.03393891 -0.08193577
    2    1
 -0.03559010  0.08592211    0.01148723 -0.02773261   -0.02708388 -0.01121851
  0.01148723 -0.02773261   -0.03441302  0.08308039   -0.06764217 -0.02801831
 -0.02708388 -0.01121851   -0.06764217 -0.02801831   -0.03393891  0.08193577
    2    2
  0.15262530  0.00000000    0.00218555  0.00000000    0.00000000  0.00162635
  0.00218555  0.00000000    0.14063144  0.00000000    0.00000000  0.00081928
 -0.00000000 -0.00162635   -0.00000000 -0.00081928    0.14439095  0.00000000

     Dynamical  Matrix in cartesian axes

     q = (    0.500000000   0.250000000   0.000000000 ) 

    1    1
  0.15262530  0.00000000    0.00218555  0.00000000    0.00000000  0.00162635
  0.00218555  0.00000000    0.14063144  0.00000000    0.00000000  0.00081928
 -0.00000000 -0.00162635   -0.00000000 -0.00081928    0.14439095  0.00000000
    1    2
 -0.03559010  0.08592211    0.01148723 -0.02773261   -0.02708388 -0.01121851
  0.01148723 -0.02773261   -0.03441302  0.08308039   -0.06764217 -0.02801831
 -0.02708388 -0.01121851   -0.06764217 -0.02801831   -0.03393891  0.08193577
    2    1
 -0.03559010 -0.08592211    0.01148723  0.02773261   -0.02708388  0.01121851
  0.01148723  0.02773261   -0.03441302 -0.08308039   -0.06764217  0.02801831
 -0.02708388  0.01121851   -0.06764217  0.02801831   -0.03393891 -0.08193577
    2    2
  0.15262530  0.00000000    0.00218555  0.00000000    0.00000000 -0.00162635
  0.00218555  0.00000000    0.14063144  0.00000000    0.00000000 -0.00081928
 -0.00000000  0.00162635   -0.00000000  0.00081928    0.14439095  0.00000000

     Dynamical  Matrix in cartesian axes

     q = (   -0.250000000   0.000000000  -0.500000000 ) 

    1    1
  0.14063144  0.00000000    0.00000000 -0.00081928    0.00218555  0.00000000
  0.00000000  0.00081928    0.14439095  0.00000000    0.00000000  0.00162635
  0.00218555  0.00000000    0.00000000 -0.00162635    0.15262530  0.00000000
    1    2
 -0.03441302 -0.08308039   -0.06764217  0.02801831    0.01148723  0.02773261
 -0.06764217  0.02801831   -0.03393891 -0.08193577   -0.02708388  0.01121851
  0.01148723  0.02773261   -0.02708388  0.01121851   -0.03559010 -0.08592211
    2    1
 -0.03441302  0.08308039   -0.06764217 -0.02801831    0.01148723 -0.02773261
 -0.06764217 -0.02801831   -0.03393891  0.08193577   -0.02708388 -0.01121851
  0.01148723 -0.02773261   -0.02708388 -0.01121851   -0.03559010  0.08592211
    2    2
  0.14063144  0.00000000    0.00000000  0.00081928    0.00218555  0.00000000
  0.00000000 -0.00081928    0.14439095  0.00000000    0.00000000 -0.00162635
  0.00218555  0.00000000    0.00000000  0.00162635    0.15262530  0.00000000

     Dynamical  Matrix in cartesian axes

     q = (    0.250000000   0.000000000  -0.500000000 ) 

    1    1
  0.14063144  0.00000000    0.00000000 -0.00081928   -0.00218555  0.00000000
  0.00000000  0.00081928    0.14439095  0.00000000    0.00000000 -0.00162635
 -0.00218555  0.00000000    0.00000000  0.00162635    0.15262530  0.00000000
    1    2
 -0.08308039 -0.03441302   -0.02801831  0.06764217   -0.02773261 -0.01148723
 -0.02801831  0.06764217   -0.08193577 -0.03393891    0.01121851 -0.02708388
 -0.02773261 -0.01148723    0.01121851 -0.02708388   -0.08592211 -0.03559010
    2    1
 -0.08308039  0.03441302   -0.02801831 -0.06764217   -0.02773261  0.01148723
 -0.02801831 -0.06764217   -0.08193577  0.03393891    0.01121851  0.02708388
 -0.02773261  0.01148723    0.01121851  0.02708388   -0.08592211  0.03559010
    2    2
  0.14063144  0.00000000    0.00000000  0.00081928   -0.00218555  0.00000000
  0.00000000 -0.00081928    0.14439095  0.00000000    0.00000000  0.00162635
 -0.00218555  0.00000000    0.00000000 -0.00162635    0.15262530  0.00000000

     Dynamical  Matrix in cartesian axes

     q = (   -0.250000000   0.000000000   0.500000000 ) 

    1    1
  0.14063144  0.00000000    0.00000000  0.00081928   -0.00218555  0.00000000
  0.00000000 -0.00081928    0.14439095  0.00000000    0.00000000  0.00162635
 -0.00218555  0.00000000    0.00000000 -0.00162635    0.15262530  0.00000000
    1    2
 -0.08308039  0.03441302   -0.02801831 -0.06764217   -0.02773261  0.01148723
 -0.02801831 -0.06764217   -0.08193577  0.03393891    0.01121851  0.02708388
 -0.02773261  0.01148723    0.01121851  0.02708388   -0.08592211  0.03559010
    2    1
 -0.08308039 -0.03441302   -0.02801831  0.06764217   -0.02773261 -0.01148723
 -0.02801831  0.06764217   -0.08193577 -0.03393891    0.01121851 -0.02708388
 -0.02773261 -0.01148723    0.01121851 -0.02708388   -0.08592211 -0.03559010
    2    2
  0.14063144  0.00000000    0.00000000 -0.00081928   -0.00218555  0.00000000
  0.00000000  0.00081928    0.14439095  0.00000000    0.00000000 -0.00162635
 -0.00218555  0.00000000    0.00000000  0.00162635    0.15262530  0.00000000

     Dynamical  Matrix in cartesian axes

     q = (    0.250000000   0.000000000   0.500000000 ) 

    1    1
  0.14063144  0.00000000    0.00000000  0.00081928    0.00218555  0.00000000
  0.00000000 -0.00081928    0.14439095  0.00000000    0.00000000 -0.00162635
  0.00218555  0.00000000    0.00000000  0.00162635    0.15262530  0.00000000
    1    2
 -0.03441302  0.08308039   -0.06764217 -0.02801831    0.01148723 -0.02773261
 -0.06764217 -0.02801831   -0.03393891  0.08193577   -0.02708388 -0.01121851
  0.01148723 -0.02773261   -0.02708388 -0.01121851   -0.03559010  0.08592211
    2    1
 -0.03441302 -0.08308039   -0.06764217  0.02801831    0.01148723  0.02773261
 -0.06764217  0.02801831   -0.03393891 -0.08193577   -0.02708388  0.01121851
  0.01148723  0.02773261   -0.02708388  0.01121851   -0.03559010 -0.08592211
    2    2
  0.14063144  0.00000000    0.00000000 -0.00081928    0.00218555  0.00000000
  0.00000000  0.00081928    0.14439095  0.00000000    0.00000000  0.00162635
  0.00218555  0.00000000    0.00000000 -0.00162635    0.15262530  0.00000000

     Diagonalizing the dynamical matrix

     q = (   -0.250000000   0.500000000   0.000000000 ) 

 **************************************************************************
     freq (    1) =       1.190369 [THz] =      39.706425 [cm-1]
 (  0.232950  0.562391  0.123258  0.297571 -0.148137  0.061360 ) 
 ( -0.000000  0.608728 -0.000000  0.322089  0.160343  0.000000 ) 
     freq (    2) =       1.546534 [THz] =      51.586806 [cm-1]
 ( -0.093471 -0.225660  0.042989  0.103785 -0.604221  0.250277 ) 
 ( -0.000000  0.244252 -0.000000 -0.112336 -0.654004  0.000000 ) 
     freq (    3) =       2.493322 [THz] =      83.168259 [cm-1]
 (  0.101690  0.245501 -0.235320 -0.568113 -0.209173  0.086642 ) 
 (  0.000000  0.265729  0.000000 -0.614921  0.226407  0.000000 ) 
     freq (    4) =       4.870927 [THz] =     162.476629 [cm-1]
 (  0.153239  0.369951 -0.203114 -0.490361 -0.222394  0.092119 ) 
 (  0.000000 -0.400432 -0.000000  0.530763 -0.240717  0.000000 ) 
     freq (    5) =       5.168907 [THz] =     172.416166 [cm-1]
 ( -0.092827 -0.224103  0.051529  0.124402 -0.600898  0.248900 ) 
 (  0.000000 -0.242568  0.000000  0.134651  0.650407  0.000000 ) 
     freq (    6) =       5.204552 [THz] =     173.605158 [cm-1]
 ( -0.202495 -0.488867 -0.173551 -0.418988  0.110610 -0.045816 ) 
 ( -0.000000  0.529146 -0.000000  0.453510  0.119723  0.000000 ) 
 **************************************************************************
