Dynamical matrix file
                                                                           
  1    2  2 12.5600000  0.0000000  0.0000000  0.0000000  0.0000000  0.0000000
           1  'Sn  '    108197.54598352207     
    1    1      0.0000000000      0.0000000000      0.0000000000
    2    1      0.2500000000      0.2500000000      0.2500000000

     Dynamical  Matrix in cartesian axes

     q = (    0.250000000   0.000000000   0.250000000 ) 

    1    1
  0.14519079  0.00000000    0.00000000  0.00068698    0.00105675  0.00000000
  0.00000000 -0.00068698    0.14739086  0.00000000    0.00000000 -0.00068698
  0.00105675  0.00000000    0.00000000  0.00068698    0.14519079  0.00000000
    1    2
 -0.08572115  0.08572115   -0.02562367 -0.02562367    0.01156219 -0.01156219
 -0.02562367 -0.02562367   -0.08782782  0.08782782   -0.02562367 -0.02562367
  0.01156219 -0.01156219   -0.02562367 -0.02562367   -0.08572115  0.08572115
    2    1
 -0.08572115 -0.08572115   -0.02562367  0.02562367    0.01156219  0.01156219
 -0.02562367  0.02562367   -0.08782782 -0.08782782   -0.02562367  0.02562367
  0.01156219  0.01156219   -0.02562367  0.02562367   -0.08572115 -0.08572115
    2    2
  0.14519079  0.00000000    0.00000000 -0.00068698    0.00105675  0.00000000
  0.00000000  0.00068698    0.14739086  0.00000000    0.00000000  0.00068698
  0.00105675  0.00000000    0.00000000 -0.00068698    0.14519079  0.00000000

     Dynamical  Matrix in cartesian axes

     q = (   -0.250000000  -0.250000000   0.000000000 ) 

    1    1
  0.14519079  0.00000000    0.00105675  0.00000000    0.00000000 -0.00068698
  0.00105675  0.00000000    0.14519079  0.00000000    0.00000000 -0.00068698
  0.00000000  0.00068698    0.00000000  0.00068698    0.14739086  0.00000000
    1    2
 -0.08572115 -0.08572115    0.01156219  0.01156219   -0.02562367  0.02562367
  0.01156219  0.01156219   -0.08572115 -0.08572115   -0.02562367  0.02562367
 -0.02562367  0.02562367   -0.02562367  0.02562367   -0.08782782 -0.08782782
    2    1
 -0.08572115  0.08572115    0.01156219 -0.01156219   -0.02562367 -0.02562367
  0.01156219 -0.01156219   -0.08572115  0.08572115   -0.02562367 -0.02562367
 -0.02562367 -0.02562367   -0.02562367 -0.02562367   -0.08782782  0.08782782
    2    2
  0.14519079  0.00000000    0.00105675  0.00000000    0.00000000  0.00068698
  0.00105675  0.00000000    0.14519079  0.00000000    0.00000000  0.00068698
  0.00000000 -0.00068698    0.00000000 -0.00068698    0.14739086  0.00000000

     Dynamical  Matrix in cartesian axes

     q = (   -0.250000000   0.250000000   0.000000000 ) 

    1    1
  0.14519079  0.00000000   -0.00105675  0.00000000    0.00000000  0.00068698
 -0.00105675  0.00000000    0.14519079  0.00000000    0.00000000 -0.00068698
  0.00000000 -0.00068698    0.00000000  0.00068698    0.14739086  0.00000000
    1    2
 -0.12122801  0.00000000   -0.01635141  0.00000000    0.00000000 -0.03623734
 -0.01635141  0.00000000   -0.12122801  0.00000000    0.00000000  0.03623734
 -0.00000000 -0.03623734   -0.00000000  0.03623734   -0.12420729  0.00000000
    2    1
 -0.12122801  0.00000000   -0.01635141  0.00000000    0.00000000  0.03623734
 -0.01635141  0.00000000   -0.12122801  0.00000000    0.00000000 -0.03623734
 -0.00000000  0.03623734   -0.00000000 -0.03623734   -0.12420729  0.00000000
    2    2
  0.14519079  0.00000000   -0.00105675  0.00000000    0.00000000 -0.00068698
 -0.00105675  0.00000000    0.14519079  0.00000000    0.00000000  0.00068698
  0.00000000  0.00068698    0.00000000 -0.00068698    0.14739086  0.00000000

     Dynamical  Matrix in cartesian axes

     q = (   -0.250000000   0.000000000  -0.250000000 ) 

    1    1
  0.14519079  0.00000000    0.00000000 -0.00068698    0.00105675  0.00000000
  0.00000000  0.00068698    0.14739086  0.00000000    0.00000000  0.00068698
  0.00105675  0.00000000    0.00000000 -0.00068698    0.14519079  0.00000000
    1    2
 -0.08572115 -0.08572115   -0.02562367  0.02562367    0.01156219  0.01156219
 -0.02562367  0.02562367   -0.08782782 -0.08782782   -0.02562367  0.02562367
  0.01156219  0.01156219   -0.02562367  0.02562367   -0.08572115 -0.08572115
    2    1
 -0.08572115  0.08572115   -0.02562367 -0.02562367    0.01156219 -0.01156219
 -0.02562367 -0.02562367   -0.08782782  0.08782782   -0.02562367 -0.02562367
  0.01156219 -0.01156219   -0.02562367 -0.02562367   -0.08572115  0.08572115
    2    2
  0.14519079  0.00000000    0.00000000  0.00068698    0.00105675  0.00000000
  0.00000000 -0.00068698    0.14739086  0.00000000    0.00000000 -0.00068698
  0.00105675  0.00000000    0.00000000  0.00068698    0.14519079  0.00000000

     Dynamical  Matrix in cartesian axes

     q = (   -0.250000000   0.000000000   0.250000000 ) 

    1    1
  0.14519079  0.00000000    0.00000000  0.00068698   -0.00105675  0.00000000
  0.00000000 -0.00068698    0.14739086  0.00000000    0.00000000  0.00068698
 -0.00105675  0.00000000    0.00000000 -0.00068698    0.14519079  0.00000000
    1    2
 -0.12122801  0.00000000    0.00000000 -0.03623734   -0.01635141  0.00000000
  0.00000000 -0.03623734   -0.12420729  0.00000000    0.00000000  0.03623734
 -0.01635141  0.00000000    0.00000000  0.03623734   -0.12122801  0.00000000
    2    1
 -0.12122801  0.00000000    0.00000000  0.03623734   -0.01635141  0.00000000
  0.00000000  0.03623734   -0.12420729  0.00000000    0.00000000 -0.03623734
 -0.01635141  0.00000000    0.00000000 -0.03623734   -0.12122801  0.00000000
    2    2
  0.14519079  0.00000000    0.00000000 -0.00068698   -0.00105675  0.00000000
  0.00000000  0.00068698    0.14739086  0.00000000    0.00000000 -0.00068698
 -0.00105675  0.00000000    0.00000000  0.00068698    0.14519079  0.00000000

     Dynamical  Matrix in cartesian axes

     q = (    0.250000000   0.000000000  -0.250000000 ) 

    1    1
  0.14519079  0.00000000    0.00000000 -0.00068698   -0.00105675  0.00000000
  0.00000000  0.00068698    0.14739086  0.00000000    0.00000000 -0.00068698
 -0.00105675  0.00000000    0.00000000  0.00068698    0.14519079  0.00000000
    1    2
 -0.12122801 -0.00000000    0.00000000  0.03623734   -0.01635141 -0.00000000
  0.00000000  0.03623734   -0.12420729 -0.00000000    0.00000000 -0.03623734
 -0.01635141 -0.00000000    0.00000000 -0.03623734   -0.12122801 -0.00000000
    2    1
 -0.12122801  0.00000000    0.00000000 -0.03623734   -0.01635141  0.00000000
  0.00000000 -0.03623734   -0.12420729  0.00000000    0.00000000  0.03623734
 -0.01635141  0.00000000    0.00000000  0.03623734   -0.12122801  0.00000000
    2    2
  0.14519079  0.00000000    0.00000000  0.00068698   -0.00105675  0.00000000
  0.00000000 -0.00068698    0.14739086  0.00000000    0.00000000  0.00068698
 -0.00105675  0.00000000    0.00000000 -0.00068698    0.14519079  0.00000000

     Dynamical  Matrix in cartesian axes

     q = (    0.000000000   0.250000000   0.250000000 ) 

    1    1
  0.14739086  0.00000000    0.00000000 -0.00068698    0.00000000 -0.00068698
  0.00000000  0.00068698    0.14519079  0.00000000    0.00105675  0.00000000
  0.00000000  0.00068698    0.00105675  0.00000000    0.14519079  0.00000000
    1    2
 -0.08782782  0.08782782   -0.02562367 -0.02562367   -0.02562367 -0.02562367
 -0.02562367 -0.02562367   -0.08572115  0.08572115    0.01156219 -0.01156219
 -0.02562367 -0.02562367    0.01156219 -0.01156219   -0.08572115  0.08572115
    2    1
 -0.08782782 -0.08782782   -0.02562367  0.02562367   -0.02562367  0.02562367
 -0.02562367  0.02562367   -0.08572115 -0.08572115    0.01156219  0.01156219
 -0.02562367  0.02562367    0.01156219  0.01156219   -0.08572115 -0.08572115
    2    2
  0.14739086  0.00000000    0.00000000  0.00068698    0.00000000  0.00068698
  0.00000000 -0.00068698    0.14519079  0.00000000    0.00105675  0.00000000
  0.00000000 -0.00068698    0.00105675  0.00000000    0.14519079  0.00000000

     Dynamical  Matrix in cartesian axes

     q = (    0.000000000   0.250000000  -0.250000000 ) 

    1    1
  0.14739086  0.00000000    0.00000000  0.00068698    0.00000000 -0.00068698
  0.00000000 -0.00068698    0.14519079  0.00000000   -0.00105675  0.00000000
  0.00000000  0.00068698   -0.00105675  0.00000000    0.14519079  0.00000000
    1    2
 -0.12420729  0.00000000   -0.00000000  0.03623734    0.00000000 -0.03623734
  0.00000000  0.03623734   -0.12122801  0.00000000   -0.01635141  0.00000000
 -0.00000000 -0.03623734   -0.01635141  0.00000000   -0.12122801  0.00000000
    2    1
 -0.12420729  0.00000000   -0.00000000 -0.03623734    0.00000000  0.03623734
  0.00000000 -0.03623734   -0.12122801  0.00000000   -0.01635141  0.00000000
 -0.00000000  0.03623734   -0.01635141  0.00000000   -0.12122801  0.00000000
    2    2
  0.14739086  0.00000000    0.00000000 -0.00068698    0.00000000  0.00068698
  0.00000000  0.00068698    0.14519079  0.00000000   -0.00105675  0.00000000
  0.00000000 -0.00068698   -0.00105675  0.00000000    0.14519079  0.00000000

     Dynamical  Matrix in cartesian axes

     q = (    0.000000000  -0.250000000  -0.250000000 ) 

    1    1
  0.14739086  0.00000000    0.00000000  0.00068698    0.00000000  0.00068698
  0.00000000 -0.00068698    0.14519079  0.00000000    0.00105675  0.00000000
  0.00000000 -0.00068698    0.00105675  0.00000000    0.14519079  0.00000000
    1    2
 -0.08782782 -0.08782782   -0.02562367  0.02562367   -0.02562367  0.02562367
 -0.02562367  0.02562367   -0.08572115 -0.08572115    0.01156219  0.01156219
 -0.02562367  0.02562367    0.01156219  0.01156219   -0.08572115 -0.08572115
    2    1
 -0.08782782  0.08782782   -0.02562367 -0.02562367   -0.02562367 -0.02562367
 -0.02562367 -0.02562367   -0.08572115  0.08572115    0.01156219 -0.01156219
 -0.02562367 -0.02562367    0.01156219 -0.01156219   -0.08572115  0.08572115
    2    2
  0.14739086  0.00000000    0.00000000 -0.00068698    0.00000000 -0.00068698
  0.00000000  0.00068698    0.14519079  0.00000000    0.00105675  0.00000000
  0.00000000  0.00068698    0.00105675  0.00000000    0.14519079  0.00000000

     Dynamical  Matrix in cartesian axes

     q = (    0.250000000   0.250000000   0.000000000 ) 

    1    1
  0.14519079  0.00000000    0.00105675  0.00000000    0.00000000  0.00068698
  0.00105675  0.00000000    0.14519079  0.00000000    0.00000000  0.00068698
  0.00000000 -0.00068698    0.00000000 -0.00068698    0.14739086  0.00000000
    1    2
 -0.08572115  0.08572115    0.01156219 -0.01156219   -0.02562367 -0.02562367
  0.01156219 -0.01156219   -0.08572115  0.08572115   -0.02562367 -0.02562367
 -0.02562367 -0.02562367   -0.02562367 -0.02562367   -0.08782782  0.08782782
    2    1
 -0.08572115 -0.08572115    0.01156219  0.01156219   -0.02562367  0.02562367
  0.01156219  0.01156219   -0.08572115 -0.08572115   -0.02562367  0.02562367
 -0.02562367  0.02562367   -0.02562367  0.02562367   -0.08782782 -0.08782782
    2    2
  0.14519079  0.00000000    0.00105675  0.00000000    0.00000000 -0.00068698
  0.00105675  0.00000000    0.14519079  0.00000000    0.00000000 -0.00068698
  0.00000000  0.00068698    0.00000000  0.00068698    0.14739086  0.00000000

     Dynamical  Matrix in cartesian axes

     q = (    0.250000000  -0.250000000   0.000000000 ) 

    1    1
  0.14519079  0.00000000   -0.00105675  0.00000000    0.00000000 -0.00068698
 -0.00105675  0.00000000    0.14519079  0.00000000    0.00000000  0.00068698
  0.00000000  0.00068698    0.00000000 -0.00068698    0.14739086  0.00000000
    1    2
 -0.12122801  0.00000000   -0.01635141  0.00000000    0.00000000  0.03623734
 -0.01635141  0.00000000   -0.12122801  0.00000000    0.00000000 -0.03623734
  0.00000000  0.03623734    0.00000000 -0.03623734   -0.12420729  0.00000000
    2    1
 -0.12122801  0.00000000   -0.01635141  0.00000000    0.00000000 -0.03623734
 -0.01635141  0.00000000   -0.12122801  0.00000000    0.00000000  0.03623734
  0.00000000 -0.03623734    0.00000000  0.03623734   -0.12420729  0.00000000
    2    2
  0.14519079  0.00000000   -0.00105675  0.00000000    0.00000000  0.00068698
 -0.00105675  0.00000000    0.14519079  0.00000000    0.00000000 -0.00068698
  0.00000000 -0.00068698    0.00000000  0.00068698    0.14739086  0.00000000

     Dynamical  Matrix in cartesian axes

     q = (    0.000000000  -0.250000000   0.250000000 ) 

    1    1
  0.14739086  0.00000000    0.00000000 -0.00068698    0.00000000  0.00068698
  0.00000000  0.00068698    0.14519079  0.00000000   -0.00105675  0.00000000
  0.00000000 -0.00068698   -0.00105675  0.00000000    0.14519079  0.00000000
    1    2
 -0.12420729  0.00000000    0.00000000 -0.03623734    0.00000000  0.03623734
  0.00000000 -0.03623734   -0.12122801  0.00000000   -0.01635141  0.00000000
  0.00000000  0.03623734   -0.01635141  0.00000000   -0.12122801  0.00000000
    2    1
 -0.12420729  0.00000000    0.00000000  0.03623734    0.00000000 -0.03623734
  0.00000000  0.03623734   -0.12122801  0.00000000   -0.01635141  0.00000000
  0.00000000 -0.03623734   -0.01635141  0.00000000   -0.12122801  0.00000000
    2    2
  0.14739086  0.00000000    0.00000000  0.00068698    0.00000000 -0.00068698
  0.00000000 -0.00068698    0.14519079  0.00000000   -0.00105675  0.00000000
  0.00000000  0.00068698   -0.00105675  0.00000000    0.14519079  0.00000000

     Diagonalizing the dynamical matrix

     q = (    0.250000000   0.000000000   0.250000000 ) 

 **************************************************************************
     freq (    1) =       0.809729 [THz] =      27.009661 [cm-1]
 ( -0.353553  0.353553  0.000000 -0.000000  0.353553 -0.353553 ) 
 ( -0.500000 -0.000000  0.000000 -0.000000  0.500000 -0.000000 ) 
     freq (    2) =       1.122093 [THz] =      37.428983 [cm-1]
 ( -0.072916  0.072916  0.489251  0.489251 -0.072916  0.072916 ) 
 (  0.103118  0.000000 -0.000000  0.691906  0.103118  0.000000 ) 
     freq (    3) =       1.734641 [THz] =      57.861406 [cm-1]
 (  0.345568 -0.345568  0.105664  0.105664  0.345568 -0.345568 ) 
 (  0.488708 -0.000000 -0.000000 -0.149432  0.488708  0.000000 ) 
     freq (    4) =       5.116645 [THz] =     170.672919 [cm-1]
 (  0.345953 -0.345953  0.103118  0.103118  0.345953 -0.345953 ) 
 ( -0.489251  0.000000  0.000000  0.145831 -0.489251  0.000000 ) 
     freq (    5) =       5.308479 [THz] =     177.071807 [cm-1]
 (  0.353553 -0.353553  0.000000 -0.000000 -0.353553  0.353553 ) 
 ( -0.500000  0.000000 -0.000000  0.000000  0.500000  0.000000 ) 
     freq (    6) =       5.319538 [THz] =     177.440703 [cm-1]
 (  0.074716 -0.074716 -0.488708 -0.488708  0.074716 -0.074716 ) 
 (  0.105664 -0.000000  0.000000  0.691137  0.105664  0.000000 ) 
 **************************************************************************
