Dynamical matrix file
                                                                           
  1    2  2 12.5600000  0.0000000  0.0000000  0.0000000  0.0000000  0.0000000
           1  'Sn  '    108197.54598352207     
    1    1      0.0000000000      0.0000000000      0.0000000000
    2    1      0.2500000000      0.2500000000      0.2500000000

     Dynamical  Matrix in cartesian axes

     q = (   -0.250000000   0.250000000  -0.250000000 ) 

    1    1
  0.14931671  0.00000000   -0.00430080  0.00000000    0.00430080  0.00000000
 -0.00430080  0.00000000    0.14931671  0.00000000   -0.00430080  0.00000000
  0.00430080  0.00000000   -0.00430080  0.00000000    0.14931671  0.00000000
    1    2
 -0.11259411 -0.03235480   -0.02317818  0.02456900    0.02317818 -0.02456900
 -0.02317818  0.02456900   -0.11259411 -0.03235480   -0.02317818  0.02456900
  0.02317818 -0.02456900   -0.02317818  0.02456900   -0.11259411 -0.03235480
    2    1
 -0.11259411  0.03235480   -0.02317818 -0.02456900    0.02317818  0.02456900
 -0.02317818 -0.02456900   -0.11259411  0.03235480   -0.02317818 -0.02456900
  0.02317818  0.02456900   -0.02317818 -0.02456900   -0.11259411  0.03235480
    2    2
  0.14931671  0.00000000   -0.00430080  0.00000000    0.00430080  0.00000000
 -0.00430080  0.00000000    0.14931671  0.00000000   -0.00430080  0.00000000
  0.00430080  0.00000000   -0.00430080  0.00000000    0.14931671  0.00000000

     Dynamical  Matrix in cartesian axes

     q = (    0.250000000  -0.250000000  -0.250000000 ) 

    1    1
  0.14931671  0.00000000   -0.00430080  0.00000000   -0.00430080  0.00000000
 -0.00430080  0.00000000    0.14931671  0.00000000    0.00430080  0.00000000
 -0.00430080  0.00000000    0.00430080  0.00000000    0.14931671  0.00000000
    1    2
 -0.11259411 -0.03235480   -0.02317818  0.02456900   -0.02317818  0.02456900
 -0.02317818  0.02456900   -0.11259411 -0.03235480    0.02317818 -0.02456900
 -0.02317818  0.02456900    0.02317818 -0.02456900   -0.11259411 -0.03235480
    2    1
 -0.11259411  0.03235480   -0.02317818 -0.02456900   -0.02317818 -0.02456900
 -0.02317818 -0.02456900   -0.11259411  0.03235480    0.02317818  0.02456900
 -0.02317818 -0.02456900    0.02317818  0.02456900   -0.11259411  0.03235480
    2    2
  0.14931671  0.00000000   -0.00430080  0.00000000   -0.00430080  0.00000000
 -0.00430080  0.00000000    0.14931671  0.00000000    0.00430080  0.00000000
 -0.00430080  0.00000000    0.00430080  0.00000000    0.14931671  0.00000000

     Dynamical  Matrix in cartesian axes

     q = (    0.250000000  -0.250000000   0.250000000 ) 

    1    1
  0.14931671  0.00000000   -0.00430080  0.00000000    0.00430080  0.00000000
 -0.00430080  0.00000000    0.14931671  0.00000000   -0.00430080  0.00000000
  0.00430080  0.00000000   -0.00430080  0.00000000    0.14931671  0.00000000
    1    2
 -0.11259411  0.03235480   -0.02317818 -0.02456900    0.02317818  0.02456900
 -0.02317818 -0.02456900   -0.11259411  0.03235480   -0.02317818 -0.02456900
  0.02317818  0.02456900   -0.02317818 -0.02456900   -0.11259411  0.03235480
    2    1
 -0.11259411 -0.03235480   -0.02317818  0.02456900    0.02317818 -0.02456900
 -0.02317818  0.02456900   -0.11259411 -0.03235480   -0.02317818  0.02456900
  0.02317818 -0.02456900   -0.02317818  0.02456900   -0.11259411 -0.03235480
    2    2
  0.14931671  0.00000000   -0.00430080  0.00000000    0.00430080  0.00000000
 -0.00430080  0.00000000    0.14931671  0.00000000   -0.00430080  0.00000000
  0.00430080  0.00000000   -0.00430080  0.00000000    0.14931671  0.00000000

     Dynamical  Matrix in cartesian axes

     q = (   -0.250000000   0.250000000   0.250000000 ) 

    1    1
  0.14931671  0.00000000   -0.00430080  0.00000000   -0.00430080  0.00000000
 -0.00430080  0.00000000    0.14931671  0.00000000    0.00430080  0.00000000
 -0.00430080  0.00000000    0.00430080  0.00000000    0.14931671  0.00000000
    1    2
 -0.11259411  0.03235480   -0.02317818 -0.02456900   -0.02317818 -0.02456900
 -0.02317818 -0.02456900   -0.11259411  0.03235480    0.02317818  0.02456900
 -0.02317818 -0.02456900    0.02317818  0.02456900   -0.11259411  0.03235480
    2    1
 -0.11259411 -0.03235480   -0.02317818  0.02456900   -0.02317818  0.02456900
 -0.02317818  0.02456900   -0.11259411 -0.03235480    0.02317818 -0.02456900
 -0.02317818  0.02456900    0.02317818 -0.02456900   -0.11259411 -0.03235480
    2    2
  0.14931671  0.00000000   -0.00430080  0.00000000   -0.00430080  0.00000000
 -0.00430080  0.00000000    0.14931671  0.00000000    0.00430080  0.00000000
 -0.00430080  0.00000000    0.00430080  0.00000000    0.14931671  0.00000000

     Dynamical  Matrix in cartesian axes

     q = (    0.250000000   0.250000000  -0.250000000 ) 

    1    1
  0.14931671  0.00000000    0.00430080  0.00000000   -0.00430080  0.00000000
  0.00430080  0.00000000    0.14931671  0.00000000   -0.00430080  0.00000000
 -0.00430080  0.00000000   -0.00430080  0.00000000    0.14931671  0.00000000
    1    2
 -0.11259411  0.03235480    0.02317818  0.02456900   -0.02317818 -0.02456900
  0.02317818  0.02456900   -0.11259411  0.03235480   -0.02317818 -0.02456900
 -0.02317818 -0.02456900   -0.02317818 -0.02456900   -0.11259411  0.03235480
    2    1
 -0.11259411 -0.03235480    0.02317818 -0.02456900   -0.02317818  0.02456900
  0.02317818 -0.02456900   -0.11259411 -0.03235480   -0.02317818  0.02456900
 -0.02317818  0.02456900   -0.02317818  0.02456900   -0.11259411 -0.03235480
    2    2
  0.14931671  0.00000000    0.00430080  0.00000000   -0.00430080  0.00000000
  0.00430080  0.00000000    0.14931671  0.00000000   -0.00430080  0.00000000
 -0.00430080  0.00000000   -0.00430080  0.00000000    0.14931671  0.00000000

     Dynamical  Matrix in cartesian axes

     q = (   -0.250000000  -0.250000000  -0.250000000 ) 

    1    1
  0.14931671  0.00000000    0.00430080  0.00000000    0.00430080  0.00000000
  0.00430080  0.00000000    0.14931671  0.00000000    0.00430080  0.00000000
  0.00430080  0.00000000    0.00430080  0.00000000    0.14931671  0.00000000
    1    2
 -0.03235480 -0.11259411   -0.02456900  0.02317818   -0.02456900  0.02317818
 -0.02456900  0.02317818   -0.03235480 -0.11259411   -0.02456900  0.02317818
 -0.02456900  0.02317818   -0.02456900  0.02317818   -0.03235480 -0.11259411
    2    1
 -0.03235480  0.11259411   -0.02456900 -0.02317818   -0.02456900 -0.02317818
 -0.02456900 -0.02317818   -0.03235480  0.11259411   -0.02456900 -0.02317818
 -0.02456900 -0.02317818   -0.02456900 -0.02317818   -0.03235480  0.11259411
    2    2
  0.14931671  0.00000000    0.00430080  0.00000000    0.00430080  0.00000000
  0.00430080  0.00000000    0.14931671  0.00000000    0.00430080  0.00000000
  0.00430080  0.00000000    0.00430080  0.00000000    0.14931671  0.00000000

     Dynamical  Matrix in cartesian axes

     q = (   -0.250000000  -0.250000000   0.250000000 ) 

    1    1
  0.14931671  0.00000000    0.00430080  0.00000000   -0.00430080  0.00000000
  0.00430080  0.00000000    0.14931671  0.00000000   -0.00430080  0.00000000
 -0.00430080  0.00000000   -0.00430080  0.00000000    0.14931671  0.00000000
    1    2
 -0.11259411 -0.03235480    0.02317818 -0.02456900   -0.02317818  0.02456900
  0.02317818 -0.02456900   -0.11259411 -0.03235480   -0.02317818  0.02456900
 -0.02317818  0.02456900   -0.02317818  0.02456900   -0.11259411 -0.03235480
    2    1
 -0.11259411  0.03235480    0.02317818  0.02456900   -0.02317818 -0.02456900
  0.02317818  0.02456900   -0.11259411  0.03235480   -0.02317818 -0.02456900
 -0.02317818 -0.02456900   -0.02317818 -0.02456900   -0.11259411  0.03235480
    2    2
  0.14931671  0.00000000    0.00430080  0.00000000   -0.00430080  0.00000000
  0.00430080  0.00000000    0.14931671  0.00000000   -0.00430080  0.00000000
 -0.00430080  0.00000000   -0.00430080  0.00000000    0.14931671  0.00000000

     Dynamical  Matrix in cartesian axes

     q = (    0.250000000   0.250000000   0.250000000 ) 

    1    1
  0.14931671  0.00000000    0.00430080  0.00000000    0.00430080  0.00000000
  0.00430080  0.00000000    0.14931671  0.00000000    0.00430080  0.00000000
  0.00430080  0.00000000    0.00430080  0.00000000    0.14931671  0.00000000
    1    2
 -0.03235480  0.11259411   -0.02456900 -0.02317818   -0.02456900 -0.02317818
 -0.02456900 -0.02317818   -0.03235480  0.11259411   -0.02456900 -0.02317818
 -0.02456900 -0.02317818   -0.02456900 -0.02317818   -0.03235480  0.11259411
    2    1
 -0.03235480 -0.11259411   -0.02456900  0.02317818   -0.02456900  0.02317818
 -0.02456900  0.02317818   -0.03235480 -0.11259411   -0.02456900  0.02317818
 -0.02456900  0.02317818   -0.02456900  0.02317818   -0.03235480 -0.11259411
    2    2
  0.14931671  0.00000000    0.00430080  0.00000000    0.00430080  0.00000000
  0.00430080  0.00000000    0.14931671  0.00000000    0.00430080  0.00000000
  0.00430080  0.00000000    0.00430080  0.00000000    0.14931671  0.00000000

     Diagonalizing the dynamical matrix

     q = (   -0.250000000   0.250000000  -0.250000000 ) 

 **************************************************************************
     freq (    1) =       0.949912 [THz] =      31.685659 [cm-1]
 ( -0.479605  0.216009 -0.080560  0.238892  0.399045  0.022883 ) 
 ( -0.466451  0.243112 -0.066751  0.243112  0.399700  0.000000 ) 
     freq (    2) =       0.949912 [THz] =      31.685659 [cm-1]
 (  0.060738 -0.230138  0.476676 -0.206287  0.415938  0.023852 ) 
 (  0.047463 -0.233238  0.464084 -0.233238  0.416621  0.000000 ) 
     freq (    3) =       2.300385 [THz] =      76.732594 [cm-1]
 ( -0.257497 -0.316800  0.257497  0.316800 -0.257497 -0.316800 ) 
 ( -0.408248  0.000000  0.408248 -0.000000 -0.408248  0.000000 ) 
     freq (    4) =       5.128502 [THz] =     171.068427 [cm-1]
 ( -0.257497 -0.316800  0.257497  0.316800 -0.257497 -0.316800 ) 
 (  0.408248  0.000000 -0.408248 -0.000000  0.408248  0.000000 ) 
     freq (    5) =       5.301859 [THz] =     176.850987 [cm-1]
 (  0.284861  0.012925 -0.291515 -0.020127 -0.576376 -0.033052 ) 
 ( -0.285133  0.003404  0.292189  0.003404  0.577323  0.000000 ) 
     freq (    6) =       5.301859 [THz] =     176.850987 [cm-1]
 ( -0.342148 -0.367363 -0.336496 -0.367039  0.005652  0.000324 ) 
 (  0.362618  0.347172  0.356957  0.347172 -0.005661  0.000000 ) 
 **************************************************************************
