Dynamical matrix file
                                                                           
  1    2  2 12.5600000  0.0000000  0.0000000  0.0000000  0.0000000  0.0000000
           1  'Sn  '    108197.54598352207     
    1    1      0.0000000000      0.0000000000      0.0000000000
    2    1      0.2500000000      0.2500000000      0.2500000000

     Dynamical  Matrix in cartesian axes

     q = (   -0.125000000   0.625000000  -0.125000000 ) 

    1    1
  0.13524256 -0.00000000   -0.00032541  0.00245515   -0.00046266 -0.00000000
 -0.00032541 -0.00245515    0.16466176 -0.00000000   -0.00032541 -0.00245515
 -0.00046266 -0.00000000   -0.00032541  0.00245515    0.13524256 -0.00000000
    1    2
 -0.05687787  0.04338457   -0.00935100  0.01865773   -0.04788828 -0.07769130
 -0.00935100  0.01865773   -0.06099765  0.05196827   -0.00935100  0.01865773
 -0.04788828 -0.07769130   -0.00935100  0.01865773   -0.05687787  0.04338457
    2    1
 -0.05687787 -0.04338457   -0.00935100 -0.01865773   -0.04788828  0.07769130
 -0.00935100 -0.01865773   -0.06099765 -0.05196827   -0.00935100 -0.01865773
 -0.04788828  0.07769130   -0.00935100 -0.01865773   -0.05687787 -0.04338457
    2    2
  0.13524256  0.00000000   -0.00032541 -0.00245515   -0.00046266  0.00000000
 -0.00032541  0.00245515    0.16466176  0.00000000   -0.00032541  0.00245515
 -0.00046266  0.00000000   -0.00032541 -0.00245515    0.13524256  0.00000000

     Dynamical  Matrix in cartesian axes

     q = (   -0.125000000   0.625000000   0.125000000 ) 

    1    1
  0.13524256  0.00000000   -0.00032541 -0.00245515    0.00046266  0.00000000
 -0.00032541  0.00245515    0.16466176  0.00000000    0.00032541 -0.00245515
  0.00046266  0.00000000    0.00032541  0.00245515    0.13524256  0.00000000
    1    2
 -0.04338457  0.05687787   -0.01865773  0.00935100   -0.07769130 -0.04788828
 -0.01865773  0.00935100   -0.05196827  0.06099765    0.01865773 -0.00935100
 -0.07769130 -0.04788828    0.01865773 -0.00935100   -0.04338457  0.05687787
    2    1
 -0.04338457 -0.05687787   -0.01865773 -0.00935100   -0.07769130  0.04788828
 -0.01865773 -0.00935100   -0.05196827 -0.06099765    0.01865773  0.00935100
 -0.07769130  0.04788828    0.01865773  0.00935100   -0.04338457 -0.05687787
    2    2
  0.13524256  0.00000000   -0.00032541  0.00245515    0.00046266  0.00000000
 -0.00032541 -0.00245515    0.16466176 -0.00000000    0.00032541  0.00245515
  0.00046266  0.00000000    0.00032541 -0.00245515    0.13524256  0.00000000

     Dynamical  Matrix in cartesian axes

     q = (    0.125000000   0.625000000  -0.125000000 ) 

    1    1
  0.13524256  0.00000000    0.00032541  0.00245515    0.00046266  0.00000000
  0.00032541 -0.00245515    0.16466176 -0.00000000   -0.00032541  0.00245515
  0.00046266  0.00000000   -0.00032541 -0.00245515    0.13524256  0.00000000
    1    2
 -0.04338457  0.05687787    0.01865773 -0.00935100   -0.07769130 -0.04788828
  0.01865773 -0.00935100   -0.05196827  0.06099765   -0.01865773  0.00935100
 -0.07769130 -0.04788828   -0.01865773  0.00935100   -0.04338457  0.05687787
    2    1
 -0.04338457 -0.05687787    0.01865773  0.00935100   -0.07769130  0.04788828
  0.01865773  0.00935100   -0.05196827 -0.06099765   -0.01865773 -0.00935100
 -0.07769130  0.04788828   -0.01865773 -0.00935100   -0.04338457 -0.05687787
    2    2
  0.13524256  0.00000000    0.00032541 -0.00245515    0.00046266  0.00000000
  0.00032541  0.00245515    0.16466176  0.00000000   -0.00032541 -0.00245515
  0.00046266  0.00000000   -0.00032541  0.00245515    0.13524256  0.00000000

     Dynamical  Matrix in cartesian axes

     q = (    0.125000000   0.625000000   0.125000000 ) 

    1    1
  0.13524256  0.00000000    0.00032541 -0.00245515   -0.00046266  0.00000000
  0.00032541  0.00245515    0.16466176  0.00000000    0.00032541  0.00245515
 -0.00046266  0.00000000    0.00032541 -0.00245515    0.13524256  0.00000000
    1    2
 -0.00954120  0.07089625   -0.00658085 -0.01980516   -0.08879817 -0.02107392
 -0.00658085 -0.01980516   -0.00638474  0.07987896   -0.00658085 -0.01980516
 -0.08879817 -0.02107392   -0.00658085 -0.01980516   -0.00954120  0.07089625
    2    1
 -0.00954120 -0.07089625   -0.00658085  0.01980516   -0.08879817  0.02107392
 -0.00658085  0.01980516   -0.00638474 -0.07987896   -0.00658085  0.01980516
 -0.08879817  0.02107392   -0.00658085  0.01980516   -0.00954120 -0.07089625
    2    2
  0.13524256 -0.00000000    0.00032541  0.00245515   -0.00046266 -0.00000000
  0.00032541 -0.00245515    0.16466176 -0.00000000    0.00032541 -0.00245515
 -0.00046266 -0.00000000    0.00032541  0.00245515    0.13524256 -0.00000000

     Dynamical  Matrix in cartesian axes

     q = (    0.125000000  -0.625000000   0.125000000 ) 

    1    1
  0.13524256  0.00000000   -0.00032541 -0.00245515   -0.00046266  0.00000000
 -0.00032541  0.00245515    0.16466176  0.00000000   -0.00032541  0.00245515
 -0.00046266  0.00000000   -0.00032541 -0.00245515    0.13524256  0.00000000
    1    2
 -0.05687787 -0.04338457   -0.00935100 -0.01865773   -0.04788828  0.07769130
 -0.00935100 -0.01865773   -0.06099765 -0.05196827   -0.00935100 -0.01865773
 -0.04788828  0.07769130   -0.00935100 -0.01865773   -0.05687787 -0.04338457
    2    1
 -0.05687787  0.04338457   -0.00935100  0.01865773   -0.04788828 -0.07769130
 -0.00935100  0.01865773   -0.06099765  0.05196827   -0.00935100  0.01865773
 -0.04788828 -0.07769130   -0.00935100  0.01865773   -0.05687787  0.04338457
    2    2
  0.13524256 -0.00000000   -0.00032541  0.00245515   -0.00046266 -0.00000000
 -0.00032541 -0.00245515    0.16466176 -0.00000000   -0.00032541 -0.00245515
 -0.00046266 -0.00000000   -0.00032541  0.00245515    0.13524256 -0.00000000

     Dynamical  Matrix in cartesian axes

     q = (    0.125000000  -0.625000000  -0.125000000 ) 

    1    1
  0.13524256  0.00000000   -0.00032541  0.00245515    0.00046266  0.00000000
 -0.00032541 -0.00245515    0.16466176 -0.00000000    0.00032541  0.00245515
  0.00046266  0.00000000    0.00032541 -0.00245515    0.13524256  0.00000000
    1    2
 -0.04338457 -0.05687787   -0.01865773 -0.00935100   -0.07769130  0.04788828
 -0.01865773 -0.00935100   -0.05196827 -0.06099765    0.01865773  0.00935100
 -0.07769130  0.04788828    0.01865773  0.00935100   -0.04338457 -0.05687787
    2    1
 -0.04338457  0.05687787   -0.01865773  0.00935100   -0.07769130 -0.04788828
 -0.01865773  0.00935100   -0.05196827  0.06099765    0.01865773 -0.00935100
 -0.07769130 -0.04788828    0.01865773 -0.00935100   -0.04338457  0.05687787
    2    2
  0.13524256  0.00000000   -0.00032541 -0.00245515    0.00046266  0.00000000
 -0.00032541  0.00245515    0.16466176  0.00000000    0.00032541 -0.00245515
  0.00046266  0.00000000    0.00032541  0.00245515    0.13524256  0.00000000

     Dynamical  Matrix in cartesian axes

     q = (   -0.125000000  -0.625000000  -0.125000000 ) 

    1    1
  0.13524256 -0.00000000    0.00032541  0.00245515   -0.00046266 -0.00000000
  0.00032541 -0.00245515    0.16466176 -0.00000000    0.00032541 -0.00245515
 -0.00046266 -0.00000000    0.00032541  0.00245515    0.13524256 -0.00000000
    1    2
 -0.00954120 -0.07089625   -0.00658085  0.01980516   -0.08879817  0.02107392
 -0.00658085  0.01980516   -0.00638474 -0.07987896   -0.00658085  0.01980516
 -0.08879817  0.02107392   -0.00658085  0.01980516   -0.00954120 -0.07089625
    2    1
 -0.00954120  0.07089625   -0.00658085 -0.01980516   -0.08879817 -0.02107392
 -0.00658085 -0.01980516   -0.00638474  0.07987896   -0.00658085 -0.01980516
 -0.08879817 -0.02107392   -0.00658085 -0.01980516   -0.00954120  0.07089625
    2    2
  0.13524256  0.00000000    0.00032541 -0.00245515   -0.00046266  0.00000000
  0.00032541  0.00245515    0.16466176  0.00000000    0.00032541  0.00245515
 -0.00046266  0.00000000    0.00032541 -0.00245515    0.13524256  0.00000000

     Dynamical  Matrix in cartesian axes

     q = (    0.125000000   0.125000000  -0.625000000 ) 

    1    1
  0.13524256 -0.00000000   -0.00046266 -0.00000000   -0.00032541 -0.00245515
 -0.00046266 -0.00000000    0.13524256 -0.00000000   -0.00032541 -0.00245515
 -0.00032541  0.00245515   -0.00032541  0.00245515    0.16466176 -0.00000000
    1    2
 -0.05687787 -0.04338457   -0.04788828  0.07769130   -0.00935100 -0.01865773
 -0.04788828  0.07769130   -0.05687787 -0.04338457   -0.00935100 -0.01865773
 -0.00935100 -0.01865773   -0.00935100 -0.01865773   -0.06099765 -0.05196827
    2    1
 -0.05687787  0.04338457   -0.04788828 -0.07769130   -0.00935100  0.01865773
 -0.04788828 -0.07769130   -0.05687787  0.04338457   -0.00935100  0.01865773
 -0.00935100  0.01865773   -0.00935100  0.01865773   -0.06099765  0.05196827
    2    2
  0.13524256  0.00000000   -0.00046266  0.00000000   -0.00032541  0.00245515
 -0.00046266  0.00000000    0.13524256  0.00000000   -0.00032541  0.00245515
 -0.00032541 -0.00245515   -0.00032541 -0.00245515    0.16466176  0.00000000

     Dynamical  Matrix in cartesian axes

     q = (   -0.125000000  -0.625000000   0.125000000 ) 

    1    1
  0.13524256  0.00000000    0.00032541 -0.00245515    0.00046266  0.00000000
  0.00032541  0.00245515    0.16466176  0.00000000   -0.00032541 -0.00245515
  0.00046266  0.00000000   -0.00032541  0.00245515    0.13524256  0.00000000
    1    2
 -0.04338457 -0.05687787    0.01865773  0.00935100   -0.07769130  0.04788828
  0.01865773  0.00935100   -0.05196827 -0.06099765   -0.01865773 -0.00935100
 -0.07769130  0.04788828   -0.01865773 -0.00935100   -0.04338457 -0.05687787
    2    1
 -0.04338457  0.05687787    0.01865773 -0.00935100   -0.07769130 -0.04788828
  0.01865773 -0.00935100   -0.05196827  0.06099765   -0.01865773  0.00935100
 -0.07769130 -0.04788828   -0.01865773  0.00935100   -0.04338457  0.05687787
    2    2
  0.13524256  0.00000000    0.00032541  0.00245515    0.00046266  0.00000000
  0.00032541 -0.00245515    0.16466176 -0.00000000   -0.00032541  0.00245515
  0.00046266  0.00000000   -0.00032541 -0.00245515    0.13524256  0.00000000

     Dynamical  Matrix in cartesian axes

     q = (    0.625000000  -0.125000000  -0.125000000 ) 

    1    1
  0.16466176 -0.00000000   -0.00032541 -0.00245515   -0.00032541 -0.00245515
 -0.00032541  0.00245515    0.13524256 -0.00000000   -0.00046266  0.00000000
 -0.00032541  0.00245515   -0.00046266  0.00000000    0.13524256 -0.00000000
    1    2
 -0.06099765  0.05196827   -0.00935100  0.01865773   -0.00935100  0.01865773
 -0.00935100  0.01865773   -0.05687787  0.04338457   -0.04788828 -0.07769130
 -0.00935100  0.01865773   -0.04788828 -0.07769130   -0.05687787  0.04338457
    2    1
 -0.06099765 -0.05196827   -0.00935100 -0.01865773   -0.00935100 -0.01865773
 -0.00935100 -0.01865773   -0.05687787 -0.04338457   -0.04788828  0.07769130
 -0.00935100 -0.01865773   -0.04788828  0.07769130   -0.05687787 -0.04338457
    2    2
  0.16466176  0.00000000   -0.00032541  0.00245515   -0.00032541  0.00245515
 -0.00032541 -0.00245515    0.13524256  0.00000000   -0.00046266 -0.00000000
 -0.00032541 -0.00245515   -0.00046266 -0.00000000    0.13524256  0.00000000

     Dynamical  Matrix in cartesian axes

     q = (   -0.625000000  -0.125000000   0.125000000 ) 

    1    1
  0.16466176  0.00000000    0.00032541  0.00245515   -0.00032541 -0.00245515
  0.00032541 -0.00245515    0.13524256  0.00000000    0.00046266 -0.00000000
 -0.00032541  0.00245515    0.00046266 -0.00000000    0.13524256  0.00000000
    1    2
 -0.05196827 -0.06099765    0.01865773  0.00935100   -0.01865773 -0.00935100
  0.01865773  0.00935100   -0.04338457 -0.05687787   -0.07769130  0.04788828
 -0.01865773 -0.00935100   -0.07769130  0.04788828   -0.04338457 -0.05687787
    2    1
 -0.05196827  0.06099765    0.01865773 -0.00935100   -0.01865773  0.00935100
  0.01865773 -0.00935100   -0.04338457  0.05687787   -0.07769130 -0.04788828
 -0.01865773  0.00935100   -0.07769130 -0.04788828   -0.04338457  0.05687787
    2    2
  0.16466176 -0.00000000    0.00032541 -0.00245515   -0.00032541  0.00245515
  0.00032541  0.00245515    0.13524256 -0.00000000    0.00046266  0.00000000
 -0.00032541 -0.00245515    0.00046266  0.00000000    0.13524256 -0.00000000

     Dynamical  Matrix in cartesian axes

     q = (    0.625000000   0.125000000   0.125000000 ) 

    1    1
  0.16466176  0.00000000    0.00032541  0.00245515    0.00032541  0.00245515
  0.00032541 -0.00245515    0.13524256  0.00000000   -0.00046266 -0.00000000
  0.00032541 -0.00245515   -0.00046266 -0.00000000    0.13524256  0.00000000
    1    2
 -0.00638474  0.07987896   -0.00658085 -0.01980516   -0.00658085 -0.01980516
 -0.00658085 -0.01980516   -0.00954120  0.07089625   -0.08879817 -0.02107392
 -0.00658085 -0.01980516   -0.08879817 -0.02107392   -0.00954120  0.07089625
    2    1
 -0.00638474 -0.07987896   -0.00658085  0.01980516   -0.00658085  0.01980516
 -0.00658085  0.01980516   -0.00954120 -0.07089625   -0.08879817  0.02107392
 -0.00658085  0.01980516   -0.08879817  0.02107392   -0.00954120 -0.07089625
    2    2
  0.16466176 -0.00000000    0.00032541 -0.00245515    0.00032541 -0.00245515
  0.00032541  0.00245515    0.13524256 -0.00000000   -0.00046266  0.00000000
  0.00032541  0.00245515   -0.00046266  0.00000000    0.13524256 -0.00000000

     Dynamical  Matrix in cartesian axes

     q = (    0.625000000  -0.125000000   0.125000000 ) 

    1    1
  0.16466176  0.00000000   -0.00032541  0.00245515    0.00032541 -0.00245515
 -0.00032541 -0.00245515    0.13524256  0.00000000    0.00046266 -0.00000000
  0.00032541  0.00245515    0.00046266 -0.00000000    0.13524256  0.00000000
    1    2
 -0.05196827  0.06099765   -0.01865773  0.00935100    0.01865773 -0.00935100
 -0.01865773  0.00935100   -0.04338457  0.05687787   -0.07769130 -0.04788828
  0.01865773 -0.00935100   -0.07769130 -0.04788828   -0.04338457  0.05687787
    2    1
 -0.05196827 -0.06099765   -0.01865773 -0.00935100    0.01865773  0.00935100
 -0.01865773 -0.00935100   -0.04338457 -0.05687787   -0.07769130  0.04788828
  0.01865773  0.00935100   -0.07769130  0.04788828   -0.04338457 -0.05687787
    2    2
  0.16466176 -0.00000000   -0.00032541 -0.00245515    0.00032541  0.00245515
 -0.00032541  0.00245515    0.13524256 -0.00000000    0.00046266  0.00000000
  0.00032541 -0.00245515    0.00046266  0.00000000    0.13524256 -0.00000000

     Dynamical  Matrix in cartesian axes

     q = (   -0.125000000  -0.125000000   0.625000000 ) 

    1    1
  0.13524256  0.00000000   -0.00046266  0.00000000   -0.00032541  0.00245515
 -0.00046266  0.00000000    0.13524256  0.00000000   -0.00032541  0.00245515
 -0.00032541 -0.00245515   -0.00032541 -0.00245515    0.16466176  0.00000000
    1    2
 -0.05687787  0.04338457   -0.04788828 -0.07769130   -0.00935100  0.01865773
 -0.04788828 -0.07769130   -0.05687787  0.04338457   -0.00935100  0.01865773
 -0.00935100  0.01865773   -0.00935100  0.01865773   -0.06099765  0.05196827
    2    1
 -0.05687787 -0.04338457   -0.04788828  0.07769130   -0.00935100 -0.01865773
 -0.04788828  0.07769130   -0.05687787 -0.04338457   -0.00935100 -0.01865773
 -0.00935100 -0.01865773   -0.00935100 -0.01865773   -0.06099765 -0.05196827
    2    2
  0.13524256 -0.00000000   -0.00046266 -0.00000000   -0.00032541 -0.00245515
 -0.00046266 -0.00000000    0.13524256 -0.00000000   -0.00032541 -0.00245515
 -0.00032541  0.00245515   -0.00032541  0.00245515    0.16466176 -0.00000000

     Dynamical  Matrix in cartesian axes

     q = (   -0.125000000   0.125000000  -0.625000000 ) 

    1    1
  0.13524256 -0.00000000    0.00046266  0.00000000    0.00032541 -0.00245515
  0.00046266  0.00000000    0.13524256 -0.00000000   -0.00032541  0.00245515
  0.00032541  0.00245515   -0.00032541 -0.00245515    0.16466176 -0.00000000
    1    2
 -0.04338457 -0.05687787   -0.07769130  0.04788828    0.01865773  0.00935100
 -0.07769130  0.04788828   -0.04338457 -0.05687787   -0.01865773 -0.00935100
  0.01865773  0.00935100   -0.01865773 -0.00935100   -0.05196827 -0.06099765
    2    1
 -0.04338457  0.05687787   -0.07769130 -0.04788828    0.01865773 -0.00935100
 -0.07769130 -0.04788828   -0.04338457  0.05687787   -0.01865773  0.00935100
  0.01865773 -0.00935100   -0.01865773  0.00935100   -0.05196827  0.06099765
    2    2
  0.13524256  0.00000000    0.00046266 -0.00000000    0.00032541  0.00245515
  0.00046266 -0.00000000    0.13524256  0.00000000   -0.00032541 -0.00245515
  0.00032541 -0.00245515   -0.00032541  0.00245515    0.16466176  0.00000000

     Dynamical  Matrix in cartesian axes

     q = (    0.125000000   0.125000000   0.625000000 ) 

    1    1
  0.13524256 -0.00000000   -0.00046266 -0.00000000    0.00032541 -0.00245515
 -0.00046266 -0.00000000    0.13524256 -0.00000000    0.00032541 -0.00245515
  0.00032541  0.00245515    0.00032541  0.00245515    0.16466176 -0.00000000
    1    2
 -0.00954120  0.07089625   -0.08879817 -0.02107392   -0.00658085 -0.01980516
 -0.08879817 -0.02107392   -0.00954120  0.07089625   -0.00658085 -0.01980516
 -0.00658085 -0.01980516   -0.00658085 -0.01980516   -0.00638474  0.07987896
    2    1
 -0.00954120 -0.07089625   -0.08879817  0.02107392   -0.00658085  0.01980516
 -0.08879817  0.02107392   -0.00954120 -0.07089625   -0.00658085  0.01980516
 -0.00658085  0.01980516   -0.00658085  0.01980516   -0.00638474 -0.07987896
    2    2
  0.13524256  0.00000000   -0.00046266  0.00000000    0.00032541  0.00245515
 -0.00046266  0.00000000    0.13524256  0.00000000    0.00032541  0.00245515
  0.00032541 -0.00245515    0.00032541 -0.00245515    0.16466176  0.00000000

     Dynamical  Matrix in cartesian axes

     q = (    0.125000000  -0.125000000  -0.625000000 ) 

    1    1
  0.13524256 -0.00000000    0.00046266  0.00000000   -0.00032541  0.00245515
  0.00046266  0.00000000    0.13524256 -0.00000000    0.00032541 -0.00245515
 -0.00032541 -0.00245515    0.00032541  0.00245515    0.16466176 -0.00000000
    1    2
 -0.04338457 -0.05687787   -0.07769130  0.04788828   -0.01865773 -0.00935100
 -0.07769130  0.04788828   -0.04338457 -0.05687787    0.01865773  0.00935100
 -0.01865773 -0.00935100    0.01865773  0.00935100   -0.05196827 -0.06099765
    2    1
 -0.04338457  0.05687787   -0.07769130 -0.04788828   -0.01865773  0.00935100
 -0.07769130 -0.04788828   -0.04338457  0.05687787    0.01865773 -0.00935100
 -0.01865773  0.00935100    0.01865773 -0.00935100   -0.05196827  0.06099765
    2    2
  0.13524256  0.00000000    0.00046266 -0.00000000   -0.00032541 -0.00245515
  0.00046266 -0.00000000    0.13524256  0.00000000    0.00032541  0.00245515
 -0.00032541  0.00245515    0.00032541 -0.00245515    0.16466176  0.00000000

     Dynamical  Matrix in cartesian axes

     q = (   -0.625000000   0.125000000  -0.125000000 ) 

    1    1
  0.16466176 -0.00000000   -0.00032541 -0.00245515    0.00032541  0.00245515
 -0.00032541  0.00245515    0.13524256 -0.00000000    0.00046266  0.00000000
  0.00032541 -0.00245515    0.00046266  0.00000000    0.13524256 -0.00000000
    1    2
 -0.05196827 -0.06099765   -0.01865773 -0.00935100    0.01865773  0.00935100
 -0.01865773 -0.00935100   -0.04338457 -0.05687787   -0.07769130  0.04788828
  0.01865773  0.00935100   -0.07769130  0.04788828   -0.04338457 -0.05687787
    2    1
 -0.05196827  0.06099765   -0.01865773  0.00935100    0.01865773 -0.00935100
 -0.01865773  0.00935100   -0.04338457  0.05687787   -0.07769130 -0.04788828
  0.01865773 -0.00935100   -0.07769130 -0.04788828   -0.04338457  0.05687787
    2    2
  0.16466176  0.00000000   -0.00032541  0.00245515    0.00032541 -0.00245515
 -0.00032541 -0.00245515    0.13524256  0.00000000    0.00046266 -0.00000000
  0.00032541  0.00245515    0.00046266 -0.00000000    0.13524256  0.00000000

     Dynamical  Matrix in cartesian axes

     q = (    0.125000000  -0.125000000   0.625000000 ) 

    1    1
  0.13524256  0.00000000    0.00046266 -0.00000000    0.00032541  0.00245515
  0.00046266 -0.00000000    0.13524256  0.00000000   -0.00032541 -0.00245515
  0.00032541 -0.00245515   -0.00032541  0.00245515    0.16466176  0.00000000
    1    2
 -0.04338457  0.05687787   -0.07769130 -0.04788828    0.01865773 -0.00935100
 -0.07769130 -0.04788828   -0.04338457  0.05687787   -0.01865773  0.00935100
  0.01865773 -0.00935100   -0.01865773  0.00935100   -0.05196827  0.06099765
    2    1
 -0.04338457 -0.05687787   -0.07769130  0.04788828    0.01865773  0.00935100
 -0.07769130  0.04788828   -0.04338457 -0.05687787   -0.01865773 -0.00935100
  0.01865773  0.00935100   -0.01865773 -0.00935100   -0.05196827 -0.06099765
    2    2
  0.13524256 -0.00000000    0.00046266  0.00000000    0.00032541 -0.00245515
  0.00046266  0.00000000    0.13524256 -0.00000000   -0.00032541  0.00245515
  0.00032541  0.00245515   -0.00032541 -0.00245515    0.16466176 -0.00000000

     Dynamical  Matrix in cartesian axes

     q = (   -0.625000000  -0.125000000  -0.125000000 ) 

    1    1
  0.16466176 -0.00000000    0.00032541 -0.00245515    0.00032541 -0.00245515
  0.00032541  0.00245515    0.13524256 -0.00000000   -0.00046266  0.00000000
  0.00032541  0.00245515   -0.00046266  0.00000000    0.13524256 -0.00000000
    1    2
 -0.00638474 -0.07987896   -0.00658085  0.01980516   -0.00658085  0.01980516
 -0.00658085  0.01980516   -0.00954120 -0.07089625   -0.08879817  0.02107392
 -0.00658085  0.01980516   -0.08879817  0.02107392   -0.00954120 -0.07089625
    2    1
 -0.00638474  0.07987896   -0.00658085 -0.01980516   -0.00658085 -0.01980516
 -0.00658085 -0.01980516   -0.00954120  0.07089625   -0.08879817 -0.02107392
 -0.00658085 -0.01980516   -0.08879817 -0.02107392   -0.00954120  0.07089625
    2    2
  0.16466176  0.00000000    0.00032541  0.00245515    0.00032541  0.00245515
  0.00032541 -0.00245515    0.13524256  0.00000000   -0.00046266 -0.00000000
  0.00032541 -0.00245515   -0.00046266 -0.00000000    0.13524256  0.00000000

     Dynamical  Matrix in cartesian axes

     q = (    0.625000000   0.125000000  -0.125000000 ) 

    1    1
  0.16466176 -0.00000000    0.00032541 -0.00245515   -0.00032541  0.00245515
  0.00032541  0.00245515    0.13524256 -0.00000000    0.00046266  0.00000000
 -0.00032541 -0.00245515    0.00046266  0.00000000    0.13524256 -0.00000000
    1    2
 -0.05196827  0.06099765    0.01865773 -0.00935100   -0.01865773  0.00935100
  0.01865773 -0.00935100   -0.04338457  0.05687787   -0.07769130 -0.04788828
 -0.01865773  0.00935100   -0.07769130 -0.04788828   -0.04338457  0.05687787
    2    1
 -0.05196827 -0.06099765    0.01865773  0.00935100   -0.01865773 -0.00935100
  0.01865773  0.00935100   -0.04338457 -0.05687787   -0.07769130  0.04788828
 -0.01865773 -0.00935100   -0.07769130  0.04788828   -0.04338457 -0.05687787
    2    2
  0.16466176  0.00000000    0.00032541  0.00245515   -0.00032541 -0.00245515
  0.00032541 -0.00245515    0.13524256  0.00000000    0.00046266 -0.00000000
 -0.00032541  0.00245515    0.00046266 -0.00000000    0.13524256  0.00000000

     Dynamical  Matrix in cartesian axes

     q = (   -0.125000000  -0.125000000  -0.625000000 ) 

    1    1
  0.13524256  0.00000000   -0.00046266  0.00000000    0.00032541  0.00245515
 -0.00046266  0.00000000    0.13524256  0.00000000    0.00032541  0.00245515
  0.00032541 -0.00245515    0.00032541 -0.00245515    0.16466176  0.00000000
    1    2
 -0.00954120 -0.07089625   -0.08879817  0.02107392   -0.00658085  0.01980516
 -0.08879817  0.02107392   -0.00954120 -0.07089625   -0.00658085  0.01980516
 -0.00658085  0.01980516   -0.00658085  0.01980516   -0.00638474 -0.07987896
    2    1
 -0.00954120  0.07089625   -0.08879817 -0.02107392   -0.00658085 -0.01980516
 -0.08879817 -0.02107392   -0.00954120  0.07089625   -0.00658085 -0.01980516
 -0.00658085 -0.01980516   -0.00658085 -0.01980516   -0.00638474  0.07987896
    2    2
  0.13524256 -0.00000000   -0.00046266 -0.00000000    0.00032541 -0.00245515
 -0.00046266 -0.00000000    0.13524256 -0.00000000    0.00032541 -0.00245515
  0.00032541  0.00245515    0.00032541  0.00245515    0.16466176 -0.00000000

     Dynamical  Matrix in cartesian axes

     q = (   -0.625000000   0.125000000   0.125000000 ) 

    1    1
  0.16466176  0.00000000   -0.00032541  0.00245515   -0.00032541  0.00245515
 -0.00032541 -0.00245515    0.13524256  0.00000000   -0.00046266 -0.00000000
 -0.00032541 -0.00245515   -0.00046266 -0.00000000    0.13524256  0.00000000
    1    2
 -0.06099765 -0.05196827   -0.00935100 -0.01865773   -0.00935100 -0.01865773
 -0.00935100 -0.01865773   -0.05687787 -0.04338457   -0.04788828  0.07769130
 -0.00935100 -0.01865773   -0.04788828  0.07769130   -0.05687787 -0.04338457
    2    1
 -0.06099765  0.05196827   -0.00935100  0.01865773   -0.00935100  0.01865773
 -0.00935100  0.01865773   -0.05687787  0.04338457   -0.04788828 -0.07769130
 -0.00935100  0.01865773   -0.04788828 -0.07769130   -0.05687787  0.04338457
    2    2
  0.16466176 -0.00000000   -0.00032541 -0.00245515   -0.00032541 -0.00245515
 -0.00032541  0.00245515    0.13524256 -0.00000000   -0.00046266  0.00000000
 -0.00032541  0.00245515   -0.00046266  0.00000000    0.13524256 -0.00000000

     Dynamical  Matrix in cartesian axes

     q = (   -0.125000000   0.125000000   0.625000000 ) 

    1    1
  0.13524256  0.00000000    0.00046266 -0.00000000   -0.00032541 -0.00245515
  0.00046266 -0.00000000    0.13524256  0.00000000    0.00032541  0.00245515
 -0.00032541  0.00245515    0.00032541 -0.00245515    0.16466176  0.00000000
    1    2
 -0.04338457  0.05687787   -0.07769130 -0.04788828   -0.01865773  0.00935100
 -0.07769130 -0.04788828   -0.04338457  0.05687787    0.01865773 -0.00935100
 -0.01865773  0.00935100    0.01865773 -0.00935100   -0.05196827  0.06099765
    2    1
 -0.04338457 -0.05687787   -0.07769130  0.04788828   -0.01865773 -0.00935100
 -0.07769130  0.04788828   -0.04338457 -0.05687787    0.01865773  0.00935100
 -0.01865773 -0.00935100    0.01865773  0.00935100   -0.05196827 -0.06099765
    2    2
  0.13524256 -0.00000000    0.00046266  0.00000000   -0.00032541  0.00245515
  0.00046266  0.00000000    0.13524256 -0.00000000    0.00032541 -0.00245515
 -0.00032541 -0.00245515    0.00032541  0.00245515    0.16466176 -0.00000000

     Diagonalizing the dynamical matrix

     q = (   -0.125000000   0.625000000  -0.125000000 ) 

 **************************************************************************
     freq (    1) =       1.195845 [THz] =      39.889081 [cm-1]
 ( -0.037022  0.498627  0.000000 -0.000000  0.037022 -0.498627 ) 
 ( -0.500000  0.000000  0.000000  0.000000  0.500000  0.000000 ) 
     freq (    2) =       1.356100 [THz] =      45.234642 [cm-1]
 ( -0.464462 -0.128320 -0.162238  0.096423 -0.464462 -0.128320 ) 
 ( -0.481862  0.000000 -0.130702 -0.136145 -0.481862  0.000000 ) 
     freq (    3) =       2.904958 [THz] =      96.898965 [cm-1]
 (  0.014121  0.148839 -0.610818 -0.286700  0.014121  0.148839 ) 
 (  0.149508  0.000000 -0.343112 -0.581007  0.149508  0.000000 ) 
     freq (    4) =       4.788563 [THz] =     159.729253 [cm-1]
 ( -0.285363 -0.179236  0.519352  0.056210 -0.285363 -0.179236 ) 
 (  0.336983 -0.000000 -0.469693 -0.228635  0.336983  0.000000 ) 
     freq (    5) =       5.071419 [THz] =     169.164333 [cm-1]
 ( -0.037022  0.498627  0.000000 -0.000000  0.037022 -0.498627 ) 
 (  0.500000 -0.000000 -0.000000 -0.000000 -0.500000  0.000000 ) 
     freq (    6) =       5.167060 [THz] =     172.354570 [cm-1]
 (  0.357276  0.065218  0.445693 -0.193801  0.357276  0.065218 ) 
 ( -0.363180 -0.000000 -0.403646 -0.270686 -0.363180  0.000000 ) 
 **************************************************************************
