Dynamical matrix file
                                                                           
  1    2  2 12.5600000  0.0000000  0.0000000  0.0000000  0.0000000  0.0000000
           1  'Sn  '    108197.54598352207     
    1    1      0.0000000000      0.0000000000      0.0000000000
    2    1      0.2500000000      0.2500000000      0.2500000000

     Dynamical  Matrix in cartesian axes

     q = (    0.000000000   0.750000000   0.000000000 ) 

    1    1
  0.13265904  0.00000000    0.00000000  0.00000000    0.00000000  0.00000000
 -0.00000000  0.00000000    0.17717403  0.00000000    0.00000000  0.00000000
  0.00000000  0.00000000    0.00000000  0.00000000    0.13265904  0.00000000
    1    2
 -0.01916995  0.04628035   -0.00000000  0.00000000   -0.09976513 -0.04132407
 -0.00000000  0.00000000   -0.02258125  0.05451597    0.00000000  0.00000000
 -0.09976513 -0.04132407   -0.00000000 -0.00000000   -0.01916995  0.04628035
    2    1
 -0.01916995 -0.04628035   -0.00000000 -0.00000000   -0.09976513  0.04132407
 -0.00000000 -0.00000000   -0.02258125 -0.05451597    0.00000000  0.00000000
 -0.09976513  0.04132407   -0.00000000  0.00000000   -0.01916995 -0.04628035
    2    2
  0.13265904  0.00000000    0.00000000  0.00000000    0.00000000  0.00000000
 -0.00000000  0.00000000    0.17717403  0.00000000    0.00000000  0.00000000
  0.00000000  0.00000000    0.00000000  0.00000000    0.13265904  0.00000000

     Dynamical  Matrix in cartesian axes

     q = (    0.000000000  -0.750000000   0.000000000 ) 

    1    1
  0.13265904  0.00000000   -0.00000000  0.00000000    0.00000000  0.00000000
  0.00000000  0.00000000    0.17717403  0.00000000    0.00000000  0.00000000
  0.00000000  0.00000000    0.00000000  0.00000000    0.13265904  0.00000000
    1    2
 -0.01916995 -0.04628035   -0.00000000  0.00000000   -0.09976513  0.04132407
  0.00000000  0.00000000   -0.02258125 -0.05451597    0.00000000 -0.00000000
 -0.09976513  0.04132407   -0.00000000  0.00000000   -0.01916995 -0.04628035
    2    1
 -0.01916995  0.04628035   -0.00000000 -0.00000000   -0.09976513 -0.04132407
  0.00000000  0.00000000   -0.02258125  0.05451597    0.00000000  0.00000000
 -0.09976513 -0.04132407   -0.00000000 -0.00000000   -0.01916995  0.04628035
    2    2
  0.13265904  0.00000000   -0.00000000  0.00000000    0.00000000  0.00000000
  0.00000000  0.00000000    0.17717403  0.00000000    0.00000000  0.00000000
  0.00000000  0.00000000    0.00000000  0.00000000    0.13265904  0.00000000

     Dynamical  Matrix in cartesian axes

     q = (    0.000000000   0.000000000  -0.750000000 ) 

    1    1
  0.13265904  0.00000000    0.00000000  0.00000000    0.00000000  0.00000000
  0.00000000  0.00000000    0.13265904  0.00000000    0.00000000  0.00000000
  0.00000000  0.00000000    0.00000000  0.00000000    0.17717403  0.00000000
    1    2
 -0.01916995 -0.04628035   -0.09976513  0.04132407   -0.00000000 -0.00000000
 -0.09976513  0.04132407   -0.01916995 -0.04628035    0.00000000  0.00000000
  0.00000000  0.00000000    0.00000000  0.00000000   -0.02258125 -0.05451597
    2    1
 -0.01916995  0.04628035   -0.09976513 -0.04132407   -0.00000000  0.00000000
 -0.09976513 -0.04132407   -0.01916995  0.04628035    0.00000000 -0.00000000
  0.00000000 -0.00000000    0.00000000 -0.00000000   -0.02258125  0.05451597
    2    2
  0.13265904  0.00000000    0.00000000  0.00000000    0.00000000  0.00000000
  0.00000000  0.00000000    0.13265904  0.00000000    0.00000000  0.00000000
  0.00000000  0.00000000    0.00000000  0.00000000    0.17717403  0.00000000

     Dynamical  Matrix in cartesian axes

     q = (    0.750000000   0.000000000   0.000000000 ) 

    1    1
  0.17717403  0.00000000    0.00000000  0.00000000    0.00000000  0.00000000
  0.00000000  0.00000000    0.13265904  0.00000000   -0.00000000  0.00000000
  0.00000000  0.00000000   -0.00000000  0.00000000    0.13265904  0.00000000
    1    2
 -0.02258125  0.05451597    0.00000000  0.00000000   -0.00000000 -0.00000000
  0.00000000  0.00000000   -0.01916995  0.04628035   -0.09976513 -0.04132407
  0.00000000 -0.00000000   -0.09976513 -0.04132407   -0.01916995  0.04628035
    2    1
 -0.02258125 -0.05451597    0.00000000 -0.00000000   -0.00000000  0.00000000
  0.00000000 -0.00000000   -0.01916995 -0.04628035   -0.09976513  0.04132407
  0.00000000  0.00000000   -0.09976513  0.04132407   -0.01916995 -0.04628035
    2    2
  0.17717403  0.00000000    0.00000000  0.00000000    0.00000000  0.00000000
  0.00000000  0.00000000    0.13265904  0.00000000   -0.00000000  0.00000000
  0.00000000  0.00000000   -0.00000000  0.00000000    0.13265904  0.00000000

     Dynamical  Matrix in cartesian axes

     q = (   -0.750000000   0.000000000   0.000000000 ) 

    1    1
  0.17717403  0.00000000    0.00000000  0.00000000    0.00000000  0.00000000
  0.00000000  0.00000000    0.13265904  0.00000000   -0.00000000  0.00000000
  0.00000000  0.00000000   -0.00000000  0.00000000    0.13265904  0.00000000
    1    2
 -0.02258125 -0.05451597   -0.00000000  0.00000000    0.00000000  0.00000000
  0.00000000  0.00000000   -0.01916995 -0.04628035   -0.09976513  0.04132407
 -0.00000000  0.00000000   -0.09976513  0.04132407   -0.01916995 -0.04628035
    2    1
 -0.02258125  0.05451597   -0.00000000 -0.00000000    0.00000000  0.00000000
  0.00000000 -0.00000000   -0.01916995  0.04628035   -0.09976513 -0.04132407
 -0.00000000  0.00000000   -0.09976513 -0.04132407   -0.01916995  0.04628035
    2    2
  0.17717403  0.00000000    0.00000000  0.00000000    0.00000000  0.00000000
  0.00000000  0.00000000    0.13265904  0.00000000   -0.00000000  0.00000000
  0.00000000  0.00000000   -0.00000000  0.00000000    0.13265904  0.00000000

     Dynamical  Matrix in cartesian axes

     q = (    0.000000000   0.000000000   0.750000000 ) 

    1    1
  0.13265904  0.00000000    0.00000000  0.00000000    0.00000000  0.00000000
  0.00000000  0.00000000    0.13265904  0.00000000    0.00000000  0.00000000
  0.00000000  0.00000000    0.00000000  0.00000000    0.17717403  0.00000000
    1    2
 -0.01916995  0.04628035   -0.09976513 -0.04132407    0.00000000  0.00000000
 -0.09976513 -0.04132407   -0.01916995  0.04628035    0.00000000  0.00000000
 -0.00000000  0.00000000    0.00000000  0.00000000   -0.02258125  0.05451597
    2    1
 -0.01916995 -0.04628035   -0.09976513  0.04132407    0.00000000 -0.00000000
 -0.09976513  0.04132407   -0.01916995 -0.04628035    0.00000000  0.00000000
 -0.00000000 -0.00000000    0.00000000 -0.00000000   -0.02258125 -0.05451597
    2    2
  0.13265904  0.00000000    0.00000000  0.00000000    0.00000000  0.00000000
  0.00000000  0.00000000    0.13265904  0.00000000    0.00000000  0.00000000
  0.00000000  0.00000000    0.00000000  0.00000000    0.17717403  0.00000000

     Diagonalizing the dynamical matrix

     q = (    0.000000000   0.750000000   0.000000000 ) 

 **************************************************************************
     freq (    1) =       1.167257 [THz] =      38.935516 [cm-1]
 ( -0.014141  0.247973  0.000000  0.000000 -0.630640  0.201502 ) 
 ( -0.557269  0.422239 -0.000000  0.000000 -0.105667  0.000000 ) 
     freq (    2) =       1.167257 [THz] =      38.935516 [cm-1]
 ( -0.597214 -0.285736 -0.000000 -0.000000 -0.019856  0.247581 ) 
 (  0.084221 -0.063814 -0.000000 -0.000000 -0.699167  0.000000 ) 
     freq (    3) =       3.438059 [THz] =     114.681288 [cm-1]
 (  0.000000  0.000000 -0.695061  0.129961 -0.000000  0.000000 ) 
 ( -0.000000  0.000000 -0.386057 -0.592419  0.000000  0.000000 ) 
     freq (    4) =       4.860595 [THz] =     162.132000 [cm-1]
 ( -0.000000 -0.000000 -0.056746 -0.704826  0.000000  0.000000 ) 
 ( -0.000000  0.000000 -0.629459  0.322152  0.000000  0.000000 ) 
     freq (    5) =       5.017711 [THz] =     167.372825 [cm-1]
 ( -0.045198  0.292589  0.000000 -0.000000 -0.508826 -0.391721 ) 
 (  0.683462  0.122113 -0.000000 -0.000000 -0.134046  0.000000 ) 
     freq (    6) =       5.017711 [THz] =     167.372825 [cm-1]
 ( -0.612292 -0.193515  0.000000  0.000000 -0.214215  0.204360 ) 
 (  0.131956  0.023576  0.000000 -0.000000  0.694285  0.000000 ) 
 **************************************************************************
