Dynamical matrix file
                                                                           
  1    2  2 12.5600000  0.0000000  0.0000000  0.0000000  0.0000000  0.0000000
           1  'Sn  '    108197.54598352207     
    1    1      0.0000000000      0.0000000000      0.0000000000
    2    1      0.2500000000      0.2500000000      0.2500000000

     Dynamical  Matrix in cartesian axes

     q = (   -0.250000000   0.500000000  -0.250000000 ) 

    1    1
  0.14284610 -0.00000000   -0.00281768  0.00258750    0.00126181 -0.00000000
 -0.00281768 -0.00258750    0.15476707  0.00000000   -0.00281768 -0.00258750
  0.00126181 -0.00000000   -0.00281768  0.00258750    0.14284610 -0.00000000
    1    2
 -0.08590392  0.01704627   -0.02766559  0.02621381    0.01168514 -0.06529045
 -0.02766559  0.02621381   -0.08997935  0.02298113   -0.02766559  0.02621381
  0.01168514 -0.06529045   -0.02766559  0.02621381   -0.08590392  0.01704627
    2    1
 -0.08590392 -0.01704627   -0.02766559 -0.02621381    0.01168514  0.06529045
 -0.02766559 -0.02621381   -0.08997935 -0.02298113   -0.02766559 -0.02621381
  0.01168514  0.06529045   -0.02766559 -0.02621381   -0.08590392 -0.01704627
    2    2
  0.14284610  0.00000000   -0.00281768 -0.00258750    0.00126181  0.00000000
 -0.00281768  0.00258750    0.15476707 -0.00000000   -0.00281768  0.00258750
  0.00126181  0.00000000   -0.00281768 -0.00258750    0.14284610  0.00000000

     Dynamical  Matrix in cartesian axes

     q = (   -0.250000000   0.500000000   0.250000000 ) 

    1    1
  0.14284610  0.00000000   -0.00281768 -0.00258750   -0.00126181 -0.00000000
 -0.00281768  0.00258750    0.15476707 -0.00000000    0.00281768 -0.00258750
 -0.00126181 -0.00000000    0.00281768  0.00258750    0.14284610  0.00000000
    1    2
 -0.07279677  0.04868971   -0.03809849  0.00102656   -0.05442996 -0.03790468
 -0.03809849  0.00102656   -0.07987512  0.04737489    0.03809849 -0.00102656
 -0.05442996 -0.03790468    0.03809849 -0.00102656   -0.07279677  0.04868971
    2    1
 -0.07279677 -0.04868971   -0.03809849 -0.00102656   -0.05442996  0.03790468
 -0.03809849 -0.00102656   -0.07987512 -0.04737489    0.03809849  0.00102656
 -0.05442996  0.03790468    0.03809849  0.00102656   -0.07279677 -0.04868971
    2    2
  0.14284610 -0.00000000   -0.00281768  0.00258750   -0.00126181  0.00000000
 -0.00281768 -0.00258750    0.15476707  0.00000000    0.00281768  0.00258750
 -0.00126181  0.00000000    0.00281768 -0.00258750    0.14284610 -0.00000000

     Dynamical  Matrix in cartesian axes

     q = (    0.250000000   0.500000000  -0.250000000 ) 

    1    1
  0.14284610  0.00000000    0.00281768  0.00258750   -0.00126181 -0.00000000
  0.00281768 -0.00258750    0.15476707 -0.00000000   -0.00281768  0.00258750
 -0.00126181 -0.00000000   -0.00281768 -0.00258750    0.14284610  0.00000000
    1    2
 -0.07279677  0.04868971    0.03809849 -0.00102656   -0.05442996 -0.03790468
  0.03809849 -0.00102656   -0.07987512  0.04737489   -0.03809849  0.00102656
 -0.05442996 -0.03790468   -0.03809849  0.00102656   -0.07279677  0.04868971
    2    1
 -0.07279677 -0.04868971    0.03809849  0.00102656   -0.05442996  0.03790468
  0.03809849  0.00102656   -0.07987512 -0.04737489   -0.03809849 -0.00102656
 -0.05442996  0.03790468   -0.03809849 -0.00102656   -0.07279677 -0.04868971
    2    2
  0.14284610 -0.00000000    0.00281768 -0.00258750   -0.00126181  0.00000000
  0.00281768  0.00258750    0.15476707  0.00000000   -0.00281768 -0.00258750
 -0.00126181  0.00000000   -0.00281768  0.00258750    0.14284610 -0.00000000

     Dynamical  Matrix in cartesian axes

     q = (    0.250000000   0.500000000   0.250000000 ) 

    1    1
  0.14284610 -0.00000000    0.00281768 -0.00258750    0.00126181 -0.00000000
  0.00281768  0.00258750    0.15476707  0.00000000    0.00281768  0.00258750
  0.00126181 -0.00000000    0.00281768 -0.00258750    0.14284610 -0.00000000
    1    2
  0.01704627  0.08590392   -0.02621381 -0.02766559   -0.06529045 -0.01168514
 -0.02621381 -0.02766559    0.02298113  0.08997935   -0.02621381 -0.02766559
 -0.06529045 -0.01168514   -0.02621381 -0.02766559    0.01704627  0.08590392
    2    1
  0.01704627 -0.08590392   -0.02621381  0.02766559   -0.06529045  0.01168514
 -0.02621381  0.02766559    0.02298113 -0.08997935   -0.02621381  0.02766559
 -0.06529045  0.01168514   -0.02621381  0.02766559    0.01704627 -0.08590392
    2    2
  0.14284610  0.00000000    0.00281768  0.00258750    0.00126181  0.00000000
  0.00281768 -0.00258750    0.15476707 -0.00000000    0.00281768 -0.00258750
  0.00126181  0.00000000    0.00281768  0.00258750    0.14284610  0.00000000

     Dynamical  Matrix in cartesian axes

     q = (    0.250000000  -0.500000000   0.250000000 ) 

    1    1
  0.14284610  0.00000000   -0.00281768 -0.00258750    0.00126181  0.00000000
 -0.00281768  0.00258750    0.15476707 -0.00000000   -0.00281768  0.00258750
  0.00126181  0.00000000   -0.00281768 -0.00258750    0.14284610  0.00000000
    1    2
 -0.08590392 -0.01704627   -0.02766559 -0.02621381    0.01168514  0.06529045
 -0.02766559 -0.02621381   -0.08997935 -0.02298113   -0.02766559 -0.02621381
  0.01168514  0.06529045   -0.02766559 -0.02621381   -0.08590392 -0.01704627
    2    1
 -0.08590392  0.01704627   -0.02766559  0.02621381    0.01168514 -0.06529045
 -0.02766559  0.02621381   -0.08997935  0.02298113   -0.02766559  0.02621381
  0.01168514 -0.06529045   -0.02766559  0.02621381   -0.08590392  0.01704627
    2    2
  0.14284610 -0.00000000   -0.00281768  0.00258750    0.00126181 -0.00000000
 -0.00281768 -0.00258750    0.15476707  0.00000000   -0.00281768 -0.00258750
  0.00126181 -0.00000000   -0.00281768  0.00258750    0.14284610 -0.00000000

     Dynamical  Matrix in cartesian axes

     q = (    0.500000000  -0.250000000   0.250000000 ) 

    1    1
  0.15476707 -0.00000000   -0.00281768  0.00258750    0.00281768 -0.00258750
 -0.00281768 -0.00258750    0.14284610  0.00000000   -0.00126181 -0.00000000
  0.00281768  0.00258750   -0.00126181 -0.00000000    0.14284610  0.00000000
    1    2
 -0.07987512  0.04737489   -0.03809849  0.00102656    0.03809849 -0.00102656
 -0.03809849  0.00102656   -0.07279677  0.04868971   -0.05442996 -0.03790468
  0.03809849 -0.00102656   -0.05442996 -0.03790468   -0.07279677  0.04868971
    2    1
 -0.07987512 -0.04737489   -0.03809849 -0.00102656    0.03809849  0.00102656
 -0.03809849 -0.00102656   -0.07279677 -0.04868971   -0.05442996  0.03790468
  0.03809849  0.00102656   -0.05442996  0.03790468   -0.07279677 -0.04868971
    2    2
  0.15476707  0.00000000   -0.00281768 -0.00258750    0.00281768  0.00258750
 -0.00281768  0.00258750    0.14284610 -0.00000000   -0.00126181  0.00000000
  0.00281768 -0.00258750   -0.00126181  0.00000000    0.14284610 -0.00000000

     Dynamical  Matrix in cartesian axes

     q = (    0.250000000  -0.250000000   0.500000000 ) 

    1    1
  0.14284610  0.00000000   -0.00126181 -0.00000000    0.00281768  0.00258750
 -0.00126181 -0.00000000    0.14284610  0.00000000   -0.00281768 -0.00258750
  0.00281768 -0.00258750   -0.00281768  0.00258750    0.15476707 -0.00000000
    1    2
 -0.07279677  0.04868971   -0.05442996 -0.03790468    0.03809849 -0.00102656
 -0.05442996 -0.03790468   -0.07279677  0.04868971   -0.03809849  0.00102656
  0.03809849 -0.00102656   -0.03809849  0.00102656   -0.07987512  0.04737489
    2    1
 -0.07279677 -0.04868971   -0.05442996  0.03790468    0.03809849  0.00102656
 -0.05442996  0.03790468   -0.07279677 -0.04868971   -0.03809849 -0.00102656
  0.03809849  0.00102656   -0.03809849 -0.00102656   -0.07987512 -0.04737489
    2    2
  0.14284610 -0.00000000   -0.00126181  0.00000000    0.00281768 -0.00258750
 -0.00126181  0.00000000    0.14284610 -0.00000000   -0.00281768  0.00258750
  0.00281768  0.00258750   -0.00281768 -0.00258750    0.15476707  0.00000000

     Dynamical  Matrix in cartesian axes

     q = (   -0.250000000  -0.500000000  -0.250000000 ) 

    1    1
  0.14284610  0.00000000    0.00281768  0.00258750    0.00126181  0.00000000
  0.00281768 -0.00258750    0.15476707 -0.00000000    0.00281768 -0.00258750
  0.00126181  0.00000000    0.00281768  0.00258750    0.14284610  0.00000000
    1    2
  0.01704627 -0.08590392   -0.02621381  0.02766559   -0.06529045  0.01168514
 -0.02621381  0.02766559    0.02298113 -0.08997935   -0.02621381  0.02766559
 -0.06529045  0.01168514   -0.02621381  0.02766559    0.01704627 -0.08590392
    2    1
  0.01704627  0.08590392   -0.02621381 -0.02766559   -0.06529045 -0.01168514
 -0.02621381 -0.02766559    0.02298113  0.08997935   -0.02621381 -0.02766559
 -0.06529045 -0.01168514   -0.02621381 -0.02766559    0.01704627  0.08590392
    2    2
  0.14284610 -0.00000000    0.00281768 -0.00258750    0.00126181 -0.00000000
  0.00281768  0.00258750    0.15476707  0.00000000    0.00281768  0.00258750
  0.00126181 -0.00000000    0.00281768 -0.00258750    0.14284610 -0.00000000

     Dynamical  Matrix in cartesian axes

     q = (    0.250000000  -0.500000000  -0.250000000 ) 

    1    1
  0.14284610 -0.00000000   -0.00281768  0.00258750   -0.00126181  0.00000000
 -0.00281768 -0.00258750    0.15476707  0.00000000    0.00281768  0.00258750
 -0.00126181  0.00000000    0.00281768 -0.00258750    0.14284610 -0.00000000
    1    2
 -0.07279677 -0.04868971   -0.03809849 -0.00102656   -0.05442996  0.03790468
 -0.03809849 -0.00102656   -0.07987512 -0.04737489    0.03809849  0.00102656
 -0.05442996  0.03790468    0.03809849  0.00102656   -0.07279677 -0.04868971
    2    1
 -0.07279677  0.04868971   -0.03809849  0.00102656   -0.05442996 -0.03790468
 -0.03809849  0.00102656   -0.07987512  0.04737489    0.03809849 -0.00102656
 -0.05442996 -0.03790468    0.03809849 -0.00102656   -0.07279677  0.04868971
    2    2
  0.14284610  0.00000000   -0.00281768 -0.00258750   -0.00126181 -0.00000000
 -0.00281768  0.00258750    0.15476707 -0.00000000    0.00281768 -0.00258750
 -0.00126181 -0.00000000    0.00281768  0.00258750    0.14284610  0.00000000

     Dynamical  Matrix in cartesian axes

     q = (   -0.250000000  -0.500000000   0.250000000 ) 

    1    1
  0.14284610 -0.00000000    0.00281768 -0.00258750   -0.00126181  0.00000000
  0.00281768  0.00258750    0.15476707  0.00000000   -0.00281768 -0.00258750
 -0.00126181  0.00000000   -0.00281768  0.00258750    0.14284610 -0.00000000
    1    2
 -0.07279677 -0.04868971    0.03809849  0.00102656   -0.05442996  0.03790468
  0.03809849  0.00102656   -0.07987512 -0.04737489   -0.03809849 -0.00102656
 -0.05442996  0.03790468   -0.03809849 -0.00102656   -0.07279677 -0.04868971
    2    1
 -0.07279677  0.04868971    0.03809849 -0.00102656   -0.05442996 -0.03790468
  0.03809849 -0.00102656   -0.07987512  0.04737489   -0.03809849  0.00102656
 -0.05442996 -0.03790468   -0.03809849  0.00102656   -0.07279677  0.04868971
    2    2
  0.14284610  0.00000000    0.00281768  0.00258750   -0.00126181 -0.00000000
  0.00281768 -0.00258750    0.15476707 -0.00000000   -0.00281768  0.00258750
 -0.00126181 -0.00000000   -0.00281768 -0.00258750    0.14284610  0.00000000

     Dynamical  Matrix in cartesian axes

     q = (    0.250000000  -0.250000000  -0.500000000 ) 

    1    1
  0.14284610 -0.00000000   -0.00126181  0.00000000   -0.00281768  0.00258750
 -0.00126181  0.00000000    0.14284610 -0.00000000    0.00281768 -0.00258750
 -0.00281768 -0.00258750    0.00281768  0.00258750    0.15476707  0.00000000
    1    2
 -0.07279677 -0.04868971   -0.05442996  0.03790468   -0.03809849 -0.00102656
 -0.05442996  0.03790468   -0.07279677 -0.04868971    0.03809849  0.00102656
 -0.03809849 -0.00102656    0.03809849  0.00102656   -0.07987512 -0.04737489
    2    1
 -0.07279677  0.04868971   -0.05442996 -0.03790468   -0.03809849  0.00102656
 -0.05442996 -0.03790468   -0.07279677  0.04868971    0.03809849 -0.00102656
 -0.03809849  0.00102656    0.03809849 -0.00102656   -0.07987512  0.04737489
    2    2
  0.14284610  0.00000000   -0.00126181 -0.00000000   -0.00281768 -0.00258750
 -0.00126181 -0.00000000    0.14284610  0.00000000    0.00281768  0.00258750
 -0.00281768  0.00258750    0.00281768 -0.00258750    0.15476707 -0.00000000

     Dynamical  Matrix in cartesian axes

     q = (    0.500000000  -0.250000000  -0.250000000 ) 

    1    1
  0.15476707  0.00000000   -0.00281768 -0.00258750   -0.00281768 -0.00258750
 -0.00281768  0.00258750    0.14284610 -0.00000000    0.00126181 -0.00000000
 -0.00281768  0.00258750    0.00126181 -0.00000000    0.14284610 -0.00000000
    1    2
 -0.08997935  0.02298113   -0.02766559  0.02621381   -0.02766559  0.02621381
 -0.02766559  0.02621381   -0.08590392  0.01704627    0.01168514 -0.06529045
 -0.02766559  0.02621381    0.01168514 -0.06529045   -0.08590392  0.01704627
    2    1
 -0.08997935 -0.02298113   -0.02766559 -0.02621381   -0.02766559 -0.02621381
 -0.02766559 -0.02621381   -0.08590392 -0.01704627    0.01168514  0.06529045
 -0.02766559 -0.02621381    0.01168514  0.06529045   -0.08590392 -0.01704627
    2    2
  0.15476707 -0.00000000   -0.00281768  0.00258750   -0.00281768  0.00258750
 -0.00281768 -0.00258750    0.14284610  0.00000000    0.00126181  0.00000000
 -0.00281768 -0.00258750    0.00126181  0.00000000    0.14284610  0.00000000

     Dynamical  Matrix in cartesian axes

     q = (   -0.500000000  -0.250000000   0.250000000 ) 

    1    1
  0.15476707  0.00000000    0.00281768  0.00258750   -0.00281768 -0.00258750
  0.00281768 -0.00258750    0.14284610 -0.00000000   -0.00126181  0.00000000
 -0.00281768  0.00258750   -0.00126181  0.00000000    0.14284610 -0.00000000
    1    2
 -0.07987512 -0.04737489    0.03809849  0.00102656   -0.03809849 -0.00102656
  0.03809849  0.00102656   -0.07279677 -0.04868971   -0.05442996  0.03790468
 -0.03809849 -0.00102656   -0.05442996  0.03790468   -0.07279677 -0.04868971
    2    1
 -0.07987512  0.04737489    0.03809849 -0.00102656   -0.03809849  0.00102656
  0.03809849 -0.00102656   -0.07279677  0.04868971   -0.05442996 -0.03790468
 -0.03809849  0.00102656   -0.05442996 -0.03790468   -0.07279677  0.04868971
    2    2
  0.15476707 -0.00000000    0.00281768 -0.00258750   -0.00281768  0.00258750
  0.00281768  0.00258750    0.14284610  0.00000000   -0.00126181 -0.00000000
 -0.00281768 -0.00258750   -0.00126181 -0.00000000    0.14284610  0.00000000

     Dynamical  Matrix in cartesian axes

     q = (    0.500000000   0.250000000   0.250000000 ) 

    1    1
  0.15476707  0.00000000    0.00281768  0.00258750    0.00281768  0.00258750
  0.00281768 -0.00258750    0.14284610 -0.00000000    0.00126181 -0.00000000
  0.00281768 -0.00258750    0.00126181 -0.00000000    0.14284610 -0.00000000
    1    2
  0.02298113  0.08997935   -0.02621381 -0.02766559   -0.02621381 -0.02766559
 -0.02621381 -0.02766559    0.01704627  0.08590392   -0.06529045 -0.01168514
 -0.02621381 -0.02766559   -0.06529045 -0.01168514    0.01704627  0.08590392
    2    1
  0.02298113 -0.08997935   -0.02621381  0.02766559   -0.02621381  0.02766559
 -0.02621381  0.02766559    0.01704627 -0.08590392   -0.06529045  0.01168514
 -0.02621381  0.02766559   -0.06529045  0.01168514    0.01704627 -0.08590392
    2    2
  0.15476707 -0.00000000    0.00281768 -0.00258750    0.00281768 -0.00258750
  0.00281768  0.00258750    0.14284610  0.00000000    0.00126181  0.00000000
  0.00281768  0.00258750    0.00126181  0.00000000    0.14284610  0.00000000

     Dynamical  Matrix in cartesian axes

     q = (   -0.250000000  -0.250000000   0.500000000 ) 

    1    1
  0.14284610 -0.00000000    0.00126181 -0.00000000   -0.00281768  0.00258750
  0.00126181 -0.00000000    0.14284610 -0.00000000   -0.00281768  0.00258750
 -0.00281768 -0.00258750   -0.00281768 -0.00258750    0.15476707  0.00000000
    1    2
 -0.08590392  0.01704627    0.01168514 -0.06529045   -0.02766559  0.02621381
  0.01168514 -0.06529045   -0.08590392  0.01704627   -0.02766559  0.02621381
 -0.02766559  0.02621381   -0.02766559  0.02621381   -0.08997935  0.02298113
    2    1
 -0.08590392 -0.01704627    0.01168514  0.06529045   -0.02766559 -0.02621381
  0.01168514  0.06529045   -0.08590392 -0.01704627   -0.02766559 -0.02621381
 -0.02766559 -0.02621381   -0.02766559 -0.02621381   -0.08997935 -0.02298113
    2    2
  0.14284610  0.00000000    0.00126181  0.00000000   -0.00281768 -0.00258750
  0.00126181  0.00000000    0.14284610  0.00000000   -0.00281768 -0.00258750
 -0.00281768  0.00258750   -0.00281768  0.00258750    0.15476707 -0.00000000

     Dynamical  Matrix in cartesian axes

     q = (    0.250000000   0.250000000   0.500000000 ) 

    1    1
  0.14284610 -0.00000000    0.00126181 -0.00000000    0.00281768 -0.00258750
  0.00126181 -0.00000000    0.14284610 -0.00000000    0.00281768 -0.00258750
  0.00281768  0.00258750    0.00281768  0.00258750    0.15476707  0.00000000
    1    2
  0.01704627  0.08590392   -0.06529045 -0.01168514   -0.02621381 -0.02766559
 -0.06529045 -0.01168514    0.01704627  0.08590392   -0.02621381 -0.02766559
 -0.02621381 -0.02766559   -0.02621381 -0.02766559    0.02298113  0.08997935
    2    1
  0.01704627 -0.08590392   -0.06529045  0.01168514   -0.02621381  0.02766559
 -0.06529045  0.01168514    0.01704627 -0.08590392   -0.02621381  0.02766559
 -0.02621381  0.02766559   -0.02621381  0.02766559    0.02298113 -0.08997935
    2    2
  0.14284610  0.00000000    0.00126181  0.00000000    0.00281768  0.00258750
  0.00126181  0.00000000    0.14284610  0.00000000    0.00281768  0.00258750
  0.00281768 -0.00258750    0.00281768 -0.00258750    0.15476707 -0.00000000

     Dynamical  Matrix in cartesian axes

     q = (   -0.500000000   0.250000000  -0.250000000 ) 

    1    1
  0.15476707  0.00000000   -0.00281768 -0.00258750    0.00281768  0.00258750
 -0.00281768  0.00258750    0.14284610 -0.00000000   -0.00126181  0.00000000
  0.00281768 -0.00258750   -0.00126181  0.00000000    0.14284610 -0.00000000
    1    2
 -0.07987512 -0.04737489   -0.03809849 -0.00102656    0.03809849  0.00102656
 -0.03809849 -0.00102656   -0.07279677 -0.04868971   -0.05442996  0.03790468
  0.03809849  0.00102656   -0.05442996  0.03790468   -0.07279677 -0.04868971
    2    1
 -0.07987512  0.04737489   -0.03809849  0.00102656    0.03809849 -0.00102656
 -0.03809849  0.00102656   -0.07279677  0.04868971   -0.05442996 -0.03790468
  0.03809849 -0.00102656   -0.05442996 -0.03790468   -0.07279677  0.04868971
    2    2
  0.15476707 -0.00000000   -0.00281768  0.00258750    0.00281768 -0.00258750
 -0.00281768 -0.00258750    0.14284610  0.00000000   -0.00126181 -0.00000000
  0.00281768  0.00258750   -0.00126181 -0.00000000    0.14284610  0.00000000

     Dynamical  Matrix in cartesian axes

     q = (   -0.250000000   0.250000000  -0.500000000 ) 

    1    1
  0.14284610 -0.00000000   -0.00126181  0.00000000    0.00281768 -0.00258750
 -0.00126181  0.00000000    0.14284610 -0.00000000   -0.00281768  0.00258750
  0.00281768  0.00258750   -0.00281768 -0.00258750    0.15476707  0.00000000
    1    2
 -0.07279677 -0.04868971   -0.05442996  0.03790468    0.03809849  0.00102656
 -0.05442996  0.03790468   -0.07279677 -0.04868971   -0.03809849 -0.00102656
  0.03809849  0.00102656   -0.03809849 -0.00102656   -0.07987512 -0.04737489
    2    1
 -0.07279677  0.04868971   -0.05442996 -0.03790468    0.03809849 -0.00102656
 -0.05442996 -0.03790468   -0.07279677  0.04868971   -0.03809849  0.00102656
  0.03809849 -0.00102656   -0.03809849  0.00102656   -0.07987512  0.04737489
    2    2
  0.14284610  0.00000000   -0.00126181 -0.00000000    0.00281768  0.00258750
 -0.00126181 -0.00000000    0.14284610  0.00000000   -0.00281768 -0.00258750
  0.00281768 -0.00258750   -0.00281768  0.00258750    0.15476707 -0.00000000

     Dynamical  Matrix in cartesian axes

     q = (   -0.500000000  -0.250000000  -0.250000000 ) 

    1    1
  0.15476707 -0.00000000    0.00281768 -0.00258750    0.00281768 -0.00258750
  0.00281768  0.00258750    0.14284610  0.00000000    0.00126181  0.00000000
  0.00281768  0.00258750    0.00126181  0.00000000    0.14284610  0.00000000
    1    2
  0.02298113 -0.08997935   -0.02621381  0.02766559   -0.02621381  0.02766559
 -0.02621381  0.02766559    0.01704627 -0.08590392   -0.06529045  0.01168514
 -0.02621381  0.02766559   -0.06529045  0.01168514    0.01704627 -0.08590392
    2    1
  0.02298113  0.08997935   -0.02621381 -0.02766559   -0.02621381 -0.02766559
 -0.02621381 -0.02766559    0.01704627  0.08590392   -0.06529045 -0.01168514
 -0.02621381 -0.02766559   -0.06529045 -0.01168514    0.01704627  0.08590392
    2    2
  0.15476707  0.00000000    0.00281768  0.00258750    0.00281768  0.00258750
  0.00281768 -0.00258750    0.14284610 -0.00000000    0.00126181 -0.00000000
  0.00281768 -0.00258750    0.00126181 -0.00000000    0.14284610 -0.00000000

     Dynamical  Matrix in cartesian axes

     q = (    0.250000000   0.250000000  -0.500000000 ) 

    1    1
  0.14284610  0.00000000    0.00126181  0.00000000   -0.00281768 -0.00258750
  0.00126181  0.00000000    0.14284610  0.00000000   -0.00281768 -0.00258750
 -0.00281768  0.00258750   -0.00281768  0.00258750    0.15476707 -0.00000000
    1    2
 -0.08590392 -0.01704627    0.01168514  0.06529045   -0.02766559 -0.02621381
  0.01168514  0.06529045   -0.08590392 -0.01704627   -0.02766559 -0.02621381
 -0.02766559 -0.02621381   -0.02766559 -0.02621381   -0.08997935 -0.02298113
    2    1
 -0.08590392  0.01704627    0.01168514 -0.06529045   -0.02766559  0.02621381
  0.01168514 -0.06529045   -0.08590392  0.01704627   -0.02766559  0.02621381
 -0.02766559  0.02621381   -0.02766559  0.02621381   -0.08997935  0.02298113
    2    2
  0.14284610 -0.00000000    0.00126181 -0.00000000   -0.00281768  0.00258750
  0.00126181 -0.00000000    0.14284610 -0.00000000   -0.00281768  0.00258750
 -0.00281768 -0.00258750   -0.00281768 -0.00258750    0.15476707  0.00000000

     Dynamical  Matrix in cartesian axes

     q = (    0.500000000   0.250000000  -0.250000000 ) 

    1    1
  0.15476707 -0.00000000    0.00281768 -0.00258750   -0.00281768  0.00258750
  0.00281768  0.00258750    0.14284610  0.00000000   -0.00126181 -0.00000000
 -0.00281768 -0.00258750   -0.00126181 -0.00000000    0.14284610  0.00000000
    1    2
 -0.07987512  0.04737489    0.03809849 -0.00102656   -0.03809849  0.00102656
  0.03809849 -0.00102656   -0.07279677  0.04868971   -0.05442996 -0.03790468
 -0.03809849  0.00102656   -0.05442996 -0.03790468   -0.07279677  0.04868971
    2    1
 -0.07987512 -0.04737489    0.03809849  0.00102656   -0.03809849 -0.00102656
  0.03809849  0.00102656   -0.07279677 -0.04868971   -0.05442996  0.03790468
 -0.03809849 -0.00102656   -0.05442996  0.03790468   -0.07279677 -0.04868971
    2    2
  0.15476707  0.00000000    0.00281768  0.00258750   -0.00281768 -0.00258750
  0.00281768 -0.00258750    0.14284610 -0.00000000   -0.00126181  0.00000000
 -0.00281768  0.00258750   -0.00126181  0.00000000    0.14284610 -0.00000000

     Dynamical  Matrix in cartesian axes

     q = (   -0.250000000  -0.250000000  -0.500000000 ) 

    1    1
  0.14284610  0.00000000    0.00126181  0.00000000    0.00281768  0.00258750
  0.00126181  0.00000000    0.14284610  0.00000000    0.00281768  0.00258750
  0.00281768 -0.00258750    0.00281768 -0.00258750    0.15476707 -0.00000000
    1    2
  0.01704627 -0.08590392   -0.06529045  0.01168514   -0.02621381  0.02766559
 -0.06529045  0.01168514    0.01704627 -0.08590392   -0.02621381  0.02766559
 -0.02621381  0.02766559   -0.02621381  0.02766559    0.02298113 -0.08997935
    2    1
  0.01704627  0.08590392   -0.06529045 -0.01168514   -0.02621381 -0.02766559
 -0.06529045 -0.01168514    0.01704627  0.08590392   -0.02621381 -0.02766559
 -0.02621381 -0.02766559   -0.02621381 -0.02766559    0.02298113  0.08997935
    2    2
  0.14284610 -0.00000000    0.00126181 -0.00000000    0.00281768 -0.00258750
  0.00126181 -0.00000000    0.14284610 -0.00000000    0.00281768 -0.00258750
  0.00281768  0.00258750    0.00281768  0.00258750    0.15476707  0.00000000

     Dynamical  Matrix in cartesian axes

     q = (   -0.500000000   0.250000000   0.250000000 ) 

    1    1
  0.15476707 -0.00000000   -0.00281768  0.00258750   -0.00281768  0.00258750
 -0.00281768 -0.00258750    0.14284610  0.00000000    0.00126181  0.00000000
 -0.00281768 -0.00258750    0.00126181  0.00000000    0.14284610  0.00000000
    1    2
 -0.08997935 -0.02298113   -0.02766559 -0.02621381   -0.02766559 -0.02621381
 -0.02766559 -0.02621381   -0.08590392 -0.01704627    0.01168514  0.06529045
 -0.02766559 -0.02621381    0.01168514  0.06529045   -0.08590392 -0.01704627
    2    1
 -0.08997935  0.02298113   -0.02766559  0.02621381   -0.02766559  0.02621381
 -0.02766559  0.02621381   -0.08590392  0.01704627    0.01168514 -0.06529045
 -0.02766559  0.02621381    0.01168514 -0.06529045   -0.08590392  0.01704627
    2    2
  0.15476707  0.00000000   -0.00281768 -0.00258750   -0.00281768 -0.00258750
 -0.00281768  0.00258750    0.14284610 -0.00000000    0.00126181 -0.00000000
 -0.00281768  0.00258750    0.00126181 -0.00000000    0.14284610 -0.00000000

     Dynamical  Matrix in cartesian axes

     q = (   -0.250000000   0.250000000   0.500000000 ) 

    1    1
  0.14284610  0.00000000   -0.00126181 -0.00000000   -0.00281768 -0.00258750
 -0.00126181 -0.00000000    0.14284610  0.00000000    0.00281768  0.00258750
 -0.00281768  0.00258750    0.00281768 -0.00258750    0.15476707 -0.00000000
    1    2
 -0.07279677  0.04868971   -0.05442996 -0.03790468   -0.03809849  0.00102656
 -0.05442996 -0.03790468   -0.07279677  0.04868971    0.03809849 -0.00102656
 -0.03809849  0.00102656    0.03809849 -0.00102656   -0.07987512  0.04737489
    2    1
 -0.07279677 -0.04868971   -0.05442996  0.03790468   -0.03809849 -0.00102656
 -0.05442996  0.03790468   -0.07279677 -0.04868971    0.03809849  0.00102656
 -0.03809849 -0.00102656    0.03809849  0.00102656   -0.07987512 -0.04737489
    2    2
  0.14284610 -0.00000000   -0.00126181  0.00000000   -0.00281768  0.00258750
 -0.00126181  0.00000000    0.14284610 -0.00000000    0.00281768 -0.00258750
 -0.00281768 -0.00258750    0.00281768  0.00258750    0.15476707  0.00000000

     Diagonalizing the dynamical matrix

     q = (   -0.250000000   0.500000000  -0.250000000 ) 

 **************************************************************************
     freq (    1) =       1.179216 [THz] =      39.334402 [cm-1]
 (  0.382154 -0.322426  0.000000 -0.000000 -0.382154  0.322426 ) 
 (  0.500000 -0.000000  0.000000 -0.000000 -0.500000  0.000000 ) 
     freq (    2) =       1.285102 [THz] =      42.866404 [cm-1]
 (  0.353517  0.067706  0.483565 -0.083956  0.353517  0.067706 ) 
 (  0.359942 -0.000000  0.459140  0.173417  0.359942  0.000000 ) 
     freq (    3) =       2.813010 [THz] =      93.831901 [cm-1]
 ( -0.101998 -0.343463  0.343196  0.354225 -0.101998 -0.343463 ) 
 ( -0.358289 -0.000000  0.437269  0.228154 -0.358289  0.000000 ) 
     freq (    4) =       4.730371 [THz] =     157.788204 [cm-1]
 ( -0.171339 -0.332020  0.322009  0.342230 -0.171339 -0.332020 ) 
 (  0.373623  0.000000 -0.451792 -0.129210  0.373623  0.000000 ) 
     freq (    5) =       5.189890 [THz] =     173.116099 [cm-1]
 (  0.382154 -0.322426  0.000000  0.000000 -0.382154  0.322426 ) 
 ( -0.500000 -0.000000 -0.000000 -0.000000  0.500000 -0.000000 ) 
     freq (    6) =       5.277531 [THz] =     176.039486 [cm-1]
 ( -0.311677 -0.073032 -0.535432  0.091431 -0.311677 -0.073032 ) 
 (  0.320120  0.000000  0.500453  0.211173  0.320120  0.000000 ) 
 **************************************************************************
