Dynamical matrix file
                                                                           
  1    2  2 12.5600000  0.0000000  0.0000000  0.0000000  0.0000000  0.0000000
           1  'Sn  '    108197.54598352207     
    1    1      0.0000000000      0.0000000000      0.0000000000
    2    1      0.2500000000      0.2500000000      0.2500000000

     Dynamical  Matrix in cartesian axes

     q = (    0.750000000  -0.250000000   0.750000000 ) 

    1    1
  0.13787088 -0.00000000   -0.00211260  0.00294697    0.00008182 -0.00000000
 -0.00211260 -0.00294697    0.16056095 -0.00000000   -0.00211260 -0.00294697
  0.00008182 -0.00000000   -0.00211260  0.00294697    0.13787088 -0.00000000
    1    2
 -0.03395731  0.03354054   -0.02872342  0.02783242   -0.02773210 -0.08818808
 -0.02872342  0.02783242   -0.03403462  0.04551945   -0.02872342  0.02783242
 -0.02773210 -0.08818808   -0.02872342  0.02783242   -0.03395731  0.03354054
    2    1
 -0.03395731 -0.03354054   -0.02872342 -0.02783242   -0.02773210  0.08818808
 -0.02872342 -0.02783242   -0.03403462 -0.04551945   -0.02872342 -0.02783242
 -0.02773210  0.08818808   -0.02872342 -0.02783242   -0.03395731 -0.03354054
    2    2
  0.13787088  0.00000000   -0.00211260 -0.00294697    0.00008182  0.00000000
 -0.00211260  0.00294697    0.16056095  0.00000000   -0.00211260  0.00294697
  0.00008182  0.00000000   -0.00211260 -0.00294697    0.13787088  0.00000000

     Dynamical  Matrix in cartesian axes

     q = (    0.750000000  -0.250000000  -0.750000000 ) 

    1    1
  0.13787088  0.00000000   -0.00211260 -0.00294697   -0.00008182  0.00000000
 -0.00211260  0.00294697    0.16056095  0.00000000    0.00211260 -0.00294697
 -0.00008182  0.00000000    0.00211260  0.00294697    0.13787088  0.00000000
    1    2
 -0.03354054  0.03395731   -0.02783242  0.02872342   -0.08818808 -0.02773210
 -0.02783242  0.02872342   -0.04551945  0.03403462    0.02783242 -0.02872342
 -0.08818808 -0.02773210    0.02783242 -0.02872342   -0.03354054  0.03395731
    2    1
 -0.03354054 -0.03395731   -0.02783242 -0.02872342   -0.08818808  0.02773210
 -0.02783242 -0.02872342   -0.04551945 -0.03403462    0.02783242  0.02872342
 -0.08818808  0.02773210    0.02783242  0.02872342   -0.03354054 -0.03395731
    2    2
  0.13787088  0.00000000   -0.00211260  0.00294697   -0.00008182  0.00000000
 -0.00211260 -0.00294697    0.16056095 -0.00000000    0.00211260  0.00294697
 -0.00008182  0.00000000    0.00211260 -0.00294697    0.13787088  0.00000000

     Dynamical  Matrix in cartesian axes

     q = (   -0.750000000  -0.250000000   0.750000000 ) 

    1    1
  0.13787088  0.00000000    0.00211260  0.00294697   -0.00008182  0.00000000
  0.00211260 -0.00294697    0.16056095 -0.00000000   -0.00211260  0.00294697
 -0.00008182  0.00000000   -0.00211260 -0.00294697    0.13787088  0.00000000
    1    2
 -0.03354054  0.03395731    0.02783242 -0.02872342   -0.08818808 -0.02773210
  0.02783242 -0.02872342   -0.04551945  0.03403462   -0.02783242  0.02872342
 -0.08818808 -0.02773210   -0.02783242  0.02872342   -0.03354054  0.03395731
    2    1
 -0.03354054 -0.03395731    0.02783242  0.02872342   -0.08818808  0.02773210
  0.02783242  0.02872342   -0.04551945 -0.03403462   -0.02783242 -0.02872342
 -0.08818808  0.02773210   -0.02783242 -0.02872342   -0.03354054 -0.03395731
    2    2
  0.13787088  0.00000000    0.00211260 -0.00294697   -0.00008182  0.00000000
  0.00211260  0.00294697    0.16056095  0.00000000   -0.00211260 -0.00294697
 -0.00008182  0.00000000   -0.00211260  0.00294697    0.13787088  0.00000000

     Dynamical  Matrix in cartesian axes

     q = (   -0.750000000  -0.250000000  -0.750000000 ) 

    1    1
  0.13787088  0.00000000    0.00211260 -0.00294697    0.00008182  0.00000000
  0.00211260  0.00294697    0.16056095  0.00000000    0.00211260  0.00294697
  0.00008182  0.00000000    0.00211260 -0.00294697    0.13787088  0.00000000
    1    2
  0.03354054  0.03395731   -0.02783242 -0.02872342   -0.08818808  0.02773210
 -0.02783242 -0.02872342    0.04551945  0.03403462   -0.02783242 -0.02872342
 -0.08818808  0.02773210   -0.02783242 -0.02872342    0.03354054  0.03395731
    2    1
  0.03354054 -0.03395731   -0.02783242  0.02872342   -0.08818808 -0.02773210
 -0.02783242  0.02872342    0.04551945 -0.03403462   -0.02783242  0.02872342
 -0.08818808 -0.02773210   -0.02783242  0.02872342    0.03354054 -0.03395731
    2    2
  0.13787088 -0.00000000    0.00211260  0.00294697    0.00008182 -0.00000000
  0.00211260 -0.00294697    0.16056095 -0.00000000    0.00211260 -0.00294697
  0.00008182 -0.00000000    0.00211260  0.00294697    0.13787088 -0.00000000

     Dynamical  Matrix in cartesian axes

     q = (   -0.750000000   0.250000000  -0.750000000 ) 

    1    1
  0.13787088  0.00000000   -0.00211260 -0.00294697    0.00008182  0.00000000
 -0.00211260  0.00294697    0.16056095  0.00000000   -0.00211260  0.00294697
  0.00008182  0.00000000   -0.00211260 -0.00294697    0.13787088  0.00000000
    1    2
 -0.03395731 -0.03354054   -0.02872342 -0.02783242   -0.02773210  0.08818808
 -0.02872342 -0.02783242   -0.03403462 -0.04551945   -0.02872342 -0.02783242
 -0.02773210  0.08818808   -0.02872342 -0.02783242   -0.03395731 -0.03354054
    2    1
 -0.03395731  0.03354054   -0.02872342  0.02783242   -0.02773210 -0.08818808
 -0.02872342  0.02783242   -0.03403462  0.04551945   -0.02872342  0.02783242
 -0.02773210 -0.08818808   -0.02872342  0.02783242   -0.03395731  0.03354054
    2    2
  0.13787088 -0.00000000   -0.00211260  0.00294697    0.00008182 -0.00000000
 -0.00211260 -0.00294697    0.16056095 -0.00000000   -0.00211260 -0.00294697
  0.00008182 -0.00000000   -0.00211260  0.00294697    0.13787088 -0.00000000

     Dynamical  Matrix in cartesian axes

     q = (   -0.750000000   0.250000000   0.750000000 ) 

    1    1
  0.13787088  0.00000000   -0.00211260  0.00294697   -0.00008182  0.00000000
 -0.00211260 -0.00294697    0.16056095 -0.00000000    0.00211260  0.00294697
 -0.00008182  0.00000000    0.00211260 -0.00294697    0.13787088  0.00000000
    1    2
 -0.03354054 -0.03395731   -0.02783242 -0.02872342   -0.08818808  0.02773210
 -0.02783242 -0.02872342   -0.04551945 -0.03403462    0.02783242  0.02872342
 -0.08818808  0.02773210    0.02783242  0.02872342   -0.03354054 -0.03395731
    2    1
 -0.03354054  0.03395731   -0.02783242  0.02872342   -0.08818808 -0.02773210
 -0.02783242  0.02872342   -0.04551945  0.03403462    0.02783242 -0.02872342
 -0.08818808 -0.02773210    0.02783242 -0.02872342   -0.03354054  0.03395731
    2    2
  0.13787088  0.00000000   -0.00211260 -0.00294697   -0.00008182  0.00000000
 -0.00211260  0.00294697    0.16056095  0.00000000    0.00211260 -0.00294697
 -0.00008182  0.00000000    0.00211260  0.00294697    0.13787088  0.00000000

     Dynamical  Matrix in cartesian axes

     q = (    0.750000000   0.250000000   0.750000000 ) 

    1    1
  0.13787088 -0.00000000    0.00211260  0.00294697    0.00008182 -0.00000000
  0.00211260 -0.00294697    0.16056095 -0.00000000    0.00211260 -0.00294697
  0.00008182 -0.00000000    0.00211260  0.00294697    0.13787088 -0.00000000
    1    2
  0.03354054 -0.03395731   -0.02783242  0.02872342   -0.08818808 -0.02773210
 -0.02783242  0.02872342    0.04551945 -0.03403462   -0.02783242  0.02872342
 -0.08818808 -0.02773210   -0.02783242  0.02872342    0.03354054 -0.03395731
    2    1
  0.03354054  0.03395731   -0.02783242 -0.02872342   -0.08818808  0.02773210
 -0.02783242 -0.02872342    0.04551945  0.03403462   -0.02783242 -0.02872342
 -0.08818808  0.02773210   -0.02783242 -0.02872342    0.03354054  0.03395731
    2    2
  0.13787088  0.00000000    0.00211260 -0.00294697    0.00008182  0.00000000
  0.00211260  0.00294697    0.16056095  0.00000000    0.00211260  0.00294697
  0.00008182  0.00000000    0.00211260 -0.00294697    0.13787088  0.00000000

     Dynamical  Matrix in cartesian axes

     q = (   -0.750000000  -0.750000000   0.250000000 ) 

    1    1
  0.13787088 -0.00000000    0.00008182 -0.00000000   -0.00211260 -0.00294697
  0.00008182 -0.00000000    0.13787088 -0.00000000   -0.00211260 -0.00294697
 -0.00211260  0.00294697   -0.00211260  0.00294697    0.16056095 -0.00000000
    1    2
 -0.03395731 -0.03354054   -0.02773210  0.08818808   -0.02872342 -0.02783242
 -0.02773210  0.08818808   -0.03395731 -0.03354054   -0.02872342 -0.02783242
 -0.02872342 -0.02783242   -0.02872342 -0.02783242   -0.03403462 -0.04551945
    2    1
 -0.03395731  0.03354054   -0.02773210 -0.08818808   -0.02872342  0.02783242
 -0.02773210 -0.08818808   -0.03395731  0.03354054   -0.02872342  0.02783242
 -0.02872342  0.02783242   -0.02872342  0.02783242   -0.03403462  0.04551945
    2    2
  0.13787088  0.00000000    0.00008182  0.00000000   -0.00211260  0.00294697
  0.00008182  0.00000000    0.13787088  0.00000000   -0.00211260  0.00294697
 -0.00211260 -0.00294697   -0.00211260 -0.00294697    0.16056095  0.00000000

     Dynamical  Matrix in cartesian axes

     q = (    0.750000000   0.250000000  -0.750000000 ) 

    1    1
  0.13787088  0.00000000    0.00211260 -0.00294697   -0.00008182  0.00000000
  0.00211260  0.00294697    0.16056095  0.00000000   -0.00211260 -0.00294697
 -0.00008182  0.00000000   -0.00211260  0.00294697    0.13787088  0.00000000
    1    2
 -0.03354054 -0.03395731    0.02783242  0.02872342   -0.08818808  0.02773210
  0.02783242  0.02872342   -0.04551945 -0.03403462   -0.02783242 -0.02872342
 -0.08818808  0.02773210   -0.02783242 -0.02872342   -0.03354054 -0.03395731
    2    1
 -0.03354054  0.03395731    0.02783242 -0.02872342   -0.08818808 -0.02773210
  0.02783242 -0.02872342   -0.04551945  0.03403462   -0.02783242  0.02872342
 -0.08818808 -0.02773210   -0.02783242  0.02872342   -0.03354054  0.03395731
    2    2
  0.13787088  0.00000000    0.00211260  0.00294697   -0.00008182  0.00000000
  0.00211260 -0.00294697    0.16056095 -0.00000000   -0.00211260  0.00294697
 -0.00008182  0.00000000   -0.00211260 -0.00294697    0.13787088  0.00000000

     Dynamical  Matrix in cartesian axes

     q = (   -0.250000000   0.750000000   0.750000000 ) 

    1    1
  0.16056095 -0.00000000   -0.00211260 -0.00294697   -0.00211260 -0.00294697
 -0.00211260  0.00294697    0.13787088 -0.00000000    0.00008182  0.00000000
 -0.00211260  0.00294697    0.00008182  0.00000000    0.13787088 -0.00000000
    1    2
 -0.03403462  0.04551945   -0.02872342  0.02783242   -0.02872342  0.02783242
 -0.02872342  0.02783242   -0.03395731  0.03354054   -0.02773210 -0.08818808
 -0.02872342  0.02783242   -0.02773210 -0.08818808   -0.03395731  0.03354054
    2    1
 -0.03403462 -0.04551945   -0.02872342 -0.02783242   -0.02872342 -0.02783242
 -0.02872342 -0.02783242   -0.03395731 -0.03354054   -0.02773210  0.08818808
 -0.02872342 -0.02783242   -0.02773210  0.08818808   -0.03395731 -0.03354054
    2    2
  0.16056095  0.00000000   -0.00211260  0.00294697   -0.00211260  0.00294697
 -0.00211260 -0.00294697    0.13787088  0.00000000    0.00008182 -0.00000000
 -0.00211260 -0.00294697    0.00008182 -0.00000000    0.13787088  0.00000000

     Dynamical  Matrix in cartesian axes

     q = (    0.250000000   0.750000000  -0.750000000 ) 

    1    1
  0.16056095  0.00000000    0.00211260  0.00294697   -0.00211260 -0.00294697
  0.00211260 -0.00294697    0.13787088  0.00000000   -0.00008182 -0.00000000
 -0.00211260  0.00294697   -0.00008182 -0.00000000    0.13787088  0.00000000
    1    2
 -0.04551945 -0.03403462    0.02783242  0.02872342   -0.02783242 -0.02872342
  0.02783242  0.02872342   -0.03354054 -0.03395731   -0.08818808  0.02773210
 -0.02783242 -0.02872342   -0.08818808  0.02773210   -0.03354054 -0.03395731
    2    1
 -0.04551945  0.03403462    0.02783242 -0.02872342   -0.02783242  0.02872342
  0.02783242 -0.02872342   -0.03354054  0.03395731   -0.08818808 -0.02773210
 -0.02783242  0.02872342   -0.08818808 -0.02773210   -0.03354054  0.03395731
    2    2
  0.16056095 -0.00000000    0.00211260 -0.00294697   -0.00211260  0.00294697
  0.00211260  0.00294697    0.13787088 -0.00000000   -0.00008182  0.00000000
 -0.00211260 -0.00294697   -0.00008182  0.00000000    0.13787088 -0.00000000

     Dynamical  Matrix in cartesian axes

     q = (   -0.250000000  -0.750000000  -0.750000000 ) 

    1    1
  0.16056095  0.00000000    0.00211260  0.00294697    0.00211260  0.00294697
  0.00211260 -0.00294697    0.13787088  0.00000000    0.00008182 -0.00000000
  0.00211260 -0.00294697    0.00008182 -0.00000000    0.13787088  0.00000000
    1    2
  0.04551945  0.03403462   -0.02783242 -0.02872342   -0.02783242 -0.02872342
 -0.02783242 -0.02872342    0.03354054  0.03395731   -0.08818808  0.02773210
 -0.02783242 -0.02872342   -0.08818808  0.02773210    0.03354054  0.03395731
    2    1
  0.04551945 -0.03403462   -0.02783242  0.02872342   -0.02783242  0.02872342
 -0.02783242  0.02872342    0.03354054 -0.03395731   -0.08818808 -0.02773210
 -0.02783242  0.02872342   -0.08818808 -0.02773210    0.03354054 -0.03395731
    2    2
  0.16056095 -0.00000000    0.00211260 -0.00294697    0.00211260 -0.00294697
  0.00211260  0.00294697    0.13787088 -0.00000000    0.00008182  0.00000000
  0.00211260  0.00294697    0.00008182  0.00000000    0.13787088 -0.00000000

     Dynamical  Matrix in cartesian axes

     q = (   -0.250000000   0.750000000  -0.750000000 ) 

    1    1
  0.16056095  0.00000000   -0.00211260  0.00294697    0.00211260 -0.00294697
 -0.00211260 -0.00294697    0.13787088  0.00000000   -0.00008182 -0.00000000
  0.00211260  0.00294697   -0.00008182 -0.00000000    0.13787088  0.00000000
    1    2
 -0.04551945  0.03403462   -0.02783242  0.02872342    0.02783242 -0.02872342
 -0.02783242  0.02872342   -0.03354054  0.03395731   -0.08818808 -0.02773210
  0.02783242 -0.02872342   -0.08818808 -0.02773210   -0.03354054  0.03395731
    2    1
 -0.04551945 -0.03403462   -0.02783242 -0.02872342    0.02783242  0.02872342
 -0.02783242 -0.02872342   -0.03354054 -0.03395731   -0.08818808  0.02773210
  0.02783242  0.02872342   -0.08818808  0.02773210   -0.03354054 -0.03395731
    2    2
  0.16056095 -0.00000000   -0.00211260 -0.00294697    0.00211260  0.00294697
 -0.00211260  0.00294697    0.13787088 -0.00000000   -0.00008182  0.00000000
  0.00211260 -0.00294697   -0.00008182  0.00000000    0.13787088 -0.00000000

     Dynamical  Matrix in cartesian axes

     q = (    0.750000000   0.750000000  -0.250000000 ) 

    1    1
  0.13787088  0.00000000    0.00008182  0.00000000   -0.00211260  0.00294697
  0.00008182  0.00000000    0.13787088  0.00000000   -0.00211260  0.00294697
 -0.00211260 -0.00294697   -0.00211260 -0.00294697    0.16056095  0.00000000
    1    2
 -0.03395731  0.03354054   -0.02773210 -0.08818808   -0.02872342  0.02783242
 -0.02773210 -0.08818808   -0.03395731  0.03354054   -0.02872342  0.02783242
 -0.02872342  0.02783242   -0.02872342  0.02783242   -0.03403462  0.04551945
    2    1
 -0.03395731 -0.03354054   -0.02773210  0.08818808   -0.02872342 -0.02783242
 -0.02773210  0.08818808   -0.03395731 -0.03354054   -0.02872342 -0.02783242
 -0.02872342 -0.02783242   -0.02872342 -0.02783242   -0.03403462 -0.04551945
    2    2
  0.13787088 -0.00000000    0.00008182 -0.00000000   -0.00211260 -0.00294697
  0.00008182 -0.00000000    0.13787088 -0.00000000   -0.00211260 -0.00294697
 -0.00211260  0.00294697   -0.00211260  0.00294697    0.16056095 -0.00000000

     Dynamical  Matrix in cartesian axes

     q = (    0.750000000  -0.750000000   0.250000000 ) 

    1    1
  0.13787088 -0.00000000   -0.00008182  0.00000000    0.00211260 -0.00294697
 -0.00008182  0.00000000    0.13787088 -0.00000000   -0.00211260  0.00294697
  0.00211260  0.00294697   -0.00211260 -0.00294697    0.16056095 -0.00000000
    1    2
 -0.03354054 -0.03395731   -0.08818808  0.02773210    0.02783242  0.02872342
 -0.08818808  0.02773210   -0.03354054 -0.03395731   -0.02783242 -0.02872342
  0.02783242  0.02872342   -0.02783242 -0.02872342   -0.04551945 -0.03403462
    2    1
 -0.03354054  0.03395731   -0.08818808 -0.02773210    0.02783242 -0.02872342
 -0.08818808 -0.02773210   -0.03354054  0.03395731   -0.02783242  0.02872342
  0.02783242 -0.02872342   -0.02783242  0.02872342   -0.04551945  0.03403462
    2    2
  0.13787088  0.00000000   -0.00008182 -0.00000000    0.00211260  0.00294697
 -0.00008182 -0.00000000    0.13787088  0.00000000   -0.00211260 -0.00294697
  0.00211260 -0.00294697   -0.00211260  0.00294697    0.16056095  0.00000000

     Dynamical  Matrix in cartesian axes

     q = (   -0.750000000  -0.750000000  -0.250000000 ) 

    1    1
  0.13787088 -0.00000000    0.00008182 -0.00000000    0.00211260 -0.00294697
  0.00008182 -0.00000000    0.13787088 -0.00000000    0.00211260 -0.00294697
  0.00211260  0.00294697    0.00211260  0.00294697    0.16056095 -0.00000000
    1    2
  0.03354054  0.03395731   -0.08818808  0.02773210   -0.02783242 -0.02872342
 -0.08818808  0.02773210    0.03354054  0.03395731   -0.02783242 -0.02872342
 -0.02783242 -0.02872342   -0.02783242 -0.02872342    0.04551945  0.03403462
    2    1
  0.03354054 -0.03395731   -0.08818808 -0.02773210   -0.02783242  0.02872342
 -0.08818808 -0.02773210    0.03354054 -0.03395731   -0.02783242  0.02872342
 -0.02783242  0.02872342   -0.02783242  0.02872342    0.04551945 -0.03403462
    2    2
  0.13787088  0.00000000    0.00008182  0.00000000    0.00211260  0.00294697
  0.00008182  0.00000000    0.13787088  0.00000000    0.00211260  0.00294697
  0.00211260 -0.00294697    0.00211260 -0.00294697    0.16056095  0.00000000

     Dynamical  Matrix in cartesian axes

     q = (   -0.750000000   0.750000000   0.250000000 ) 

    1    1
  0.13787088 -0.00000000   -0.00008182  0.00000000   -0.00211260  0.00294697
 -0.00008182  0.00000000    0.13787088 -0.00000000    0.00211260 -0.00294697
 -0.00211260 -0.00294697    0.00211260  0.00294697    0.16056095 -0.00000000
    1    2
 -0.03354054 -0.03395731   -0.08818808  0.02773210   -0.02783242 -0.02872342
 -0.08818808  0.02773210   -0.03354054 -0.03395731    0.02783242  0.02872342
 -0.02783242 -0.02872342    0.02783242  0.02872342   -0.04551945 -0.03403462
    2    1
 -0.03354054  0.03395731   -0.08818808 -0.02773210   -0.02783242  0.02872342
 -0.08818808 -0.02773210   -0.03354054  0.03395731    0.02783242 -0.02872342
 -0.02783242  0.02872342    0.02783242 -0.02872342   -0.04551945  0.03403462
    2    2
  0.13787088  0.00000000   -0.00008182 -0.00000000   -0.00211260 -0.00294697
 -0.00008182 -0.00000000    0.13787088  0.00000000    0.00211260  0.00294697
 -0.00211260  0.00294697    0.00211260 -0.00294697    0.16056095  0.00000000

     Dynamical  Matrix in cartesian axes

     q = (    0.250000000  -0.750000000   0.750000000 ) 

    1    1
  0.16056095 -0.00000000   -0.00211260 -0.00294697    0.00211260  0.00294697
 -0.00211260  0.00294697    0.13787088 -0.00000000   -0.00008182  0.00000000
  0.00211260 -0.00294697   -0.00008182  0.00000000    0.13787088 -0.00000000
    1    2
 -0.04551945 -0.03403462   -0.02783242 -0.02872342    0.02783242  0.02872342
 -0.02783242 -0.02872342   -0.03354054 -0.03395731   -0.08818808  0.02773210
  0.02783242  0.02872342   -0.08818808  0.02773210   -0.03354054 -0.03395731
    2    1
 -0.04551945  0.03403462   -0.02783242  0.02872342    0.02783242 -0.02872342
 -0.02783242  0.02872342   -0.03354054  0.03395731   -0.08818808 -0.02773210
  0.02783242 -0.02872342   -0.08818808 -0.02773210   -0.03354054  0.03395731
    2    2
  0.16056095  0.00000000   -0.00211260  0.00294697    0.00211260 -0.00294697
 -0.00211260 -0.00294697    0.13787088  0.00000000   -0.00008182 -0.00000000
  0.00211260  0.00294697   -0.00008182 -0.00000000    0.13787088  0.00000000

     Dynamical  Matrix in cartesian axes

     q = (   -0.750000000   0.750000000  -0.250000000 ) 

    1    1
  0.13787088  0.00000000   -0.00008182 -0.00000000    0.00211260  0.00294697
 -0.00008182 -0.00000000    0.13787088  0.00000000   -0.00211260 -0.00294697
  0.00211260 -0.00294697   -0.00211260  0.00294697    0.16056095  0.00000000
    1    2
 -0.03354054  0.03395731   -0.08818808 -0.02773210    0.02783242 -0.02872342
 -0.08818808 -0.02773210   -0.03354054  0.03395731   -0.02783242  0.02872342
  0.02783242 -0.02872342   -0.02783242  0.02872342   -0.04551945  0.03403462
    2    1
 -0.03354054 -0.03395731   -0.08818808  0.02773210    0.02783242  0.02872342
 -0.08818808  0.02773210   -0.03354054 -0.03395731   -0.02783242 -0.02872342
  0.02783242  0.02872342   -0.02783242 -0.02872342   -0.04551945 -0.03403462
    2    2
  0.13787088 -0.00000000   -0.00008182  0.00000000    0.00211260 -0.00294697
 -0.00008182  0.00000000    0.13787088 -0.00000000   -0.00211260  0.00294697
  0.00211260  0.00294697   -0.00211260 -0.00294697    0.16056095 -0.00000000

     Dynamical  Matrix in cartesian axes

     q = (    0.250000000   0.750000000   0.750000000 ) 

    1    1
  0.16056095 -0.00000000    0.00211260 -0.00294697    0.00211260 -0.00294697
  0.00211260  0.00294697    0.13787088 -0.00000000    0.00008182  0.00000000
  0.00211260  0.00294697    0.00008182  0.00000000    0.13787088 -0.00000000
    1    2
  0.04551945 -0.03403462   -0.02783242  0.02872342   -0.02783242  0.02872342
 -0.02783242  0.02872342    0.03354054 -0.03395731   -0.08818808 -0.02773210
 -0.02783242  0.02872342   -0.08818808 -0.02773210    0.03354054 -0.03395731
    2    1
  0.04551945  0.03403462   -0.02783242 -0.02872342   -0.02783242 -0.02872342
 -0.02783242 -0.02872342    0.03354054  0.03395731   -0.08818808  0.02773210
 -0.02783242 -0.02872342   -0.08818808  0.02773210    0.03354054  0.03395731
    2    2
  0.16056095  0.00000000    0.00211260  0.00294697    0.00211260  0.00294697
  0.00211260 -0.00294697    0.13787088  0.00000000    0.00008182 -0.00000000
  0.00211260 -0.00294697    0.00008182 -0.00000000    0.13787088  0.00000000

     Dynamical  Matrix in cartesian axes

     q = (   -0.250000000  -0.750000000   0.750000000 ) 

    1    1
  0.16056095 -0.00000000    0.00211260 -0.00294697   -0.00211260  0.00294697
  0.00211260  0.00294697    0.13787088 -0.00000000   -0.00008182  0.00000000
 -0.00211260 -0.00294697   -0.00008182  0.00000000    0.13787088 -0.00000000
    1    2
 -0.04551945  0.03403462    0.02783242 -0.02872342   -0.02783242  0.02872342
  0.02783242 -0.02872342   -0.03354054  0.03395731   -0.08818808 -0.02773210
 -0.02783242  0.02872342   -0.08818808 -0.02773210   -0.03354054  0.03395731
    2    1
 -0.04551945 -0.03403462    0.02783242  0.02872342   -0.02783242 -0.02872342
  0.02783242  0.02872342   -0.03354054 -0.03395731   -0.08818808  0.02773210
 -0.02783242 -0.02872342   -0.08818808  0.02773210   -0.03354054 -0.03395731
    2    2
  0.16056095  0.00000000    0.00211260  0.00294697   -0.00211260 -0.00294697
  0.00211260 -0.00294697    0.13787088  0.00000000   -0.00008182 -0.00000000
 -0.00211260  0.00294697   -0.00008182 -0.00000000    0.13787088  0.00000000

     Dynamical  Matrix in cartesian axes

     q = (    0.750000000   0.750000000   0.250000000 ) 

    1    1
  0.13787088  0.00000000    0.00008182  0.00000000    0.00211260  0.00294697
  0.00008182  0.00000000    0.13787088  0.00000000    0.00211260  0.00294697
  0.00211260 -0.00294697    0.00211260 -0.00294697    0.16056095  0.00000000
    1    2
  0.03354054 -0.03395731   -0.08818808 -0.02773210   -0.02783242  0.02872342
 -0.08818808 -0.02773210    0.03354054 -0.03395731   -0.02783242  0.02872342
 -0.02783242  0.02872342   -0.02783242  0.02872342    0.04551945 -0.03403462
    2    1
  0.03354054  0.03395731   -0.08818808  0.02773210   -0.02783242 -0.02872342
 -0.08818808  0.02773210    0.03354054  0.03395731   -0.02783242 -0.02872342
 -0.02783242 -0.02872342   -0.02783242 -0.02872342    0.04551945  0.03403462
    2    2
  0.13787088 -0.00000000    0.00008182 -0.00000000    0.00211260 -0.00294697
  0.00008182 -0.00000000    0.13787088 -0.00000000    0.00211260 -0.00294697
  0.00211260  0.00294697    0.00211260  0.00294697    0.16056095 -0.00000000

     Dynamical  Matrix in cartesian axes

     q = (    0.250000000  -0.750000000  -0.750000000 ) 

    1    1
  0.16056095  0.00000000   -0.00211260  0.00294697   -0.00211260  0.00294697
 -0.00211260 -0.00294697    0.13787088  0.00000000    0.00008182 -0.00000000
 -0.00211260 -0.00294697    0.00008182 -0.00000000    0.13787088  0.00000000
    1    2
 -0.03403462 -0.04551945   -0.02872342 -0.02783242   -0.02872342 -0.02783242
 -0.02872342 -0.02783242   -0.03395731 -0.03354054   -0.02773210  0.08818808
 -0.02872342 -0.02783242   -0.02773210  0.08818808   -0.03395731 -0.03354054
    2    1
 -0.03403462  0.04551945   -0.02872342  0.02783242   -0.02872342  0.02783242
 -0.02872342  0.02783242   -0.03395731  0.03354054   -0.02773210 -0.08818808
 -0.02872342  0.02783242   -0.02773210 -0.08818808   -0.03395731  0.03354054
    2    2
  0.16056095 -0.00000000   -0.00211260 -0.00294697   -0.00211260 -0.00294697
 -0.00211260  0.00294697    0.13787088 -0.00000000    0.00008182  0.00000000
 -0.00211260  0.00294697    0.00008182  0.00000000    0.13787088 -0.00000000

     Dynamical  Matrix in cartesian axes

     q = (    0.750000000  -0.750000000  -0.250000000 ) 

    1    1
  0.13787088  0.00000000   -0.00008182 -0.00000000   -0.00211260 -0.00294697
 -0.00008182 -0.00000000    0.13787088  0.00000000    0.00211260  0.00294697
 -0.00211260  0.00294697    0.00211260 -0.00294697    0.16056095  0.00000000
    1    2
 -0.03354054  0.03395731   -0.08818808 -0.02773210   -0.02783242  0.02872342
 -0.08818808 -0.02773210   -0.03354054  0.03395731    0.02783242 -0.02872342
 -0.02783242  0.02872342    0.02783242 -0.02872342   -0.04551945  0.03403462
    2    1
 -0.03354054 -0.03395731   -0.08818808  0.02773210   -0.02783242 -0.02872342
 -0.08818808  0.02773210   -0.03354054 -0.03395731    0.02783242  0.02872342
 -0.02783242 -0.02872342    0.02783242  0.02872342   -0.04551945 -0.03403462
    2    2
  0.13787088 -0.00000000   -0.00008182  0.00000000   -0.00211260  0.00294697
 -0.00008182  0.00000000    0.13787088 -0.00000000    0.00211260 -0.00294697
 -0.00211260 -0.00294697    0.00211260  0.00294697    0.16056095 -0.00000000

     Diagonalizing the dynamical matrix

     q = (    0.750000000  -0.250000000   0.750000000 ) 

 **************************************************************************
     freq (    1) =       1.261199 [THz] =      42.069066 [cm-1]
 (  0.025537 -0.499347  0.000000 -0.000000 -0.025537  0.499347 ) 
 (  0.500000 -0.000000  0.000000  0.000000 -0.500000  0.000000 ) 
     freq (    2) =       1.595047 [THz] =      53.205054 [cm-1]
 ( -0.365300 -0.219576 -0.338493  0.148684 -0.365300 -0.219576 ) 
 ( -0.426213  0.000000 -0.213518 -0.301819 -0.426213  0.000000 ) 
     freq (    3) =       3.301970 [THz] =     110.141865 [cm-1]
 (  0.162004 -0.248502  0.319787  0.470892  0.162004 -0.248502 ) 
 ( -0.296646 -0.000000  0.219827  0.525051 -0.296646  0.000000 ) 
     freq (    4) =       4.385721 [THz] =     146.291901 [cm-1]
 ( -0.019469  0.309421 -0.359568 -0.422458 -0.019469  0.309421 ) 
 ( -0.310033  0.000000  0.399044  0.385388 -0.310033  0.000000 ) 
     freq (    5) =       5.096627 [THz] =     170.005186 [cm-1]
 (  0.025537 -0.499347 -0.000000  0.000000 -0.025537  0.499347 ) 
 ( -0.500000  0.000000  0.000000  0.000000  0.500000  0.000000 ) 
     freq (    6) =       5.199927 [THz] =     173.450892 [cm-1]
 ( -0.310275 -0.194814 -0.439138  0.196753 -0.310275 -0.194814 ) 
 (  0.366365 -0.000000  0.267284  0.400142  0.366365 -0.000000 ) 
 **************************************************************************
