Dynamical matrix file
                                                                           
  1    2  2 12.5600000  0.0000000  0.0000000  0.0000000  0.0000000  0.0000000
           1  'Sn  '    108197.54598352207     
    1    1      0.0000000000      0.0000000000      0.0000000000
    2    1      0.2500000000      0.2500000000      0.2500000000

     Dynamical  Matrix in cartesian axes

     q = (    0.500000000   0.000000000   0.750000000 ) 

    1    1
  0.13514221  0.00000000   -0.00000000  0.00192315    0.00122790  0.00000000
 -0.00000000 -0.00192315    0.15039877  0.00000000   -0.00000000 -0.00408400
  0.00122790  0.00000000   -0.00000000  0.00408400    0.14545383  0.00000000
    1    2
  0.01298437  0.03134703   -0.07031132  0.02912390   -0.02917757 -0.07044089
 -0.07031132  0.02912390    0.01659807  0.04007130   -0.02909189  0.01205026
 -0.02917757 -0.07044089   -0.02909189  0.01205026    0.01432022  0.03457206
    2    1
  0.01298437 -0.03134703   -0.07031132 -0.02912390   -0.02917757  0.07044089
 -0.07031132 -0.02912390    0.01659807 -0.04007130   -0.02909189 -0.01205026
 -0.02917757  0.07044089   -0.02909189 -0.01205026    0.01432022 -0.03457206
    2    2
  0.13514221  0.00000000   -0.00000000 -0.00192315    0.00122790  0.00000000
 -0.00000000  0.00192315    0.15039877  0.00000000   -0.00000000  0.00408400
  0.00122790  0.00000000   -0.00000000 -0.00408400    0.14545383  0.00000000

     Dynamical  Matrix in cartesian axes

     q = (    0.500000000   0.000000000  -0.750000000 ) 

    1    1
  0.13514221  0.00000000   -0.00000000 -0.00192315   -0.00122790  0.00000000
 -0.00000000  0.00192315    0.15039877  0.00000000   -0.00000000 -0.00408400
 -0.00122790  0.00000000   -0.00000000  0.00408400    0.14545383  0.00000000
    1    2
 -0.03134703 -0.01298437   -0.02912390  0.07031132   -0.07044089 -0.02917757
 -0.02912390  0.07031132   -0.04007130 -0.01659807    0.01205026 -0.02909189
 -0.07044089 -0.02917757    0.01205026 -0.02909189   -0.03457206 -0.01432022
    2    1
 -0.03134703  0.01298437   -0.02912390 -0.07031132   -0.07044089  0.02917757
 -0.02912390 -0.07031132   -0.04007130  0.01659807    0.01205026  0.02909189
 -0.07044089  0.02917757    0.01205026  0.02909189   -0.03457206  0.01432022
    2    2
  0.13514221  0.00000000   -0.00000000  0.00192315   -0.00122790  0.00000000
 -0.00000000 -0.00192315    0.15039877  0.00000000   -0.00000000  0.00408400
 -0.00122790  0.00000000   -0.00000000 -0.00408400    0.14545383  0.00000000

     Dynamical  Matrix in cartesian axes

     q = (   -0.500000000   0.000000000  -0.750000000 ) 

    1    1
  0.13514221  0.00000000   -0.00000000 -0.00192315    0.00122790  0.00000000
 -0.00000000  0.00192315    0.15039877  0.00000000   -0.00000000  0.00408400
  0.00122790  0.00000000   -0.00000000 -0.00408400    0.14545383  0.00000000
    1    2
  0.01298437 -0.03134703   -0.07031132 -0.02912390   -0.02917757  0.07044089
 -0.07031132 -0.02912390    0.01659807 -0.04007130   -0.02909189 -0.01205026
 -0.02917757  0.07044089   -0.02909189 -0.01205026    0.01432022 -0.03457206
    2    1
  0.01298437  0.03134703   -0.07031132  0.02912390   -0.02917757 -0.07044089
 -0.07031132  0.02912390    0.01659807  0.04007130   -0.02909189  0.01205026
 -0.02917757 -0.07044089   -0.02909189  0.01205026    0.01432022  0.03457206
    2    2
  0.13514221  0.00000000   -0.00000000  0.00192315    0.00122790  0.00000000
 -0.00000000 -0.00192315    0.15039877  0.00000000   -0.00000000 -0.00408400
  0.00122790  0.00000000   -0.00000000  0.00408400    0.14545383  0.00000000

     Dynamical  Matrix in cartesian axes

     q = (   -0.500000000   0.000000000   0.750000000 ) 

    1    1
  0.13514221  0.00000000   -0.00000000  0.00192315   -0.00122790  0.00000000
 -0.00000000 -0.00192315    0.15039877  0.00000000   -0.00000000  0.00408400
 -0.00122790  0.00000000   -0.00000000 -0.00408400    0.14545383  0.00000000
    1    2
 -0.03134703  0.01298437   -0.02912390 -0.07031132   -0.07044089  0.02917757
 -0.02912390 -0.07031132   -0.04007130  0.01659807    0.01205026  0.02909189
 -0.07044089  0.02917757    0.01205026  0.02909189   -0.03457206  0.01432022
    2    1
 -0.03134703 -0.01298437   -0.02912390  0.07031132   -0.07044089 -0.02917757
 -0.02912390  0.07031132   -0.04007130 -0.01659807    0.01205026 -0.02909189
 -0.07044089 -0.02917757    0.01205026 -0.02909189   -0.03457206 -0.01432022
    2    2
  0.13514221  0.00000000   -0.00000000 -0.00192315   -0.00122790  0.00000000
 -0.00000000  0.00192315    0.15039877  0.00000000   -0.00000000 -0.00408400
 -0.00122790  0.00000000   -0.00000000  0.00408400    0.14545383  0.00000000

     Dynamical  Matrix in cartesian axes

     q = (    0.750000000   0.000000000  -0.500000000 ) 

    1    1
  0.14545383  0.00000000    0.00000000 -0.00408400   -0.00122790  0.00000000
  0.00000000  0.00408400    0.15039877  0.00000000    0.00000000 -0.00192315
 -0.00122790  0.00000000    0.00000000  0.00192315    0.13514221  0.00000000
    1    2
 -0.03457206  0.01432022    0.01205026  0.02909189   -0.07044089  0.02917757
  0.01205026  0.02909189   -0.04007130  0.01659807   -0.02912390 -0.07031132
 -0.07044089  0.02917757   -0.02912390 -0.07031132   -0.03134703  0.01298437
    2    1
 -0.03457206 -0.01432022    0.01205026 -0.02909189   -0.07044089 -0.02917757
  0.01205026 -0.02909189   -0.04007130 -0.01659807   -0.02912390  0.07031132
 -0.07044089 -0.02917757   -0.02912390  0.07031132   -0.03134703 -0.01298437
    2    2
  0.14545383  0.00000000    0.00000000  0.00408400   -0.00122790  0.00000000
  0.00000000 -0.00408400    0.15039877  0.00000000    0.00000000  0.00192315
 -0.00122790  0.00000000    0.00000000 -0.00192315    0.13514221  0.00000000

     Dynamical  Matrix in cartesian axes

     q = (   -0.750000000   0.000000000   0.500000000 ) 

    1    1
  0.14545383  0.00000000    0.00000000  0.00408400   -0.00122790  0.00000000
  0.00000000 -0.00408400    0.15039877  0.00000000    0.00000000  0.00192315
 -0.00122790  0.00000000    0.00000000 -0.00192315    0.13514221  0.00000000
    1    2
 -0.03457206 -0.01432022    0.01205026 -0.02909189   -0.07044089 -0.02917757
  0.01205026 -0.02909189   -0.04007130 -0.01659807   -0.02912390  0.07031132
 -0.07044089 -0.02917757   -0.02912390  0.07031132   -0.03134703 -0.01298437
    2    1
 -0.03457206  0.01432022    0.01205026  0.02909189   -0.07044089  0.02917757
  0.01205026  0.02909189   -0.04007130  0.01659807   -0.02912390 -0.07031132
 -0.07044089  0.02917757   -0.02912390 -0.07031132   -0.03134703  0.01298437
    2    2
  0.14545383  0.00000000    0.00000000 -0.00408400   -0.00122790  0.00000000
  0.00000000  0.00408400    0.15039877  0.00000000    0.00000000 -0.00192315
 -0.00122790  0.00000000    0.00000000  0.00192315    0.13514221  0.00000000

     Dynamical  Matrix in cartesian axes

     q = (    0.750000000   0.000000000   0.500000000 ) 

    1    1
  0.14545383  0.00000000    0.00000000  0.00408400    0.00122790  0.00000000
  0.00000000 -0.00408400    0.15039877  0.00000000    0.00000000 -0.00192315
  0.00122790  0.00000000    0.00000000  0.00192315    0.13514221  0.00000000
    1    2
  0.01432022  0.03457206   -0.02909189  0.01205026   -0.02917757 -0.07044089
 -0.02909189  0.01205026    0.01659807  0.04007130   -0.07031132  0.02912390
 -0.02917757 -0.07044089   -0.07031132  0.02912390    0.01298437  0.03134703
    2    1
  0.01432022 -0.03457206   -0.02909189 -0.01205026   -0.02917757  0.07044089
 -0.02909189 -0.01205026    0.01659807 -0.04007130   -0.07031132 -0.02912390
 -0.02917757  0.07044089   -0.07031132 -0.02912390    0.01298437 -0.03134703
    2    2
  0.14545383  0.00000000    0.00000000 -0.00408400    0.00122790  0.00000000
  0.00000000  0.00408400    0.15039877  0.00000000    0.00000000  0.00192315
  0.00122790  0.00000000    0.00000000 -0.00192315    0.13514221  0.00000000

     Dynamical  Matrix in cartesian axes

     q = (   -0.750000000   0.000000000  -0.500000000 ) 

    1    1
  0.14545383  0.00000000    0.00000000 -0.00408400    0.00122790  0.00000000
  0.00000000  0.00408400    0.15039877  0.00000000    0.00000000  0.00192315
  0.00122790  0.00000000    0.00000000 -0.00192315    0.13514221  0.00000000
    1    2
  0.01432022 -0.03457206   -0.02909189 -0.01205026   -0.02917757  0.07044089
 -0.02909189 -0.01205026    0.01659807 -0.04007130   -0.07031132 -0.02912390
 -0.02917757  0.07044089   -0.07031132 -0.02912390    0.01298437 -0.03134703
    2    1
  0.01432022  0.03457206   -0.02909189  0.01205026   -0.02917757 -0.07044089
 -0.02909189  0.01205026    0.01659807  0.04007130   -0.07031132  0.02912390
 -0.02917757 -0.07044089   -0.07031132  0.02912390    0.01298437  0.03134703
    2    2
  0.14545383  0.00000000    0.00000000  0.00408400    0.00122790  0.00000000
  0.00000000 -0.00408400    0.15039877  0.00000000    0.00000000 -0.00192315
  0.00122790  0.00000000    0.00000000  0.00192315    0.13514221  0.00000000

     Dynamical  Matrix in cartesian axes

     q = (    0.000000000   0.750000000   0.500000000 ) 

    1    1
  0.15039877  0.00000000    0.00000000 -0.00408400   -0.00000000 -0.00192315
  0.00000000  0.00408400    0.14545383  0.00000000    0.00122790  0.00000000
 -0.00000000  0.00192315    0.00122790  0.00000000    0.13514221  0.00000000
    1    2
  0.01659807  0.04007130   -0.02909189  0.01205026   -0.07031132  0.02912390
 -0.02909189  0.01205026    0.01432022  0.03457206   -0.02917757 -0.07044089
 -0.07031132  0.02912390   -0.02917757 -0.07044089    0.01298437  0.03134703
    2    1
  0.01659807 -0.04007130   -0.02909189 -0.01205026   -0.07031132 -0.02912390
 -0.02909189 -0.01205026    0.01432022 -0.03457206   -0.02917757  0.07044089
 -0.07031132 -0.02912390   -0.02917757  0.07044089    0.01298437 -0.03134703
    2    2
  0.15039877  0.00000000    0.00000000  0.00408400   -0.00000000  0.00192315
  0.00000000 -0.00408400    0.14545383  0.00000000    0.00122790 -0.00000000
 -0.00000000 -0.00192315    0.00122790  0.00000000    0.13514221  0.00000000

     Dynamical  Matrix in cartesian axes

     q = (    0.000000000   0.750000000  -0.500000000 ) 

    1    1
  0.15039877  0.00000000    0.00000000  0.00408400   -0.00000000 -0.00192315
  0.00000000 -0.00408400    0.14545383  0.00000000   -0.00122790  0.00000000
  0.00000000  0.00192315   -0.00122790  0.00000000    0.13514221  0.00000000
    1    2
 -0.04007130  0.01659807    0.01205026  0.02909189   -0.02912390 -0.07031132
  0.01205026  0.02909189   -0.03457206  0.01432022   -0.07044089  0.02917757
 -0.02912390 -0.07031132   -0.07044089  0.02917757   -0.03134703  0.01298437
    2    1
 -0.04007130 -0.01659807    0.01205026 -0.02909189   -0.02912390  0.07031132
  0.01205026 -0.02909189   -0.03457206 -0.01432022   -0.07044089 -0.02917757
 -0.02912390  0.07031132   -0.07044089 -0.02917757   -0.03134703 -0.01298437
    2    2
  0.15039877  0.00000000    0.00000000 -0.00408400   -0.00000000  0.00192315
  0.00000000  0.00408400    0.14545383  0.00000000   -0.00122790  0.00000000
  0.00000000 -0.00192315   -0.00122790  0.00000000    0.13514221  0.00000000

     Dynamical  Matrix in cartesian axes

     q = (    0.000000000  -0.750000000  -0.500000000 ) 

    1    1
  0.15039877  0.00000000    0.00000000  0.00408400   -0.00000000  0.00192315
  0.00000000 -0.00408400    0.14545383  0.00000000    0.00122790 -0.00000000
 -0.00000000 -0.00192315    0.00122790  0.00000000    0.13514221  0.00000000
    1    2
  0.01659807 -0.04007130   -0.02909189 -0.01205026   -0.07031132 -0.02912390
 -0.02909189 -0.01205026    0.01432022 -0.03457206   -0.02917757  0.07044089
 -0.07031132 -0.02912390   -0.02917757  0.07044089    0.01298437 -0.03134703
    2    1
  0.01659807  0.04007130   -0.02909189  0.01205026   -0.07031132  0.02912390
 -0.02909189  0.01205026    0.01432022  0.03457206   -0.02917757 -0.07044089
 -0.07031132  0.02912390   -0.02917757 -0.07044089    0.01298437  0.03134703
    2    2
  0.15039877  0.00000000    0.00000000 -0.00408400   -0.00000000 -0.00192315
  0.00000000  0.00408400    0.14545383  0.00000000    0.00122790  0.00000000
 -0.00000000  0.00192315    0.00122790  0.00000000    0.13514221  0.00000000

     Dynamical  Matrix in cartesian axes

     q = (    0.000000000   0.500000000  -0.750000000 ) 

    1    1
  0.15039877  0.00000000   -0.00000000  0.00192315    0.00000000 -0.00408400
 -0.00000000 -0.00192315    0.13514221  0.00000000   -0.00122790  0.00000000
  0.00000000  0.00408400   -0.00122790  0.00000000    0.14545383  0.00000000
    1    2
 -0.04007130 -0.01659807   -0.02912390  0.07031132    0.01205026 -0.02909189
 -0.02912390  0.07031132   -0.03134703 -0.01298437   -0.07044089 -0.02917757
  0.01205026 -0.02909189   -0.07044089 -0.02917757   -0.03457206 -0.01432022
    2    1
 -0.04007130  0.01659807   -0.02912390 -0.07031132    0.01205026  0.02909189
 -0.02912390 -0.07031132   -0.03134703  0.01298437   -0.07044089  0.02917757
  0.01205026  0.02909189   -0.07044089  0.02917757   -0.03457206  0.01432022
    2    2
  0.15039877  0.00000000   -0.00000000 -0.00192315    0.00000000  0.00408400
 -0.00000000  0.00192315    0.13514221  0.00000000   -0.00122790  0.00000000
  0.00000000 -0.00408400   -0.00122790  0.00000000    0.14545383  0.00000000

     Dynamical  Matrix in cartesian axes

     q = (    0.750000000   0.500000000   0.000000000 ) 

    1    1
  0.14545383  0.00000000    0.00122790  0.00000000    0.00000000  0.00408400
  0.00122790  0.00000000    0.13514221  0.00000000    0.00000000  0.00192315
  0.00000000 -0.00408400    0.00000000 -0.00192315    0.15039877  0.00000000
    1    2
  0.01432022  0.03457206   -0.02917757 -0.07044089   -0.02909189  0.01205026
 -0.02917757 -0.07044089    0.01298437  0.03134703   -0.07031132  0.02912390
 -0.02909189  0.01205026   -0.07031132  0.02912390    0.01659807  0.04007130
    2    1
  0.01432022 -0.03457206   -0.02917757  0.07044089   -0.02909189 -0.01205026
 -0.02917757  0.07044089    0.01298437 -0.03134703   -0.07031132 -0.02912390
 -0.02909189 -0.01205026   -0.07031132 -0.02912390    0.01659807 -0.04007130
    2    2
  0.14545383  0.00000000    0.00122790  0.00000000    0.00000000 -0.00408400
  0.00122790  0.00000000    0.13514221  0.00000000    0.00000000 -0.00192315
  0.00000000  0.00408400    0.00000000  0.00192315    0.15039877  0.00000000

     Dynamical  Matrix in cartesian axes

     q = (    0.750000000  -0.500000000   0.000000000 ) 

    1    1
  0.14545383  0.00000000   -0.00122790  0.00000000    0.00000000 -0.00408400
 -0.00122790  0.00000000    0.13514221  0.00000000    0.00000000  0.00192315
  0.00000000  0.00408400    0.00000000 -0.00192315    0.15039877  0.00000000
    1    2
 -0.03457206  0.01432022   -0.07044089  0.02917757    0.01205026  0.02909189
 -0.07044089  0.02917757   -0.03134703  0.01298437   -0.02912390 -0.07031132
  0.01205026  0.02909189   -0.02912390 -0.07031132   -0.04007130  0.01659807
    2    1
 -0.03457206 -0.01432022   -0.07044089 -0.02917757    0.01205026 -0.02909189
 -0.07044089 -0.02917757   -0.03134703 -0.01298437   -0.02912390  0.07031132
  0.01205026 -0.02909189   -0.02912390  0.07031132   -0.04007130 -0.01659807
    2    2
  0.14545383  0.00000000   -0.00122790  0.00000000    0.00000000  0.00408400
 -0.00122790  0.00000000    0.13514221  0.00000000    0.00000000 -0.00192315
  0.00000000 -0.00408400    0.00000000  0.00192315    0.15039877  0.00000000

     Dynamical  Matrix in cartesian axes

     q = (   -0.750000000  -0.500000000   0.000000000 ) 

    1    1
  0.14545383  0.00000000    0.00122790  0.00000000    0.00000000 -0.00408400
  0.00122790  0.00000000    0.13514221  0.00000000    0.00000000 -0.00192315
  0.00000000  0.00408400    0.00000000  0.00192315    0.15039877  0.00000000
    1    2
  0.01432022 -0.03457206   -0.02917757  0.07044089   -0.02909189 -0.01205026
 -0.02917757  0.07044089    0.01298437 -0.03134703   -0.07031132 -0.02912390
 -0.02909189 -0.01205026   -0.07031132 -0.02912390    0.01659807 -0.04007130
    2    1
  0.01432022  0.03457206   -0.02917757 -0.07044089   -0.02909189  0.01205026
 -0.02917757 -0.07044089    0.01298437  0.03134703   -0.07031132  0.02912390
 -0.02909189  0.01205026   -0.07031132  0.02912390    0.01659807  0.04007130
    2    2
  0.14545383  0.00000000    0.00122790  0.00000000    0.00000000  0.00408400
  0.00122790  0.00000000    0.13514221  0.00000000    0.00000000  0.00192315
  0.00000000 -0.00408400    0.00000000 -0.00192315    0.15039877  0.00000000

     Dynamical  Matrix in cartesian axes

     q = (   -0.750000000   0.500000000   0.000000000 ) 

    1    1
  0.14545383  0.00000000   -0.00122790  0.00000000    0.00000000  0.00408400
 -0.00122790  0.00000000    0.13514221  0.00000000    0.00000000 -0.00192315
  0.00000000 -0.00408400    0.00000000  0.00192315    0.15039877  0.00000000
    1    2
 -0.03457206 -0.01432022   -0.07044089 -0.02917757    0.01205026 -0.02909189
 -0.07044089 -0.02917757   -0.03134703 -0.01298437   -0.02912390  0.07031132
  0.01205026 -0.02909189   -0.02912390  0.07031132   -0.04007130 -0.01659807
    2    1
 -0.03457206  0.01432022   -0.07044089  0.02917757    0.01205026  0.02909189
 -0.07044089  0.02917757   -0.03134703  0.01298437   -0.02912390 -0.07031132
  0.01205026  0.02909189   -0.02912390 -0.07031132   -0.04007130  0.01659807
    2    2
  0.14545383  0.00000000   -0.00122790  0.00000000    0.00000000 -0.00408400
 -0.00122790  0.00000000    0.13514221  0.00000000    0.00000000  0.00192315
  0.00000000  0.00408400    0.00000000 -0.00192315    0.15039877  0.00000000

     Dynamical  Matrix in cartesian axes

     q = (    0.000000000  -0.500000000   0.750000000 ) 

    1    1
  0.15039877  0.00000000   -0.00000000 -0.00192315    0.00000000  0.00408400
 -0.00000000  0.00192315    0.13514221  0.00000000   -0.00122790  0.00000000
  0.00000000 -0.00408400   -0.00122790  0.00000000    0.14545383  0.00000000
    1    2
 -0.04007130  0.01659807   -0.02912390 -0.07031132    0.01205026  0.02909189
 -0.02912390 -0.07031132   -0.03134703  0.01298437   -0.07044089  0.02917757
  0.01205026  0.02909189   -0.07044089  0.02917757   -0.03457206  0.01432022
    2    1
 -0.04007130 -0.01659807   -0.02912390  0.07031132    0.01205026 -0.02909189
 -0.02912390  0.07031132   -0.03134703 -0.01298437   -0.07044089 -0.02917757
  0.01205026 -0.02909189   -0.07044089 -0.02917757   -0.03457206 -0.01432022
    2    2
  0.15039877  0.00000000   -0.00000000  0.00192315    0.00000000 -0.00408400
 -0.00000000 -0.00192315    0.13514221  0.00000000   -0.00122790  0.00000000
  0.00000000  0.00408400   -0.00122790  0.00000000    0.14545383  0.00000000

     Dynamical  Matrix in cartesian axes

     q = (    0.000000000  -0.750000000   0.500000000 ) 

    1    1
  0.15039877  0.00000000    0.00000000 -0.00408400   -0.00000000  0.00192315
  0.00000000  0.00408400    0.14545383  0.00000000   -0.00122790  0.00000000
  0.00000000 -0.00192315   -0.00122790  0.00000000    0.13514221  0.00000000
    1    2
 -0.04007130 -0.01659807    0.01205026 -0.02909189   -0.02912390  0.07031132
  0.01205026 -0.02909189   -0.03457206 -0.01432022   -0.07044089 -0.02917757
 -0.02912390  0.07031132   -0.07044089 -0.02917757   -0.03134703 -0.01298437
    2    1
 -0.04007130  0.01659807    0.01205026  0.02909189   -0.02912390 -0.07031132
  0.01205026  0.02909189   -0.03457206  0.01432022   -0.07044089  0.02917757
 -0.02912390 -0.07031132   -0.07044089  0.02917757   -0.03134703  0.01298437
    2    2
  0.15039877  0.00000000    0.00000000  0.00408400   -0.00000000 -0.00192315
  0.00000000 -0.00408400    0.14545383  0.00000000   -0.00122790  0.00000000
  0.00000000  0.00192315   -0.00122790  0.00000000    0.13514221  0.00000000

     Dynamical  Matrix in cartesian axes

     q = (    0.000000000   0.500000000   0.750000000 ) 

    1    1
  0.15039877  0.00000000   -0.00000000 -0.00192315    0.00000000 -0.00408400
 -0.00000000  0.00192315    0.13514221  0.00000000    0.00122790  0.00000000
  0.00000000  0.00408400    0.00122790 -0.00000000    0.14545383  0.00000000
    1    2
  0.01659807  0.04007130   -0.07031132  0.02912390   -0.02909189  0.01205026
 -0.07031132  0.02912390    0.01298437  0.03134703   -0.02917757 -0.07044089
 -0.02909189  0.01205026   -0.02917757 -0.07044089    0.01432022  0.03457206
    2    1
  0.01659807 -0.04007130   -0.07031132 -0.02912390   -0.02909189 -0.01205026
 -0.07031132 -0.02912390    0.01298437 -0.03134703   -0.02917757  0.07044089
 -0.02909189 -0.01205026   -0.02917757  0.07044089    0.01432022 -0.03457206
    2    2
  0.15039877  0.00000000   -0.00000000  0.00192315    0.00000000  0.00408400
 -0.00000000 -0.00192315    0.13514221  0.00000000    0.00122790  0.00000000
  0.00000000 -0.00408400    0.00122790  0.00000000    0.14545383  0.00000000

     Dynamical  Matrix in cartesian axes

     q = (    0.000000000  -0.500000000  -0.750000000 ) 

    1    1
  0.15039877  0.00000000   -0.00000000  0.00192315    0.00000000  0.00408400
 -0.00000000 -0.00192315    0.13514221  0.00000000    0.00122790  0.00000000
  0.00000000 -0.00408400    0.00122790  0.00000000    0.14545383  0.00000000
    1    2
  0.01659807 -0.04007130   -0.07031132 -0.02912390   -0.02909189 -0.01205026
 -0.07031132 -0.02912390    0.01298437 -0.03134703   -0.02917757  0.07044089
 -0.02909189 -0.01205026   -0.02917757  0.07044089    0.01432022 -0.03457206
    2    1
  0.01659807  0.04007130   -0.07031132  0.02912390   -0.02909189  0.01205026
 -0.07031132  0.02912390    0.01298437  0.03134703   -0.02917757 -0.07044089
 -0.02909189  0.01205026   -0.02917757 -0.07044089    0.01432022  0.03457206
    2    2
  0.15039877  0.00000000   -0.00000000 -0.00192315    0.00000000 -0.00408400
 -0.00000000  0.00192315    0.13514221  0.00000000    0.00122790  0.00000000
  0.00000000  0.00408400    0.00122790 -0.00000000    0.14545383  0.00000000

     Dynamical  Matrix in cartesian axes

     q = (    0.500000000  -0.750000000   0.000000000 ) 

    1    1
  0.13514221  0.00000000   -0.00122790  0.00000000   -0.00000000 -0.00192315
 -0.00122790  0.00000000    0.14545383  0.00000000   -0.00000000  0.00408400
 -0.00000000  0.00192315   -0.00000000 -0.00408400    0.15039877  0.00000000
    1    2
 -0.03134703 -0.01298437   -0.07044089 -0.02917757   -0.02912390  0.07031132
 -0.07044089 -0.02917757   -0.03457206 -0.01432022    0.01205026 -0.02909189
 -0.02912390  0.07031132    0.01205026 -0.02909189   -0.04007130 -0.01659807
    2    1
 -0.03134703  0.01298437   -0.07044089  0.02917757   -0.02912390 -0.07031132
 -0.07044089  0.02917757   -0.03457206  0.01432022    0.01205026  0.02909189
 -0.02912390 -0.07031132    0.01205026  0.02909189   -0.04007130  0.01659807
    2    2
  0.13514221  0.00000000   -0.00122790  0.00000000   -0.00000000  0.00192315
 -0.00122790  0.00000000    0.14545383  0.00000000   -0.00000000 -0.00408400
 -0.00000000 -0.00192315   -0.00000000  0.00408400    0.15039877  0.00000000

     Dynamical  Matrix in cartesian axes

     q = (   -0.500000000  -0.750000000   0.000000000 ) 

    1    1
  0.13514221  0.00000000    0.00122790  0.00000000    0.00000000 -0.00192315
  0.00122790  0.00000000    0.14545383  0.00000000    0.00000000 -0.00408400
 -0.00000000  0.00192315   -0.00000000  0.00408400    0.15039877  0.00000000
    1    2
  0.01298437 -0.03134703   -0.02917757  0.07044089   -0.07031132 -0.02912390
 -0.02917757  0.07044089    0.01432022 -0.03457206   -0.02909189 -0.01205026
 -0.07031132 -0.02912390   -0.02909189 -0.01205026    0.01659807 -0.04007130
    2    1
  0.01298437  0.03134703   -0.02917757 -0.07044089   -0.07031132  0.02912390
 -0.02917757 -0.07044089    0.01432022  0.03457206   -0.02909189  0.01205026
 -0.07031132  0.02912390   -0.02909189  0.01205026    0.01659807  0.04007130
    2    2
  0.13514221  0.00000000    0.00122790  0.00000000    0.00000000  0.00192315
  0.00122790  0.00000000    0.14545383  0.00000000    0.00000000  0.00408400
 -0.00000000 -0.00192315   -0.00000000 -0.00408400    0.15039877  0.00000000

     Dynamical  Matrix in cartesian axes

     q = (    0.500000000   0.750000000   0.000000000 ) 

    1    1
  0.13514221  0.00000000    0.00122790  0.00000000    0.00000000  0.00192315
  0.00122790  0.00000000    0.14545383  0.00000000    0.00000000  0.00408400
 -0.00000000 -0.00192315   -0.00000000 -0.00408400    0.15039877  0.00000000
    1    2
  0.01298437  0.03134703   -0.02917757 -0.07044089   -0.07031132  0.02912390
 -0.02917757 -0.07044089    0.01432022  0.03457206   -0.02909189  0.01205026
 -0.07031132  0.02912390   -0.02909189  0.01205026    0.01659807  0.04007130
    2    1
  0.01298437 -0.03134703   -0.02917757  0.07044089   -0.07031132 -0.02912390
 -0.02917757  0.07044089    0.01432022 -0.03457206   -0.02909189 -0.01205026
 -0.07031132 -0.02912390   -0.02909189 -0.01205026    0.01659807 -0.04007130
    2    2
  0.13514221  0.00000000    0.00122790  0.00000000    0.00000000 -0.00192315
  0.00122790  0.00000000    0.14545383  0.00000000    0.00000000 -0.00408400
 -0.00000000  0.00192315   -0.00000000  0.00408400    0.15039877  0.00000000

     Dynamical  Matrix in cartesian axes

     q = (   -0.500000000   0.750000000   0.000000000 ) 

    1    1
  0.13514221  0.00000000   -0.00122790  0.00000000   -0.00000000  0.00192315
 -0.00122790  0.00000000    0.14545383  0.00000000   -0.00000000 -0.00408400
 -0.00000000 -0.00192315   -0.00000000  0.00408400    0.15039877  0.00000000
    1    2
 -0.03134703  0.01298437   -0.07044089  0.02917757   -0.02912390 -0.07031132
 -0.07044089  0.02917757   -0.03457206  0.01432022    0.01205026  0.02909189
 -0.02912390 -0.07031132    0.01205026  0.02909189   -0.04007130  0.01659807
    2    1
 -0.03134703 -0.01298437   -0.07044089 -0.02917757   -0.02912390  0.07031132
 -0.07044089 -0.02917757   -0.03457206 -0.01432022    0.01205026 -0.02909189
 -0.02912390  0.07031132    0.01205026 -0.02909189   -0.04007130 -0.01659807
    2    2
  0.13514221  0.00000000   -0.00122790  0.00000000   -0.00000000 -0.00192315
 -0.00122790  0.00000000    0.14545383  0.00000000   -0.00000000  0.00408400
 -0.00000000  0.00192315   -0.00000000 -0.00408400    0.15039877  0.00000000

     Diagonalizing the dynamical matrix

     q = (    0.500000000   0.000000000   0.750000000 ) 

 **************************************************************************
     freq (    1) =       1.400299 [THz] =      46.708931 [cm-1]
 (  0.209978  0.506932 -0.148608  0.061555 -0.159196 -0.384333 ) 
 ( -0.548700  0.000000 -0.000000  0.160852  0.415999  0.000000 ) 
     freq (    2) =       1.690322 [THz] =      56.383073 [cm-1]
 ( -0.158904 -0.383627 -0.456125  0.188933 -0.110803 -0.267502 ) 
 ( -0.415235  0.000000 -0.000000 -0.493706 -0.289542  0.000000 ) 
     freq (    3) =       3.366957 [THz] =     112.309586 [cm-1]
 (  0.091814  0.221659 -0.415307  0.172026  0.187618  0.452950 ) 
 ( -0.239922 -0.000000 -0.000000  0.449525 -0.490270  0.000000 ) 
     freq (    4) =       4.143016 [THz] =     138.196139 [cm-1]
 (  0.093184  0.224966 -0.439871  0.182201  0.177039  0.427411 ) 
 (  0.243501  0.000000  0.000000 -0.476113  0.462626  0.000000 ) 
     freq (    5) =       5.088170 [THz] =     169.723098 [cm-1]
 ( -0.198216 -0.478536  0.158871 -0.065807  0.172055  0.415379 ) 
 ( -0.517964 -0.000000  0.000000  0.171961  0.449603  0.000000 ) 
     freq (    6) =       5.197770 [THz] =     173.378953 [cm-1]
 ( -0.143884 -0.347367 -0.481884  0.199603 -0.112603 -0.271847 ) 
 (  0.375987  0.000000 -0.000000  0.521588  0.294245  0.000000 ) 
 **************************************************************************
