Dynamical matrix file
                                                                           
  1    2  2 12.5600000  0.0000000  0.0000000  0.0000000  0.0000000  0.0000000
           1  'Sn  '    108197.54598352207     
    1    1      0.0000000000      0.0000000000      0.0000000000
    2    1      0.2500000000      0.2500000000      0.2500000000

     Dynamical  Matrix in cartesian axes

     q = (    0.375000000  -0.125000000   0.375000000 ) 

    1    1
  0.14494488  0.00000000   -0.00276871  0.00178656    0.00090506  0.00000000
 -0.00276871 -0.00178656    0.14873158  0.00000000   -0.00276871 -0.00178656
  0.00090506  0.00000000   -0.00276871  0.00178656    0.14494488  0.00000000
    1    2
 -0.06236272  0.07257864   -0.04541236 -0.01877547    0.03117687 -0.02075637
 -0.04541236 -0.01877547   -0.06543062  0.07721525   -0.04541236 -0.01877547
  0.03117687 -0.02075637   -0.04541236 -0.01877547   -0.06236272  0.07257864
    2    1
 -0.06236272 -0.07257864   -0.04541236  0.01877547    0.03117687  0.02075637
 -0.04541236  0.01877547   -0.06543062 -0.07721525   -0.04541236  0.01877547
  0.03117687  0.02075637   -0.04541236  0.01877547   -0.06236272 -0.07257864
    2    2
  0.14494488  0.00000000   -0.00276871 -0.00178656    0.00090506  0.00000000
 -0.00276871  0.00178656    0.14873158  0.00000000   -0.00276871  0.00178656
  0.00090506  0.00000000   -0.00276871 -0.00178656    0.14494488  0.00000000

     Dynamical  Matrix in cartesian axes

     q = (    0.375000000  -0.125000000  -0.375000000 ) 

    1    1
  0.14494488  0.00000000   -0.00276871 -0.00178656   -0.00090506  0.00000000
 -0.00276871  0.00178656    0.14873158  0.00000000    0.00276871 -0.00178656
 -0.00090506  0.00000000    0.00276871  0.00178656    0.14494488  0.00000000
    1    2
 -0.09541795 -0.00722374   -0.01883512  0.04538765   -0.03672234  0.00736841
 -0.01883512  0.04538765   -0.10086586 -0.00833300    0.01883512 -0.04538765
 -0.03672234  0.00736841    0.01883512 -0.04538765   -0.09541795 -0.00722374
    2    1
 -0.09541795  0.00722374   -0.01883512 -0.04538765   -0.03672234 -0.00736841
 -0.01883512 -0.04538765   -0.10086586  0.00833300    0.01883512  0.04538765
 -0.03672234 -0.00736841    0.01883512  0.04538765   -0.09541795  0.00722374
    2    2
  0.14494488  0.00000000   -0.00276871  0.00178656   -0.00090506  0.00000000
 -0.00276871 -0.00178656    0.14873158  0.00000000    0.00276871  0.00178656
 -0.00090506  0.00000000    0.00276871 -0.00178656    0.14494488  0.00000000

     Dynamical  Matrix in cartesian axes

     q = (    0.375000000   0.125000000  -0.375000000 ) 

    1    1
  0.14494488  0.00000000    0.00276871 -0.00178656   -0.00090506  0.00000000
  0.00276871  0.00178656    0.14873158  0.00000000   -0.00276871 -0.00178656
 -0.00090506  0.00000000   -0.00276871  0.00178656    0.14494488  0.00000000
    1    2
 -0.09541795  0.00722374    0.01883512  0.04538765   -0.03672234 -0.00736841
  0.01883512  0.04538765   -0.10086586  0.00833300   -0.01883512 -0.04538765
 -0.03672234 -0.00736841   -0.01883512 -0.04538765   -0.09541795  0.00722374
    2    1
 -0.09541795 -0.00722374    0.01883512 -0.04538765   -0.03672234  0.00736841
  0.01883512 -0.04538765   -0.10086586 -0.00833300   -0.01883512  0.04538765
 -0.03672234  0.00736841   -0.01883512  0.04538765   -0.09541795 -0.00722374
    2    2
  0.14494488  0.00000000    0.00276871  0.00178656   -0.00090506  0.00000000
  0.00276871 -0.00178656    0.14873158  0.00000000   -0.00276871  0.00178656
 -0.00090506  0.00000000   -0.00276871 -0.00178656    0.14494488  0.00000000

     Dynamical  Matrix in cartesian axes

     q = (   -0.375000000  -0.375000000   0.125000000 ) 

    1    1
  0.14494488  0.00000000    0.00090506  0.00000000   -0.00276871 -0.00178656
  0.00090506  0.00000000    0.14494488  0.00000000   -0.00276871 -0.00178656
 -0.00276871  0.00178656   -0.00276871  0.00178656    0.14873158  0.00000000
    1    2
 -0.06236272 -0.07257864    0.03117687  0.02075637   -0.04541236  0.01877547
  0.03117687  0.02075637   -0.06236272 -0.07257864   -0.04541236  0.01877547
 -0.04541236  0.01877547   -0.04541236  0.01877547   -0.06543062 -0.07721525
    2    1
 -0.06236272  0.07257864    0.03117687 -0.02075637   -0.04541236 -0.01877547
  0.03117687 -0.02075637   -0.06236272  0.07257864   -0.04541236 -0.01877547
 -0.04541236 -0.01877547   -0.04541236 -0.01877547   -0.06543062  0.07721525
    2    2
  0.14494488  0.00000000    0.00090506  0.00000000   -0.00276871  0.00178656
  0.00090506  0.00000000    0.14494488  0.00000000   -0.00276871  0.00178656
 -0.00276871 -0.00178656   -0.00276871 -0.00178656    0.14873158  0.00000000

     Dynamical  Matrix in cartesian axes

     q = (   -0.375000000  -0.375000000  -0.125000000 ) 

    1    1
  0.14494488  0.00000000    0.00090506  0.00000000    0.00276871 -0.00178656
  0.00090506  0.00000000    0.14494488  0.00000000    0.00276871 -0.00178656
  0.00276871  0.00178656    0.00276871  0.00178656    0.14873158  0.00000000
    1    2
 -0.00722374 -0.09541795   -0.00736841  0.03672234   -0.04538765  0.01883512
 -0.00736841  0.03672234   -0.00722374 -0.09541795   -0.04538765  0.01883512
 -0.04538765  0.01883512   -0.04538765  0.01883512   -0.00833300 -0.10086586
    2    1
 -0.00722374  0.09541795   -0.00736841 -0.03672234   -0.04538765 -0.01883512
 -0.00736841 -0.03672234   -0.00722374  0.09541795   -0.04538765 -0.01883512
 -0.04538765 -0.01883512   -0.04538765 -0.01883512   -0.00833300  0.10086586
    2    2
  0.14494488  0.00000000    0.00090506  0.00000000    0.00276871  0.00178656
  0.00090506  0.00000000    0.14494488  0.00000000    0.00276871  0.00178656
  0.00276871 -0.00178656    0.00276871 -0.00178656    0.14873158  0.00000000

     Dynamical  Matrix in cartesian axes

     q = (   -0.375000000   0.375000000   0.125000000 ) 

    1    1
  0.14494488  0.00000000   -0.00090506  0.00000000   -0.00276871  0.00178656
 -0.00090506  0.00000000    0.14494488  0.00000000    0.00276871 -0.00178656
 -0.00276871 -0.00178656    0.00276871  0.00178656    0.14873158  0.00000000
    1    2
 -0.09541795  0.00722374   -0.03672234 -0.00736841   -0.01883512 -0.04538765
 -0.03672234 -0.00736841   -0.09541795  0.00722374    0.01883512  0.04538765
 -0.01883512 -0.04538765    0.01883512  0.04538765   -0.10086586  0.00833300
    2    1
 -0.09541795 -0.00722374   -0.03672234  0.00736841   -0.01883512  0.04538765
 -0.03672234  0.00736841   -0.09541795 -0.00722374    0.01883512 -0.04538765
 -0.01883512  0.04538765    0.01883512 -0.04538765   -0.10086586 -0.00833300
    2    2
  0.14494488  0.00000000   -0.00090506  0.00000000   -0.00276871 -0.00178656
 -0.00090506  0.00000000    0.14494488  0.00000000    0.00276871  0.00178656
 -0.00276871  0.00178656    0.00276871 -0.00178656    0.14873158  0.00000000

     Dynamical  Matrix in cartesian axes

     q = (   -0.375000000   0.375000000  -0.125000000 ) 

    1    1
  0.14494488  0.00000000   -0.00090506  0.00000000    0.00276871  0.00178656
 -0.00090506  0.00000000    0.14494488  0.00000000   -0.00276871 -0.00178656
  0.00276871 -0.00178656   -0.00276871  0.00178656    0.14873158  0.00000000
    1    2
 -0.09541795 -0.00722374   -0.03672234  0.00736841    0.01883512 -0.04538765
 -0.03672234  0.00736841   -0.09541795 -0.00722374   -0.01883512  0.04538765
  0.01883512 -0.04538765   -0.01883512  0.04538765   -0.10086586 -0.00833300
    2    1
 -0.09541795  0.00722374   -0.03672234 -0.00736841    0.01883512  0.04538765
 -0.03672234 -0.00736841   -0.09541795  0.00722374   -0.01883512 -0.04538765
  0.01883512  0.04538765   -0.01883512 -0.04538765   -0.10086586  0.00833300
    2    2
  0.14494488  0.00000000   -0.00090506  0.00000000    0.00276871 -0.00178656
 -0.00090506  0.00000000    0.14494488  0.00000000   -0.00276871  0.00178656
  0.00276871  0.00178656   -0.00276871 -0.00178656    0.14873158  0.00000000

     Dynamical  Matrix in cartesian axes

     q = (   -0.375000000   0.125000000  -0.375000000 ) 

    1    1
  0.14494488  0.00000000   -0.00276871 -0.00178656    0.00090506  0.00000000
 -0.00276871  0.00178656    0.14873158  0.00000000   -0.00276871  0.00178656
  0.00090506  0.00000000   -0.00276871 -0.00178656    0.14494488  0.00000000
    1    2
 -0.06236272 -0.07257864   -0.04541236  0.01877547    0.03117687  0.02075637
 -0.04541236  0.01877547   -0.06543062 -0.07721525   -0.04541236  0.01877547
  0.03117687  0.02075637   -0.04541236  0.01877547   -0.06236272 -0.07257864
    2    1
 -0.06236272  0.07257864   -0.04541236 -0.01877547    0.03117687 -0.02075637
 -0.04541236 -0.01877547   -0.06543062  0.07721525   -0.04541236 -0.01877547
  0.03117687 -0.02075637   -0.04541236 -0.01877547   -0.06236272  0.07257864
    2    2
  0.14494488  0.00000000   -0.00276871  0.00178656    0.00090506  0.00000000
 -0.00276871 -0.00178656    0.14873158  0.00000000   -0.00276871 -0.00178656
  0.00090506  0.00000000   -0.00276871  0.00178656    0.14494488  0.00000000

     Dynamical  Matrix in cartesian axes

     q = (   -0.375000000   0.125000000   0.375000000 ) 

    1    1
  0.14494488  0.00000000   -0.00276871  0.00178656   -0.00090506  0.00000000
 -0.00276871 -0.00178656    0.14873158  0.00000000    0.00276871  0.00178656
 -0.00090506  0.00000000    0.00276871 -0.00178656    0.14494488  0.00000000
    1    2
 -0.09541795  0.00722374   -0.01883512 -0.04538765   -0.03672234 -0.00736841
 -0.01883512 -0.04538765   -0.10086586  0.00833300    0.01883512  0.04538765
 -0.03672234 -0.00736841    0.01883512  0.04538765   -0.09541795  0.00722374
    2    1
 -0.09541795 -0.00722374   -0.01883512  0.04538765   -0.03672234  0.00736841
 -0.01883512  0.04538765   -0.10086586 -0.00833300    0.01883512 -0.04538765
 -0.03672234  0.00736841    0.01883512 -0.04538765   -0.09541795 -0.00722374
    2    2
  0.14494488  0.00000000   -0.00276871 -0.00178656   -0.00090506  0.00000000
 -0.00276871  0.00178656    0.14873158  0.00000000    0.00276871 -0.00178656
 -0.00090506  0.00000000    0.00276871  0.00178656    0.14494488  0.00000000

     Dynamical  Matrix in cartesian axes

     q = (   -0.375000000  -0.125000000   0.375000000 ) 

    1    1
  0.14494488  0.00000000    0.00276871  0.00178656   -0.00090506  0.00000000
  0.00276871 -0.00178656    0.14873158  0.00000000   -0.00276871  0.00178656
 -0.00090506  0.00000000   -0.00276871 -0.00178656    0.14494488  0.00000000
    1    2
 -0.09541795 -0.00722374    0.01883512 -0.04538765   -0.03672234  0.00736841
  0.01883512 -0.04538765   -0.10086586 -0.00833300   -0.01883512  0.04538765
 -0.03672234  0.00736841   -0.01883512  0.04538765   -0.09541795 -0.00722374
    2    1
 -0.09541795  0.00722374    0.01883512  0.04538765   -0.03672234 -0.00736841
  0.01883512  0.04538765   -0.10086586  0.00833300   -0.01883512 -0.04538765
 -0.03672234 -0.00736841   -0.01883512 -0.04538765   -0.09541795  0.00722374
    2    2
  0.14494488  0.00000000    0.00276871 -0.00178656   -0.00090506  0.00000000
  0.00276871  0.00178656    0.14873158  0.00000000   -0.00276871 -0.00178656
 -0.00090506  0.00000000   -0.00276871  0.00178656    0.14494488  0.00000000

     Dynamical  Matrix in cartesian axes

     q = (    0.375000000   0.125000000   0.375000000 ) 

    1    1
  0.14494488  0.00000000    0.00276871  0.00178656    0.00090506  0.00000000
  0.00276871 -0.00178656    0.14873158  0.00000000    0.00276871 -0.00178656
  0.00090506  0.00000000    0.00276871  0.00178656    0.14494488  0.00000000
    1    2
 -0.00722374  0.09541795   -0.04538765 -0.01883512   -0.00736841 -0.03672234
 -0.04538765 -0.01883512   -0.00833300  0.10086586   -0.04538765 -0.01883512
 -0.00736841 -0.03672234   -0.04538765 -0.01883512   -0.00722374  0.09541795
    2    1
 -0.00722374 -0.09541795   -0.04538765  0.01883512   -0.00736841  0.03672234
 -0.04538765  0.01883512   -0.00833300 -0.10086586   -0.04538765  0.01883512
 -0.00736841  0.03672234   -0.04538765  0.01883512   -0.00722374 -0.09541795
    2    2
  0.14494488  0.00000000    0.00276871 -0.00178656    0.00090506  0.00000000
  0.00276871  0.00178656    0.14873158  0.00000000    0.00276871  0.00178656
  0.00090506  0.00000000    0.00276871 -0.00178656    0.14494488  0.00000000

     Dynamical  Matrix in cartesian axes

     q = (   -0.125000000   0.375000000   0.375000000 ) 

    1    1
  0.14873158  0.00000000   -0.00276871 -0.00178656   -0.00276871 -0.00178656
 -0.00276871  0.00178656    0.14494488  0.00000000    0.00090506  0.00000000
 -0.00276871  0.00178656    0.00090506  0.00000000    0.14494488  0.00000000
    1    2
 -0.06543062  0.07721525   -0.04541236 -0.01877547   -0.04541236 -0.01877547
 -0.04541236 -0.01877547   -0.06236272  0.07257864    0.03117687 -0.02075637
 -0.04541236 -0.01877547    0.03117687 -0.02075637   -0.06236272  0.07257864
    2    1
 -0.06543062 -0.07721525   -0.04541236  0.01877547   -0.04541236  0.01877547
 -0.04541236  0.01877547   -0.06236272 -0.07257864    0.03117687  0.02075637
 -0.04541236  0.01877547    0.03117687  0.02075637   -0.06236272 -0.07257864
    2    2
  0.14873158  0.00000000   -0.00276871  0.00178656   -0.00276871  0.00178656
 -0.00276871 -0.00178656    0.14494488  0.00000000    0.00090506  0.00000000
 -0.00276871 -0.00178656    0.00090506  0.00000000    0.14494488  0.00000000

     Dynamical  Matrix in cartesian axes

     q = (    0.125000000   0.375000000  -0.375000000 ) 

    1    1
  0.14873158  0.00000000    0.00276871  0.00178656   -0.00276871 -0.00178656
  0.00276871 -0.00178656    0.14494488  0.00000000   -0.00090506  0.00000000
 -0.00276871  0.00178656   -0.00090506  0.00000000    0.14494488  0.00000000
    1    2
 -0.10086586  0.00833300    0.01883512  0.04538765   -0.01883512 -0.04538765
  0.01883512  0.04538765   -0.09541795  0.00722374   -0.03672234 -0.00736841
 -0.01883512 -0.04538765   -0.03672234 -0.00736841   -0.09541795  0.00722374
    2    1
 -0.10086586 -0.00833300    0.01883512 -0.04538765   -0.01883512  0.04538765
  0.01883512 -0.04538765   -0.09541795 -0.00722374   -0.03672234  0.00736841
 -0.01883512  0.04538765   -0.03672234  0.00736841   -0.09541795 -0.00722374
    2    2
  0.14873158  0.00000000    0.00276871 -0.00178656   -0.00276871  0.00178656
  0.00276871  0.00178656    0.14494488  0.00000000   -0.00090506  0.00000000
 -0.00276871 -0.00178656   -0.00090506  0.00000000    0.14494488  0.00000000

     Dynamical  Matrix in cartesian axes

     q = (   -0.125000000  -0.375000000  -0.375000000 ) 

    1    1
  0.14873158  0.00000000    0.00276871  0.00178656    0.00276871  0.00178656
  0.00276871 -0.00178656    0.14494488  0.00000000    0.00090506  0.00000000
  0.00276871 -0.00178656    0.00090506  0.00000000    0.14494488  0.00000000
    1    2
 -0.00833300 -0.10086586   -0.04538765  0.01883512   -0.04538765  0.01883512
 -0.04538765  0.01883512   -0.00722374 -0.09541795   -0.00736841  0.03672234
 -0.04538765  0.01883512   -0.00736841  0.03672234   -0.00722374 -0.09541795
    2    1
 -0.00833300  0.10086586   -0.04538765 -0.01883512   -0.04538765 -0.01883512
 -0.04538765 -0.01883512   -0.00722374  0.09541795   -0.00736841 -0.03672234
 -0.04538765 -0.01883512   -0.00736841 -0.03672234   -0.00722374  0.09541795
    2    2
  0.14873158  0.00000000    0.00276871 -0.00178656    0.00276871 -0.00178656
  0.00276871  0.00178656    0.14494488  0.00000000    0.00090506  0.00000000
  0.00276871  0.00178656    0.00090506  0.00000000    0.14494488  0.00000000

     Dynamical  Matrix in cartesian axes

     q = (   -0.125000000   0.375000000  -0.375000000 ) 

    1    1
  0.14873158  0.00000000   -0.00276871  0.00178656    0.00276871 -0.00178656
 -0.00276871 -0.00178656    0.14494488  0.00000000   -0.00090506  0.00000000
  0.00276871  0.00178656   -0.00090506  0.00000000    0.14494488  0.00000000
    1    2
 -0.10086586 -0.00833300   -0.01883512  0.04538765    0.01883512 -0.04538765
 -0.01883512  0.04538765   -0.09541795 -0.00722374   -0.03672234  0.00736841
  0.01883512 -0.04538765   -0.03672234  0.00736841   -0.09541795 -0.00722374
    2    1
 -0.10086586  0.00833300   -0.01883512 -0.04538765    0.01883512  0.04538765
 -0.01883512 -0.04538765   -0.09541795  0.00722374   -0.03672234 -0.00736841
  0.01883512  0.04538765   -0.03672234 -0.00736841   -0.09541795  0.00722374
    2    2
  0.14873158  0.00000000   -0.00276871 -0.00178656    0.00276871  0.00178656
 -0.00276871  0.00178656    0.14494488  0.00000000   -0.00090506  0.00000000
  0.00276871 -0.00178656   -0.00090506  0.00000000    0.14494488  0.00000000

     Dynamical  Matrix in cartesian axes

     q = (    0.375000000   0.375000000  -0.125000000 ) 

    1    1
  0.14494488  0.00000000    0.00090506  0.00000000   -0.00276871  0.00178656
  0.00090506  0.00000000    0.14494488  0.00000000   -0.00276871  0.00178656
 -0.00276871 -0.00178656   -0.00276871 -0.00178656    0.14873158  0.00000000
    1    2
 -0.06236272  0.07257864    0.03117687 -0.02075637   -0.04541236 -0.01877547
  0.03117687 -0.02075637   -0.06236272  0.07257864   -0.04541236 -0.01877547
 -0.04541236 -0.01877547   -0.04541236 -0.01877547   -0.06543062  0.07721525
    2    1
 -0.06236272 -0.07257864    0.03117687  0.02075637   -0.04541236  0.01877547
  0.03117687  0.02075637   -0.06236272 -0.07257864   -0.04541236  0.01877547
 -0.04541236  0.01877547   -0.04541236  0.01877547   -0.06543062 -0.07721525
    2    2
  0.14494488  0.00000000    0.00090506  0.00000000   -0.00276871 -0.00178656
  0.00090506  0.00000000    0.14494488  0.00000000   -0.00276871 -0.00178656
 -0.00276871  0.00178656   -0.00276871  0.00178656    0.14873158  0.00000000

     Dynamical  Matrix in cartesian axes

     q = (    0.375000000  -0.375000000   0.125000000 ) 

    1    1
  0.14494488  0.00000000   -0.00090506  0.00000000    0.00276871 -0.00178656
 -0.00090506  0.00000000    0.14494488  0.00000000   -0.00276871  0.00178656
  0.00276871  0.00178656   -0.00276871 -0.00178656    0.14873158  0.00000000
    1    2
 -0.09541795  0.00722374   -0.03672234 -0.00736841    0.01883512  0.04538765
 -0.03672234 -0.00736841   -0.09541795  0.00722374   -0.01883512 -0.04538765
  0.01883512  0.04538765   -0.01883512 -0.04538765   -0.10086586  0.00833300
    2    1
 -0.09541795 -0.00722374   -0.03672234  0.00736841    0.01883512 -0.04538765
 -0.03672234  0.00736841   -0.09541795 -0.00722374   -0.01883512  0.04538765
  0.01883512 -0.04538765   -0.01883512  0.04538765   -0.10086586 -0.00833300
    2    2
  0.14494488  0.00000000   -0.00090506  0.00000000    0.00276871  0.00178656
 -0.00090506  0.00000000    0.14494488  0.00000000   -0.00276871 -0.00178656
  0.00276871 -0.00178656   -0.00276871  0.00178656    0.14873158  0.00000000

     Dynamical  Matrix in cartesian axes

     q = (    0.125000000  -0.375000000   0.375000000 ) 

    1    1
  0.14873158  0.00000000   -0.00276871 -0.00178656    0.00276871  0.00178656
 -0.00276871  0.00178656    0.14494488  0.00000000   -0.00090506  0.00000000
  0.00276871 -0.00178656   -0.00090506  0.00000000    0.14494488  0.00000000
    1    2
 -0.10086586  0.00833300   -0.01883512 -0.04538765    0.01883512  0.04538765
 -0.01883512 -0.04538765   -0.09541795  0.00722374   -0.03672234 -0.00736841
  0.01883512  0.04538765   -0.03672234 -0.00736841   -0.09541795  0.00722374
    2    1
 -0.10086586 -0.00833300   -0.01883512  0.04538765    0.01883512 -0.04538765
 -0.01883512  0.04538765   -0.09541795 -0.00722374   -0.03672234  0.00736841
  0.01883512 -0.04538765   -0.03672234  0.00736841   -0.09541795 -0.00722374
    2    2
  0.14873158  0.00000000   -0.00276871  0.00178656    0.00276871 -0.00178656
 -0.00276871 -0.00178656    0.14494488  0.00000000   -0.00090506  0.00000000
  0.00276871  0.00178656   -0.00090506  0.00000000    0.14494488  0.00000000

     Dynamical  Matrix in cartesian axes

     q = (    0.125000000   0.375000000   0.375000000 ) 

    1    1
  0.14873158  0.00000000    0.00276871 -0.00178656    0.00276871 -0.00178656
  0.00276871  0.00178656    0.14494488  0.00000000    0.00090506  0.00000000
  0.00276871  0.00178656    0.00090506  0.00000000    0.14494488  0.00000000
    1    2
 -0.00833300  0.10086586   -0.04538765 -0.01883512   -0.04538765 -0.01883512
 -0.04538765 -0.01883512   -0.00722374  0.09541795   -0.00736841 -0.03672234
 -0.04538765 -0.01883512   -0.00736841 -0.03672234   -0.00722374  0.09541795
    2    1
 -0.00833300 -0.10086586   -0.04538765  0.01883512   -0.04538765  0.01883512
 -0.04538765  0.01883512   -0.00722374 -0.09541795   -0.00736841  0.03672234
 -0.04538765  0.01883512   -0.00736841  0.03672234   -0.00722374 -0.09541795
    2    2
  0.14873158  0.00000000    0.00276871  0.00178656    0.00276871  0.00178656
  0.00276871 -0.00178656    0.14494488  0.00000000    0.00090506  0.00000000
  0.00276871 -0.00178656    0.00090506  0.00000000    0.14494488  0.00000000

     Dynamical  Matrix in cartesian axes

     q = (   -0.125000000  -0.375000000   0.375000000 ) 

    1    1
  0.14873158  0.00000000    0.00276871 -0.00178656   -0.00276871  0.00178656
  0.00276871  0.00178656    0.14494488  0.00000000   -0.00090506  0.00000000
 -0.00276871 -0.00178656   -0.00090506  0.00000000    0.14494488  0.00000000
    1    2
 -0.10086586 -0.00833300    0.01883512 -0.04538765   -0.01883512  0.04538765
  0.01883512 -0.04538765   -0.09541795 -0.00722374   -0.03672234  0.00736841
 -0.01883512  0.04538765   -0.03672234  0.00736841   -0.09541795 -0.00722374
    2    1
 -0.10086586  0.00833300    0.01883512  0.04538765   -0.01883512 -0.04538765
  0.01883512  0.04538765   -0.09541795  0.00722374   -0.03672234 -0.00736841
 -0.01883512 -0.04538765   -0.03672234 -0.00736841   -0.09541795  0.00722374
    2    2
  0.14873158  0.00000000    0.00276871  0.00178656   -0.00276871 -0.00178656
  0.00276871 -0.00178656    0.14494488  0.00000000   -0.00090506  0.00000000
 -0.00276871  0.00178656   -0.00090506  0.00000000    0.14494488  0.00000000

     Dynamical  Matrix in cartesian axes

     q = (   -0.375000000  -0.125000000  -0.375000000 ) 

    1    1
  0.14494488  0.00000000    0.00276871 -0.00178656    0.00090506  0.00000000
  0.00276871  0.00178656    0.14873158  0.00000000    0.00276871  0.00178656
  0.00090506  0.00000000    0.00276871 -0.00178656    0.14494488  0.00000000
    1    2
 -0.00722374 -0.09541795   -0.04538765  0.01883512   -0.00736841  0.03672234
 -0.04538765  0.01883512   -0.00833300 -0.10086586   -0.04538765  0.01883512
 -0.00736841  0.03672234   -0.04538765  0.01883512   -0.00722374 -0.09541795
    2    1
 -0.00722374  0.09541795   -0.04538765 -0.01883512   -0.00736841 -0.03672234
 -0.04538765 -0.01883512   -0.00833300  0.10086586   -0.04538765 -0.01883512
 -0.00736841 -0.03672234   -0.04538765 -0.01883512   -0.00722374  0.09541795
    2    2
  0.14494488  0.00000000    0.00276871  0.00178656    0.00090506  0.00000000
  0.00276871 -0.00178656    0.14873158  0.00000000    0.00276871 -0.00178656
  0.00090506  0.00000000    0.00276871  0.00178656    0.14494488  0.00000000

     Dynamical  Matrix in cartesian axes

     q = (    0.375000000   0.375000000   0.125000000 ) 

    1    1
  0.14494488  0.00000000    0.00090506  0.00000000    0.00276871  0.00178656
  0.00090506  0.00000000    0.14494488  0.00000000    0.00276871  0.00178656
  0.00276871 -0.00178656    0.00276871 -0.00178656    0.14873158  0.00000000
    1    2
 -0.00722374  0.09541795   -0.00736841 -0.03672234   -0.04538765 -0.01883512
 -0.00736841 -0.03672234   -0.00722374  0.09541795   -0.04538765 -0.01883512
 -0.04538765 -0.01883512   -0.04538765 -0.01883512   -0.00833300  0.10086586
    2    1
 -0.00722374 -0.09541795   -0.00736841  0.03672234   -0.04538765  0.01883512
 -0.00736841  0.03672234   -0.00722374 -0.09541795   -0.04538765  0.01883512
 -0.04538765  0.01883512   -0.04538765  0.01883512   -0.00833300 -0.10086586
    2    2
  0.14494488  0.00000000    0.00090506  0.00000000    0.00276871 -0.00178656
  0.00090506  0.00000000    0.14494488  0.00000000    0.00276871 -0.00178656
  0.00276871  0.00178656    0.00276871  0.00178656    0.14873158  0.00000000

     Dynamical  Matrix in cartesian axes

     q = (    0.125000000  -0.375000000  -0.375000000 ) 

    1    1
  0.14873158  0.00000000   -0.00276871  0.00178656   -0.00276871  0.00178656
 -0.00276871 -0.00178656    0.14494488  0.00000000    0.00090506  0.00000000
 -0.00276871 -0.00178656    0.00090506  0.00000000    0.14494488  0.00000000
    1    2
 -0.06543062 -0.07721525   -0.04541236  0.01877547   -0.04541236  0.01877547
 -0.04541236  0.01877547   -0.06236272 -0.07257864    0.03117687  0.02075637
 -0.04541236  0.01877547    0.03117687  0.02075637   -0.06236272 -0.07257864
    2    1
 -0.06543062  0.07721525   -0.04541236 -0.01877547   -0.04541236 -0.01877547
 -0.04541236 -0.01877547   -0.06236272  0.07257864    0.03117687 -0.02075637
 -0.04541236 -0.01877547    0.03117687 -0.02075637   -0.06236272  0.07257864
    2    2
  0.14873158  0.00000000   -0.00276871 -0.00178656   -0.00276871 -0.00178656
 -0.00276871  0.00178656    0.14494488  0.00000000    0.00090506  0.00000000
 -0.00276871  0.00178656    0.00090506  0.00000000    0.14494488  0.00000000

     Dynamical  Matrix in cartesian axes

     q = (    0.375000000  -0.375000000  -0.125000000 ) 

    1    1
  0.14494488  0.00000000   -0.00090506  0.00000000   -0.00276871 -0.00178656
 -0.00090506  0.00000000    0.14494488  0.00000000    0.00276871  0.00178656
 -0.00276871  0.00178656    0.00276871 -0.00178656    0.14873158  0.00000000
    1    2
 -0.09541795 -0.00722374   -0.03672234  0.00736841   -0.01883512  0.04538765
 -0.03672234  0.00736841   -0.09541795 -0.00722374    0.01883512 -0.04538765
 -0.01883512  0.04538765    0.01883512 -0.04538765   -0.10086586 -0.00833300
    2    1
 -0.09541795  0.00722374   -0.03672234 -0.00736841   -0.01883512 -0.04538765
 -0.03672234 -0.00736841   -0.09541795  0.00722374    0.01883512  0.04538765
 -0.01883512 -0.04538765    0.01883512  0.04538765   -0.10086586  0.00833300
    2    2
  0.14494488  0.00000000   -0.00090506  0.00000000   -0.00276871  0.00178656
 -0.00090506  0.00000000    0.14494488  0.00000000    0.00276871 -0.00178656
 -0.00276871 -0.00178656    0.00276871  0.00178656    0.14873158  0.00000000

     Diagonalizing the dynamical matrix

     q = (    0.375000000  -0.125000000   0.375000000 ) 

 **************************************************************************
     freq (    1) =       1.091013 [THz] =      36.392266 [cm-1]
 (  0.353940 -0.353166 -0.000000  0.000000 -0.353940  0.353166 ) 
 (  0.500000  0.000000 -0.000000  0.000000 -0.500000  0.000000 ) 
     freq (    2) =       1.315862 [THz] =      43.892426 [cm-1]
 ( -0.214368 -0.086330 -0.620886  0.087677 -0.214368 -0.086330 ) 
 ( -0.231098 -0.000000 -0.543184 -0.313270 -0.231098  0.000000 ) 
     freq (    3) =       2.557525 [THz] =      85.309836 [cm-1]
 ( -0.061178  0.437999 -0.126514 -0.304669 -0.061178  0.437999 ) 
 ( -0.442250  0.000000  0.284239  0.167443 -0.442250  0.000000 ) 
     freq (    4) =       4.786980 [THz] =     159.676477 [cm-1]
 ( -0.134956  0.444290 -0.167896 -0.201487 -0.134956  0.444290 ) 
 (  0.464335 -0.000000 -0.143992 -0.219209  0.464335  0.000000 ) 
     freq (    5) =       5.256087 [THz] =     175.324207 [cm-1]
 (  0.353940 -0.353166  0.000000 -0.000000 -0.353940  0.353166 ) 
 ( -0.500000  0.000000 -0.000000 -0.000000  0.500000  0.000000 ) 
     freq (    6) =       5.267513 [THz] =     175.705333 [cm-1]
 (  0.074042  0.172971  0.645627  0.111189  0.074042  0.172971 ) 
 ( -0.188153  0.000000 -0.356287 -0.549779 -0.188153  0.000000 ) 
 **************************************************************************
