Dynamical matrix file
                                                                           
  1    2  2 12.5600000  0.0000000  0.0000000  0.0000000  0.0000000  0.0000000
           1  'Sn  '    108197.54598352207     
    1    1      0.0000000000      0.0000000000      0.0000000000
    2    1      0.2500000000      0.2500000000      0.2500000000

     Dynamical  Matrix in cartesian axes

     q = (    0.625000000  -0.125000000   0.625000000 ) 

    1    1
  0.13911519  0.00000000   -0.00184883  0.00279990   -0.00041547  0.00000000
 -0.00184883 -0.00279990    0.15620095  0.00000000   -0.00184883 -0.00279990
 -0.00041547  0.00000000   -0.00184883  0.00279990    0.13911519  0.00000000
    1    2
 -0.01100119  0.04393452   -0.04895827  0.02053722   -0.00768479 -0.07906550
 -0.04895827  0.02053722   -0.01064734  0.05440664   -0.04895827  0.02053722
 -0.00768479 -0.07906550   -0.04895827  0.02053722   -0.01100119  0.04393452
    2    1
 -0.01100119 -0.04393452   -0.04895827 -0.02053722   -0.00768479  0.07906550
 -0.04895827 -0.02053722   -0.01064734 -0.05440664   -0.04895827 -0.02053722
 -0.00768479  0.07906550   -0.04895827 -0.02053722   -0.01100119 -0.04393452
    2    2
  0.13911519  0.00000000   -0.00184883 -0.00279990   -0.00041547  0.00000000
 -0.00184883  0.00279990    0.15620095  0.00000000   -0.00184883  0.00279990
 -0.00041547  0.00000000   -0.00184883 -0.00279990    0.13911519  0.00000000

     Dynamical  Matrix in cartesian axes

     q = (    0.625000000  -0.125000000  -0.625000000 ) 

    1    1
  0.13911519  0.00000000   -0.00184883 -0.00279990    0.00041547  0.00000000
 -0.00184883  0.00279990    0.15620095  0.00000000    0.00184883 -0.00279990
  0.00041547  0.00000000    0.00184883  0.00279990    0.13911519  0.00000000
    1    2
 -0.04393452  0.01100119   -0.02053722  0.04895827   -0.07906550 -0.00768479
 -0.02053722  0.04895827   -0.05440664  0.01064734    0.02053722 -0.04895827
 -0.07906550 -0.00768479    0.02053722 -0.04895827   -0.04393452  0.01100119
    2    1
 -0.04393452 -0.01100119   -0.02053722 -0.04895827   -0.07906550  0.00768479
 -0.02053722 -0.04895827   -0.05440664 -0.01064734    0.02053722  0.04895827
 -0.07906550  0.00768479    0.02053722  0.04895827   -0.04393452 -0.01100119
    2    2
  0.13911519  0.00000000   -0.00184883  0.00279990    0.00041547  0.00000000
 -0.00184883 -0.00279990    0.15620095  0.00000000    0.00184883  0.00279990
  0.00041547  0.00000000    0.00184883 -0.00279990    0.13911519  0.00000000

     Dynamical  Matrix in cartesian axes

     q = (   -0.625000000  -0.125000000   0.625000000 ) 

    1    1
  0.13911519  0.00000000    0.00184883  0.00279990    0.00041547  0.00000000
  0.00184883 -0.00279990    0.15620095  0.00000000   -0.00184883  0.00279990
  0.00041547  0.00000000   -0.00184883 -0.00279990    0.13911519  0.00000000
    1    2
 -0.04393452  0.01100119    0.02053722 -0.04895827   -0.07906550 -0.00768479
  0.02053722 -0.04895827   -0.05440664  0.01064734   -0.02053722  0.04895827
 -0.07906550 -0.00768479   -0.02053722  0.04895827   -0.04393452  0.01100119
    2    1
 -0.04393452 -0.01100119    0.02053722  0.04895827   -0.07906550  0.00768479
  0.02053722  0.04895827   -0.05440664 -0.01064734   -0.02053722 -0.04895827
 -0.07906550  0.00768479   -0.02053722 -0.04895827   -0.04393452 -0.01100119
    2    2
  0.13911519  0.00000000    0.00184883 -0.00279990    0.00041547  0.00000000
  0.00184883  0.00279990    0.15620095  0.00000000   -0.00184883 -0.00279990
  0.00041547  0.00000000   -0.00184883  0.00279990    0.13911519  0.00000000

     Dynamical  Matrix in cartesian axes

     q = (   -0.625000000  -0.125000000  -0.625000000 ) 

    1    1
  0.13911519  0.00000000    0.00184883 -0.00279990   -0.00041547  0.00000000
  0.00184883  0.00279990    0.15620095  0.00000000    0.00184883  0.00279990
 -0.00041547  0.00000000    0.00184883 -0.00279990    0.13911519  0.00000000
    1    2
  0.03884541 -0.02328738   -0.04914073 -0.02009672   -0.05047379  0.06134172
 -0.04914073 -0.02009672    0.04600011 -0.03094250   -0.04914073 -0.02009672
 -0.05047379  0.06134172   -0.04914073 -0.02009672    0.03884541 -0.02328738
    2    1
  0.03884541  0.02328738   -0.04914073  0.02009672   -0.05047379 -0.06134172
 -0.04914073  0.02009672    0.04600011  0.03094250   -0.04914073  0.02009672
 -0.05047379 -0.06134172   -0.04914073  0.02009672    0.03884541  0.02328738
    2    2
  0.13911519  0.00000000    0.00184883  0.00279990   -0.00041547  0.00000000
  0.00184883 -0.00279990    0.15620095  0.00000000    0.00184883 -0.00279990
 -0.00041547  0.00000000    0.00184883  0.00279990    0.13911519  0.00000000

     Dynamical  Matrix in cartesian axes

     q = (   -0.625000000   0.125000000  -0.625000000 ) 

    1    1
  0.13911519  0.00000000   -0.00184883 -0.00279990   -0.00041547  0.00000000
 -0.00184883  0.00279990    0.15620095  0.00000000   -0.00184883  0.00279990
 -0.00041547  0.00000000   -0.00184883 -0.00279990    0.13911519  0.00000000
    1    2
 -0.01100119 -0.04393452   -0.04895827 -0.02053722   -0.00768479  0.07906550
 -0.04895827 -0.02053722   -0.01064734 -0.05440664   -0.04895827 -0.02053722
 -0.00768479  0.07906550   -0.04895827 -0.02053722   -0.01100119 -0.04393452
    2    1
 -0.01100119  0.04393452   -0.04895827  0.02053722   -0.00768479 -0.07906550
 -0.04895827  0.02053722   -0.01064734  0.05440664   -0.04895827  0.02053722
 -0.00768479 -0.07906550   -0.04895827  0.02053722   -0.01100119  0.04393452
    2    2
  0.13911519  0.00000000   -0.00184883  0.00279990   -0.00041547  0.00000000
 -0.00184883 -0.00279990    0.15620095  0.00000000   -0.00184883 -0.00279990
 -0.00041547  0.00000000   -0.00184883  0.00279990    0.13911519  0.00000000

     Dynamical  Matrix in cartesian axes

     q = (   -0.625000000   0.125000000   0.625000000 ) 

    1    1
  0.13911519  0.00000000   -0.00184883  0.00279990    0.00041547  0.00000000
 -0.00184883 -0.00279990    0.15620095  0.00000000    0.00184883  0.00279990
  0.00041547  0.00000000    0.00184883 -0.00279990    0.13911519  0.00000000
    1    2
 -0.04393452 -0.01100119   -0.02053722 -0.04895827   -0.07906550  0.00768479
 -0.02053722 -0.04895827   -0.05440664 -0.01064734    0.02053722  0.04895827
 -0.07906550  0.00768479    0.02053722  0.04895827   -0.04393452 -0.01100119
    2    1
 -0.04393452  0.01100119   -0.02053722  0.04895827   -0.07906550 -0.00768479
 -0.02053722  0.04895827   -0.05440664  0.01064734    0.02053722 -0.04895827
 -0.07906550 -0.00768479    0.02053722 -0.04895827   -0.04393452  0.01100119
    2    2
  0.13911519  0.00000000   -0.00184883 -0.00279990    0.00041547  0.00000000
 -0.00184883  0.00279990    0.15620095  0.00000000    0.00184883 -0.00279990
  0.00041547  0.00000000    0.00184883  0.00279990    0.13911519  0.00000000

     Dynamical  Matrix in cartesian axes

     q = (    0.625000000   0.125000000   0.625000000 ) 

    1    1
  0.13911519  0.00000000    0.00184883  0.00279990   -0.00041547  0.00000000
  0.00184883 -0.00279990    0.15620095  0.00000000    0.00184883 -0.00279990
 -0.00041547  0.00000000    0.00184883  0.00279990    0.13911519  0.00000000
    1    2
  0.03884541  0.02328738   -0.04914073  0.02009672   -0.05047379 -0.06134172
 -0.04914073  0.02009672    0.04600011  0.03094250   -0.04914073  0.02009672
 -0.05047379 -0.06134172   -0.04914073  0.02009672    0.03884541  0.02328738
    2    1
  0.03884541 -0.02328738   -0.04914073 -0.02009672   -0.05047379  0.06134172
 -0.04914073 -0.02009672    0.04600011 -0.03094250   -0.04914073 -0.02009672
 -0.05047379  0.06134172   -0.04914073 -0.02009672    0.03884541 -0.02328738
    2    2
  0.13911519  0.00000000    0.00184883 -0.00279990   -0.00041547  0.00000000
  0.00184883  0.00279990    0.15620095  0.00000000    0.00184883  0.00279990
 -0.00041547  0.00000000    0.00184883 -0.00279990    0.13911519  0.00000000

     Dynamical  Matrix in cartesian axes

     q = (   -0.625000000  -0.625000000   0.125000000 ) 

    1    1
  0.13911519  0.00000000   -0.00041547  0.00000000   -0.00184883 -0.00279990
 -0.00041547  0.00000000    0.13911519  0.00000000   -0.00184883 -0.00279990
 -0.00184883  0.00279990   -0.00184883  0.00279990    0.15620095  0.00000000
    1    2
 -0.01100119 -0.04393452   -0.00768479  0.07906550   -0.04895827 -0.02053722
 -0.00768479  0.07906550   -0.01100119 -0.04393452   -0.04895827 -0.02053722
 -0.04895827 -0.02053722   -0.04895827 -0.02053722   -0.01064734 -0.05440664
    2    1
 -0.01100119  0.04393452   -0.00768479 -0.07906550   -0.04895827  0.02053722
 -0.00768479 -0.07906550   -0.01100119  0.04393452   -0.04895827  0.02053722
 -0.04895827  0.02053722   -0.04895827  0.02053722   -0.01064734  0.05440664
    2    2
  0.13911519  0.00000000   -0.00041547  0.00000000   -0.00184883  0.00279990
 -0.00041547  0.00000000    0.13911519  0.00000000   -0.00184883  0.00279990
 -0.00184883 -0.00279990   -0.00184883 -0.00279990    0.15620095  0.00000000

     Dynamical  Matrix in cartesian axes

     q = (    0.625000000   0.125000000  -0.625000000 ) 

    1    1
  0.13911519  0.00000000    0.00184883 -0.00279990    0.00041547  0.00000000
  0.00184883  0.00279990    0.15620095  0.00000000   -0.00184883 -0.00279990
  0.00041547  0.00000000   -0.00184883  0.00279990    0.13911519  0.00000000
    1    2
 -0.04393452 -0.01100119    0.02053722  0.04895827   -0.07906550  0.00768479
  0.02053722  0.04895827   -0.05440664 -0.01064734   -0.02053722 -0.04895827
 -0.07906550  0.00768479   -0.02053722 -0.04895827   -0.04393452 -0.01100119
    2    1
 -0.04393452  0.01100119    0.02053722 -0.04895827   -0.07906550 -0.00768479
  0.02053722 -0.04895827   -0.05440664  0.01064734   -0.02053722  0.04895827
 -0.07906550 -0.00768479   -0.02053722  0.04895827   -0.04393452  0.01100119
    2    2
  0.13911519  0.00000000    0.00184883  0.00279990    0.00041547  0.00000000
  0.00184883 -0.00279990    0.15620095  0.00000000   -0.00184883  0.00279990
  0.00041547  0.00000000   -0.00184883 -0.00279990    0.13911519  0.00000000

     Dynamical  Matrix in cartesian axes

     q = (   -0.125000000   0.625000000   0.625000000 ) 

    1    1
  0.15620095  0.00000000   -0.00184883 -0.00279990   -0.00184883 -0.00279990
 -0.00184883  0.00279990    0.13911519  0.00000000   -0.00041547  0.00000000
 -0.00184883  0.00279990   -0.00041547  0.00000000    0.13911519  0.00000000
    1    2
 -0.01064734  0.05440664   -0.04895827  0.02053722   -0.04895827  0.02053722
 -0.04895827  0.02053722   -0.01100119  0.04393452   -0.00768479 -0.07906550
 -0.04895827  0.02053722   -0.00768479 -0.07906550   -0.01100119  0.04393452
    2    1
 -0.01064734 -0.05440664   -0.04895827 -0.02053722   -0.04895827 -0.02053722
 -0.04895827 -0.02053722   -0.01100119 -0.04393452   -0.00768479  0.07906550
 -0.04895827 -0.02053722   -0.00768479  0.07906550   -0.01100119 -0.04393452
    2    2
  0.15620095  0.00000000   -0.00184883  0.00279990   -0.00184883  0.00279990
 -0.00184883 -0.00279990    0.13911519  0.00000000   -0.00041547  0.00000000
 -0.00184883 -0.00279990   -0.00041547  0.00000000    0.13911519  0.00000000

     Dynamical  Matrix in cartesian axes

     q = (    0.125000000   0.625000000  -0.625000000 ) 

    1    1
  0.15620095  0.00000000    0.00184883  0.00279990   -0.00184883 -0.00279990
  0.00184883 -0.00279990    0.13911519  0.00000000    0.00041547  0.00000000
 -0.00184883  0.00279990    0.00041547  0.00000000    0.13911519  0.00000000
    1    2
 -0.05440664 -0.01064734    0.02053722  0.04895827   -0.02053722 -0.04895827
  0.02053722  0.04895827   -0.04393452 -0.01100119   -0.07906550  0.00768479
 -0.02053722 -0.04895827   -0.07906550  0.00768479   -0.04393452 -0.01100119
    2    1
 -0.05440664  0.01064734    0.02053722 -0.04895827   -0.02053722  0.04895827
  0.02053722 -0.04895827   -0.04393452  0.01100119   -0.07906550 -0.00768479
 -0.02053722  0.04895827   -0.07906550 -0.00768479   -0.04393452  0.01100119
    2    2
  0.15620095  0.00000000    0.00184883 -0.00279990   -0.00184883  0.00279990
  0.00184883  0.00279990    0.13911519  0.00000000    0.00041547  0.00000000
 -0.00184883 -0.00279990    0.00041547  0.00000000    0.13911519  0.00000000

     Dynamical  Matrix in cartesian axes

     q = (   -0.125000000  -0.625000000  -0.625000000 ) 

    1    1
  0.15620095  0.00000000    0.00184883  0.00279990    0.00184883  0.00279990
  0.00184883 -0.00279990    0.13911519  0.00000000   -0.00041547  0.00000000
  0.00184883 -0.00279990   -0.00041547  0.00000000    0.13911519  0.00000000
    1    2
  0.04600011 -0.03094250   -0.04914073 -0.02009672   -0.04914073 -0.02009672
 -0.04914073 -0.02009672    0.03884541 -0.02328738   -0.05047379  0.06134172
 -0.04914073 -0.02009672   -0.05047379  0.06134172    0.03884541 -0.02328738
    2    1
  0.04600011  0.03094250   -0.04914073  0.02009672   -0.04914073  0.02009672
 -0.04914073  0.02009672    0.03884541  0.02328738   -0.05047379 -0.06134172
 -0.04914073  0.02009672   -0.05047379 -0.06134172    0.03884541  0.02328738
    2    2
  0.15620095  0.00000000    0.00184883 -0.00279990    0.00184883 -0.00279990
  0.00184883  0.00279990    0.13911519  0.00000000   -0.00041547  0.00000000
  0.00184883  0.00279990   -0.00041547  0.00000000    0.13911519  0.00000000

     Dynamical  Matrix in cartesian axes

     q = (   -0.125000000   0.625000000  -0.625000000 ) 

    1    1
  0.15620095  0.00000000   -0.00184883  0.00279990    0.00184883 -0.00279990
 -0.00184883 -0.00279990    0.13911519  0.00000000    0.00041547  0.00000000
  0.00184883  0.00279990    0.00041547  0.00000000    0.13911519  0.00000000
    1    2
 -0.05440664  0.01064734   -0.02053722  0.04895827    0.02053722 -0.04895827
 -0.02053722  0.04895827   -0.04393452  0.01100119   -0.07906550 -0.00768479
  0.02053722 -0.04895827   -0.07906550 -0.00768479   -0.04393452  0.01100119
    2    1
 -0.05440664 -0.01064734   -0.02053722 -0.04895827    0.02053722  0.04895827
 -0.02053722 -0.04895827   -0.04393452 -0.01100119   -0.07906550  0.00768479
  0.02053722  0.04895827   -0.07906550  0.00768479   -0.04393452 -0.01100119
    2    2
  0.15620095  0.00000000   -0.00184883 -0.00279990    0.00184883  0.00279990
 -0.00184883  0.00279990    0.13911519  0.00000000    0.00041547  0.00000000
  0.00184883 -0.00279990    0.00041547  0.00000000    0.13911519  0.00000000

     Dynamical  Matrix in cartesian axes

     q = (    0.625000000   0.625000000  -0.125000000 ) 

    1    1
  0.13911519  0.00000000   -0.00041547  0.00000000   -0.00184883  0.00279990
 -0.00041547  0.00000000    0.13911519  0.00000000   -0.00184883  0.00279990
 -0.00184883 -0.00279990   -0.00184883 -0.00279990    0.15620095  0.00000000
    1    2
 -0.01100119  0.04393452   -0.00768479 -0.07906550   -0.04895827  0.02053722
 -0.00768479 -0.07906550   -0.01100119  0.04393452   -0.04895827  0.02053722
 -0.04895827  0.02053722   -0.04895827  0.02053722   -0.01064734  0.05440664
    2    1
 -0.01100119 -0.04393452   -0.00768479  0.07906550   -0.04895827 -0.02053722
 -0.00768479  0.07906550   -0.01100119 -0.04393452   -0.04895827 -0.02053722
 -0.04895827 -0.02053722   -0.04895827 -0.02053722   -0.01064734 -0.05440664
    2    2
  0.13911519  0.00000000   -0.00041547  0.00000000   -0.00184883 -0.00279990
 -0.00041547  0.00000000    0.13911519  0.00000000   -0.00184883 -0.00279990
 -0.00184883  0.00279990   -0.00184883  0.00279990    0.15620095  0.00000000

     Dynamical  Matrix in cartesian axes

     q = (    0.625000000  -0.625000000   0.125000000 ) 

    1    1
  0.13911519  0.00000000    0.00041547  0.00000000    0.00184883 -0.00279990
  0.00041547  0.00000000    0.13911519  0.00000000   -0.00184883  0.00279990
  0.00184883  0.00279990   -0.00184883 -0.00279990    0.15620095  0.00000000
    1    2
 -0.04393452 -0.01100119   -0.07906550  0.00768479    0.02053722  0.04895827
 -0.07906550  0.00768479   -0.04393452 -0.01100119   -0.02053722 -0.04895827
  0.02053722  0.04895827   -0.02053722 -0.04895827   -0.05440664 -0.01064734
    2    1
 -0.04393452  0.01100119   -0.07906550 -0.00768479    0.02053722 -0.04895827
 -0.07906550 -0.00768479   -0.04393452  0.01100119   -0.02053722  0.04895827
  0.02053722 -0.04895827   -0.02053722  0.04895827   -0.05440664  0.01064734
    2    2
  0.13911519  0.00000000    0.00041547  0.00000000    0.00184883  0.00279990
  0.00041547  0.00000000    0.13911519  0.00000000   -0.00184883 -0.00279990
  0.00184883 -0.00279990   -0.00184883  0.00279990    0.15620095  0.00000000

     Dynamical  Matrix in cartesian axes

     q = (   -0.625000000  -0.625000000  -0.125000000 ) 

    1    1
  0.13911519  0.00000000   -0.00041547  0.00000000    0.00184883 -0.00279990
 -0.00041547  0.00000000    0.13911519  0.00000000    0.00184883 -0.00279990
  0.00184883  0.00279990    0.00184883  0.00279990    0.15620095  0.00000000
    1    2
  0.03884541 -0.02328738   -0.05047379  0.06134172   -0.04914073 -0.02009672
 -0.05047379  0.06134172    0.03884541 -0.02328738   -0.04914073 -0.02009672
 -0.04914073 -0.02009672   -0.04914073 -0.02009672    0.04600011 -0.03094250
    2    1
  0.03884541  0.02328738   -0.05047379 -0.06134172   -0.04914073  0.02009672
 -0.05047379 -0.06134172    0.03884541  0.02328738   -0.04914073  0.02009672
 -0.04914073  0.02009672   -0.04914073  0.02009672    0.04600011  0.03094250
    2    2
  0.13911519  0.00000000   -0.00041547  0.00000000    0.00184883  0.00279990
 -0.00041547  0.00000000    0.13911519  0.00000000    0.00184883  0.00279990
  0.00184883 -0.00279990    0.00184883 -0.00279990    0.15620095  0.00000000

     Dynamical  Matrix in cartesian axes

     q = (   -0.625000000   0.625000000   0.125000000 ) 

    1    1
  0.13911519  0.00000000    0.00041547  0.00000000   -0.00184883  0.00279990
  0.00041547  0.00000000    0.13911519  0.00000000    0.00184883 -0.00279990
 -0.00184883 -0.00279990    0.00184883  0.00279990    0.15620095  0.00000000
    1    2
 -0.04393452 -0.01100119   -0.07906550  0.00768479   -0.02053722 -0.04895827
 -0.07906550  0.00768479   -0.04393452 -0.01100119    0.02053722  0.04895827
 -0.02053722 -0.04895827    0.02053722  0.04895827   -0.05440664 -0.01064734
    2    1
 -0.04393452  0.01100119   -0.07906550 -0.00768479   -0.02053722  0.04895827
 -0.07906550 -0.00768479   -0.04393452  0.01100119    0.02053722 -0.04895827
 -0.02053722  0.04895827    0.02053722 -0.04895827   -0.05440664  0.01064734
    2    2
  0.13911519  0.00000000    0.00041547  0.00000000   -0.00184883 -0.00279990
  0.00041547  0.00000000    0.13911519  0.00000000    0.00184883  0.00279990
 -0.00184883  0.00279990    0.00184883 -0.00279990    0.15620095  0.00000000

     Dynamical  Matrix in cartesian axes

     q = (    0.125000000  -0.625000000   0.625000000 ) 

    1    1
  0.15620095  0.00000000   -0.00184883 -0.00279990    0.00184883  0.00279990
 -0.00184883  0.00279990    0.13911519  0.00000000    0.00041547  0.00000000
  0.00184883 -0.00279990    0.00041547  0.00000000    0.13911519  0.00000000
    1    2
 -0.05440664 -0.01064734   -0.02053722 -0.04895827    0.02053722  0.04895827
 -0.02053722 -0.04895827   -0.04393452 -0.01100119   -0.07906550  0.00768479
  0.02053722  0.04895827   -0.07906550  0.00768479   -0.04393452 -0.01100119
    2    1
 -0.05440664  0.01064734   -0.02053722  0.04895827    0.02053722 -0.04895827
 -0.02053722  0.04895827   -0.04393452  0.01100119   -0.07906550 -0.00768479
  0.02053722 -0.04895827   -0.07906550 -0.00768479   -0.04393452  0.01100119
    2    2
  0.15620095  0.00000000   -0.00184883  0.00279990    0.00184883 -0.00279990
 -0.00184883 -0.00279990    0.13911519  0.00000000    0.00041547  0.00000000
  0.00184883  0.00279990    0.00041547  0.00000000    0.13911519  0.00000000

     Dynamical  Matrix in cartesian axes

     q = (   -0.625000000   0.625000000  -0.125000000 ) 

    1    1
  0.13911519  0.00000000    0.00041547  0.00000000    0.00184883  0.00279990
  0.00041547  0.00000000    0.13911519  0.00000000   -0.00184883 -0.00279990
  0.00184883 -0.00279990   -0.00184883  0.00279990    0.15620095  0.00000000
    1    2
 -0.04393452  0.01100119   -0.07906550 -0.00768479    0.02053722 -0.04895827
 -0.07906550 -0.00768479   -0.04393452  0.01100119   -0.02053722  0.04895827
  0.02053722 -0.04895827   -0.02053722  0.04895827   -0.05440664  0.01064734
    2    1
 -0.04393452 -0.01100119   -0.07906550  0.00768479    0.02053722  0.04895827
 -0.07906550  0.00768479   -0.04393452 -0.01100119   -0.02053722 -0.04895827
  0.02053722  0.04895827   -0.02053722 -0.04895827   -0.05440664 -0.01064734
    2    2
  0.13911519  0.00000000    0.00041547  0.00000000    0.00184883 -0.00279990
  0.00041547  0.00000000    0.13911519  0.00000000   -0.00184883  0.00279990
  0.00184883  0.00279990   -0.00184883 -0.00279990    0.15620095  0.00000000

     Dynamical  Matrix in cartesian axes

     q = (    0.125000000   0.625000000   0.625000000 ) 

    1    1
  0.15620095  0.00000000    0.00184883 -0.00279990    0.00184883 -0.00279990
  0.00184883  0.00279990    0.13911519  0.00000000   -0.00041547  0.00000000
  0.00184883  0.00279990   -0.00041547  0.00000000    0.13911519  0.00000000
    1    2
  0.04600011  0.03094250   -0.04914073  0.02009672   -0.04914073  0.02009672
 -0.04914073  0.02009672    0.03884541  0.02328738   -0.05047379 -0.06134172
 -0.04914073  0.02009672   -0.05047379 -0.06134172    0.03884541  0.02328738
    2    1
  0.04600011 -0.03094250   -0.04914073 -0.02009672   -0.04914073 -0.02009672
 -0.04914073 -0.02009672    0.03884541 -0.02328738   -0.05047379  0.06134172
 -0.04914073 -0.02009672   -0.05047379  0.06134172    0.03884541 -0.02328738
    2    2
  0.15620095  0.00000000    0.00184883  0.00279990    0.00184883  0.00279990
  0.00184883 -0.00279990    0.13911519  0.00000000   -0.00041547  0.00000000
  0.00184883 -0.00279990   -0.00041547  0.00000000    0.13911519  0.00000000

     Dynamical  Matrix in cartesian axes

     q = (   -0.125000000  -0.625000000   0.625000000 ) 

    1    1
  0.15620095  0.00000000    0.00184883 -0.00279990   -0.00184883  0.00279990
  0.00184883  0.00279990    0.13911519  0.00000000    0.00041547  0.00000000
 -0.00184883 -0.00279990    0.00041547  0.00000000    0.13911519  0.00000000
    1    2
 -0.05440664  0.01064734    0.02053722 -0.04895827   -0.02053722  0.04895827
  0.02053722 -0.04895827   -0.04393452  0.01100119   -0.07906550 -0.00768479
 -0.02053722  0.04895827   -0.07906550 -0.00768479   -0.04393452  0.01100119
    2    1
 -0.05440664 -0.01064734    0.02053722  0.04895827   -0.02053722 -0.04895827
  0.02053722  0.04895827   -0.04393452 -0.01100119   -0.07906550  0.00768479
 -0.02053722 -0.04895827   -0.07906550  0.00768479   -0.04393452 -0.01100119
    2    2
  0.15620095  0.00000000    0.00184883  0.00279990   -0.00184883 -0.00279990
  0.00184883 -0.00279990    0.13911519  0.00000000    0.00041547  0.00000000
 -0.00184883  0.00279990    0.00041547  0.00000000    0.13911519  0.00000000

     Dynamical  Matrix in cartesian axes

     q = (    0.625000000   0.625000000   0.125000000 ) 

    1    1
  0.13911519  0.00000000   -0.00041547  0.00000000    0.00184883  0.00279990
 -0.00041547  0.00000000    0.13911519  0.00000000    0.00184883  0.00279990
  0.00184883 -0.00279990    0.00184883 -0.00279990    0.15620095  0.00000000
    1    2
  0.03884541  0.02328738   -0.05047379 -0.06134172   -0.04914073  0.02009672
 -0.05047379 -0.06134172    0.03884541  0.02328738   -0.04914073  0.02009672
 -0.04914073  0.02009672   -0.04914073  0.02009672    0.04600011  0.03094250
    2    1
  0.03884541 -0.02328738   -0.05047379  0.06134172   -0.04914073 -0.02009672
 -0.05047379  0.06134172    0.03884541 -0.02328738   -0.04914073 -0.02009672
 -0.04914073 -0.02009672   -0.04914073 -0.02009672    0.04600011 -0.03094250
    2    2
  0.13911519  0.00000000   -0.00041547  0.00000000    0.00184883 -0.00279990
 -0.00041547  0.00000000    0.13911519  0.00000000    0.00184883 -0.00279990
  0.00184883  0.00279990    0.00184883  0.00279990    0.15620095  0.00000000

     Dynamical  Matrix in cartesian axes

     q = (    0.125000000  -0.625000000  -0.625000000 ) 

    1    1
  0.15620095  0.00000000   -0.00184883  0.00279990   -0.00184883  0.00279990
 -0.00184883 -0.00279990    0.13911519  0.00000000   -0.00041547  0.00000000
 -0.00184883 -0.00279990   -0.00041547  0.00000000    0.13911519  0.00000000
    1    2
 -0.01064734 -0.05440664   -0.04895827 -0.02053722   -0.04895827 -0.02053722
 -0.04895827 -0.02053722   -0.01100119 -0.04393452   -0.00768479  0.07906550
 -0.04895827 -0.02053722   -0.00768479  0.07906550   -0.01100119 -0.04393452
    2    1
 -0.01064734  0.05440664   -0.04895827  0.02053722   -0.04895827  0.02053722
 -0.04895827  0.02053722   -0.01100119  0.04393452   -0.00768479 -0.07906550
 -0.04895827  0.02053722   -0.00768479 -0.07906550   -0.01100119  0.04393452
    2    2
  0.15620095  0.00000000   -0.00184883 -0.00279990   -0.00184883 -0.00279990
 -0.00184883  0.00279990    0.13911519  0.00000000   -0.00041547  0.00000000
 -0.00184883  0.00279990   -0.00041547  0.00000000    0.13911519  0.00000000

     Dynamical  Matrix in cartesian axes

     q = (    0.625000000  -0.625000000  -0.125000000 ) 

    1    1
  0.13911519  0.00000000    0.00041547  0.00000000   -0.00184883 -0.00279990
  0.00041547  0.00000000    0.13911519  0.00000000    0.00184883  0.00279990
 -0.00184883  0.00279990    0.00184883 -0.00279990    0.15620095  0.00000000
    1    2
 -0.04393452  0.01100119   -0.07906550 -0.00768479   -0.02053722  0.04895827
 -0.07906550 -0.00768479   -0.04393452  0.01100119    0.02053722 -0.04895827
 -0.02053722  0.04895827    0.02053722 -0.04895827   -0.05440664  0.01064734
    2    1
 -0.04393452 -0.01100119   -0.07906550  0.00768479   -0.02053722 -0.04895827
 -0.07906550  0.00768479   -0.04393452 -0.01100119    0.02053722  0.04895827
 -0.02053722 -0.04895827    0.02053722  0.04895827   -0.05440664 -0.01064734
    2    2
  0.13911519  0.00000000    0.00041547  0.00000000   -0.00184883  0.00279990
  0.00041547  0.00000000    0.13911519  0.00000000    0.00184883 -0.00279990
 -0.00184883 -0.00279990    0.00184883  0.00279990    0.15620095  0.00000000

     Diagonalizing the dynamical matrix

     q = (    0.625000000  -0.125000000   0.625000000 ) 

 **************************************************************************
     freq (    1) =       1.284172 [THz] =      42.835353 [cm-1]
 (  0.013476 -0.499818  0.000000 -0.000000 -0.013476  0.499818 ) 
 (  0.500000 -0.000000  0.000000  0.000000 -0.500000  0.000000 ) 
     freq (    2) =       1.680477 [THz] =      56.054689 [cm-1]
 ( -0.244498 -0.256122 -0.475749  0.151347 -0.244498 -0.256122 ) 
 ( -0.354088  0.000000 -0.219032 -0.448630 -0.354088  0.000000 ) 
     freq (    3) =       3.345430 [THz] =     111.591522 [cm-1]
 (  0.360984  0.150942 -0.314377  0.308191  0.360984  0.150942 ) 
 ( -0.391271 -0.000000  0.171149  0.405614 -0.391271  0.000000 ) 
     freq (    4) =       4.193981 [THz] =     139.896140 [cm-1]
 ( -0.319672 -0.141706  0.360062 -0.354702 -0.319672 -0.141706 ) 
 ( -0.349672 -0.000000  0.185426  0.470187 -0.349672  0.000000 ) 
     freq (    5) =       5.124994 [THz] =     170.951385 [cm-1]
 (  0.013476 -0.499818  0.000000  0.000000 -0.013476  0.499818 ) 
 ( -0.500000 -0.000000  0.000000 -0.000000  0.500000  0.000000 ) 
     freq (    6) =       5.233811 [THz] =     174.581132 [cm-1]
 ( -0.181278 -0.257675 -0.525498  0.159170 -0.181278 -0.257675 ) 
 (  0.315053  0.000000  0.172185  0.521379  0.315053 -0.000000 ) 
 **************************************************************************
