Dynamical matrix file
                                                                           
  1    2  2 12.5600000  0.0000000  0.0000000  0.0000000  0.0000000  0.0000000
           1  'Sn  '    108197.54598352207     
    1    1      0.0000000000      0.0000000000      0.0000000000
    2    1      0.2500000000      0.2500000000      0.2500000000

     Dynamical  Matrix in cartesian axes

     q = (    0.500000000  -0.250000000   0.500000000 ) 

    1    1
  0.14588113  0.00000000   -0.00474971  0.00214784    0.00165331  0.00000000
 -0.00474971 -0.00214784    0.15126770  0.00000000   -0.00474971 -0.00214784
  0.00165331  0.00000000   -0.00474971  0.00214784    0.14588113  0.00000000
    1    2
 -0.05312995  0.04968001   -0.05557936 -0.00077270    0.04075109 -0.03859787
 -0.05557936 -0.00077270   -0.05681733  0.05514964   -0.05557936 -0.00077270
  0.04075109 -0.03859787   -0.05557936 -0.00077270   -0.05312995  0.04968001
    2    1
 -0.05312995 -0.04968001   -0.05557936  0.00077270    0.04075109  0.03859787
 -0.05557936  0.00077270   -0.05681733 -0.05514964   -0.05557936  0.00077270
  0.04075109  0.03859787   -0.05557936  0.00077270   -0.05312995 -0.04968001
    2    2
  0.14588113  0.00000000   -0.00474971 -0.00214784    0.00165331  0.00000000
 -0.00474971  0.00214784    0.15126770  0.00000000   -0.00474971  0.00214784
  0.00165331  0.00000000   -0.00474971 -0.00214784    0.14588113  0.00000000

     Dynamical  Matrix in cartesian axes

     q = (    0.500000000  -0.250000000  -0.500000000 ) 

    1    1
  0.14588113  0.00000000   -0.00474971 -0.00214784   -0.00165331  0.00000000
 -0.00474971  0.00214784    0.15126770  0.00000000    0.00474971 -0.00214784
 -0.00165331  0.00000000    0.00474971  0.00214784    0.14588113  0.00000000
    1    2
 -0.07269762  0.00243947   -0.03875416  0.03984692   -0.05610819  0.00152255
 -0.03875416  0.03984692   -0.07917260  0.00117924    0.03875416 -0.03984692
 -0.05610819  0.00152255    0.03875416 -0.03984692   -0.07269762  0.00243947
    2    1
 -0.07269762 -0.00243947   -0.03875416 -0.03984692   -0.05610819 -0.00152255
 -0.03875416 -0.03984692   -0.07917260 -0.00117924    0.03875416  0.03984692
 -0.05610819 -0.00152255    0.03875416  0.03984692   -0.07269762 -0.00243947
    2    2
  0.14588113  0.00000000   -0.00474971  0.00214784   -0.00165331  0.00000000
 -0.00474971 -0.00214784    0.15126770  0.00000000    0.00474971  0.00214784
 -0.00165331  0.00000000    0.00474971 -0.00214784    0.14588113  0.00000000

     Dynamical  Matrix in cartesian axes

     q = (   -0.500000000  -0.250000000   0.500000000 ) 

    1    1
  0.14588113  0.00000000    0.00474971  0.00214784   -0.00165331  0.00000000
  0.00474971 -0.00214784    0.15126770  0.00000000   -0.00474971  0.00214784
 -0.00165331  0.00000000   -0.00474971 -0.00214784    0.14588113  0.00000000
    1    2
 -0.07269762  0.00243947    0.03875416 -0.03984692   -0.05610819  0.00152255
  0.03875416 -0.03984692   -0.07917260  0.00117924   -0.03875416  0.03984692
 -0.05610819  0.00152255   -0.03875416  0.03984692   -0.07269762  0.00243947
    2    1
 -0.07269762 -0.00243947    0.03875416  0.03984692   -0.05610819 -0.00152255
  0.03875416  0.03984692   -0.07917260 -0.00117924   -0.03875416 -0.03984692
 -0.05610819 -0.00152255   -0.03875416 -0.03984692   -0.07269762 -0.00243947
    2    2
  0.14588113  0.00000000    0.00474971 -0.00214784   -0.00165331  0.00000000
  0.00474971  0.00214784    0.15126770  0.00000000   -0.00474971 -0.00214784
 -0.00165331  0.00000000   -0.00474971  0.00214784    0.14588113  0.00000000

     Dynamical  Matrix in cartesian axes

     q = (   -0.500000000  -0.250000000  -0.500000000 ) 

    1    1
  0.14588113  0.00000000    0.00474971 -0.00214784    0.00165331  0.00000000
  0.00474971  0.00214784    0.15126770  0.00000000    0.00474971  0.00214784
  0.00165331  0.00000000    0.00474971 -0.00214784    0.14588113  0.00000000
    1    2
  0.05312995 -0.04968001   -0.05557936 -0.00077270   -0.04075109  0.03859787
 -0.05557936 -0.00077270    0.05681733 -0.05514964   -0.05557936 -0.00077270
 -0.04075109  0.03859787   -0.05557936 -0.00077270    0.05312995 -0.04968001
    2    1
  0.05312995  0.04968001   -0.05557936  0.00077270   -0.04075109 -0.03859787
 -0.05557936  0.00077270    0.05681733  0.05514964   -0.05557936  0.00077270
 -0.04075109 -0.03859787   -0.05557936  0.00077270    0.05312995  0.04968001
    2    2
  0.14588113  0.00000000    0.00474971  0.00214784    0.00165331  0.00000000
  0.00474971 -0.00214784    0.15126770  0.00000000    0.00474971 -0.00214784
  0.00165331  0.00000000    0.00474971  0.00214784    0.14588113  0.00000000

     Dynamical  Matrix in cartesian axes

     q = (   -0.500000000   0.250000000  -0.500000000 ) 

    1    1
  0.14588113  0.00000000   -0.00474971 -0.00214784    0.00165331  0.00000000
 -0.00474971  0.00214784    0.15126770  0.00000000   -0.00474971  0.00214784
  0.00165331  0.00000000   -0.00474971 -0.00214784    0.14588113  0.00000000
    1    2
 -0.05312995 -0.04968001   -0.05557936  0.00077270    0.04075109  0.03859787
 -0.05557936  0.00077270   -0.05681733 -0.05514964   -0.05557936  0.00077270
  0.04075109  0.03859787   -0.05557936  0.00077270   -0.05312995 -0.04968001
    2    1
 -0.05312995  0.04968001   -0.05557936 -0.00077270    0.04075109 -0.03859787
 -0.05557936 -0.00077270   -0.05681733  0.05514964   -0.05557936 -0.00077270
  0.04075109 -0.03859787   -0.05557936 -0.00077270   -0.05312995  0.04968001
    2    2
  0.14588113  0.00000000   -0.00474971  0.00214784    0.00165331  0.00000000
 -0.00474971 -0.00214784    0.15126770  0.00000000   -0.00474971 -0.00214784
  0.00165331  0.00000000   -0.00474971  0.00214784    0.14588113  0.00000000

     Dynamical  Matrix in cartesian axes

     q = (   -0.250000000   0.500000000  -0.500000000 ) 

    1    1
  0.15126770  0.00000000   -0.00474971  0.00214784    0.00474971 -0.00214784
 -0.00474971 -0.00214784    0.14588113  0.00000000   -0.00165331  0.00000000
  0.00474971  0.00214784   -0.00165331  0.00000000    0.14588113  0.00000000
    1    2
 -0.07917260  0.00117924   -0.03875416  0.03984692    0.03875416 -0.03984692
 -0.03875416  0.03984692   -0.07269762  0.00243947   -0.05610819  0.00152255
  0.03875416 -0.03984692   -0.05610819  0.00152255   -0.07269762  0.00243947
    2    1
 -0.07917260 -0.00117924   -0.03875416 -0.03984692    0.03875416  0.03984692
 -0.03875416 -0.03984692   -0.07269762 -0.00243947   -0.05610819 -0.00152255
  0.03875416  0.03984692   -0.05610819 -0.00152255   -0.07269762 -0.00243947
    2    2
  0.15126770  0.00000000   -0.00474971 -0.00214784    0.00474971  0.00214784
 -0.00474971  0.00214784    0.14588113  0.00000000   -0.00165331  0.00000000
  0.00474971 -0.00214784   -0.00165331  0.00000000    0.14588113  0.00000000

     Dynamical  Matrix in cartesian axes

     q = (   -0.500000000   0.500000000  -0.250000000 ) 

    1    1
  0.14588113  0.00000000   -0.00165331  0.00000000    0.00474971  0.00214784
 -0.00165331  0.00000000    0.14588113  0.00000000   -0.00474971 -0.00214784
  0.00474971 -0.00214784   -0.00474971  0.00214784    0.15126770  0.00000000
    1    2
 -0.07269762  0.00243947   -0.05610819  0.00152255    0.03875416 -0.03984692
 -0.05610819  0.00152255   -0.07269762  0.00243947   -0.03875416  0.03984692
  0.03875416 -0.03984692   -0.03875416  0.03984692   -0.07917260  0.00117924
    2    1
 -0.07269762 -0.00243947   -0.05610819 -0.00152255    0.03875416  0.03984692
 -0.05610819 -0.00152255   -0.07269762 -0.00243947   -0.03875416 -0.03984692
  0.03875416  0.03984692   -0.03875416 -0.03984692   -0.07917260 -0.00117924
    2    2
  0.14588113  0.00000000   -0.00165331  0.00000000    0.00474971 -0.00214784
 -0.00165331  0.00000000    0.14588113  0.00000000   -0.00474971  0.00214784
  0.00474971  0.00214784   -0.00474971 -0.00214784    0.15126770  0.00000000

     Dynamical  Matrix in cartesian axes

     q = (    0.500000000   0.250000000   0.500000000 ) 

    1    1
  0.14588113  0.00000000    0.00474971  0.00214784    0.00165331  0.00000000
  0.00474971 -0.00214784    0.15126770  0.00000000    0.00474971 -0.00214784
  0.00165331  0.00000000    0.00474971  0.00214784    0.14588113  0.00000000
    1    2
  0.05312995  0.04968001   -0.05557936  0.00077270   -0.04075109 -0.03859787
 -0.05557936  0.00077270    0.05681733  0.05514964   -0.05557936  0.00077270
 -0.04075109 -0.03859787   -0.05557936  0.00077270    0.05312995  0.04968001
    2    1
  0.05312995 -0.04968001   -0.05557936 -0.00077270   -0.04075109  0.03859787
 -0.05557936 -0.00077270    0.05681733 -0.05514964   -0.05557936 -0.00077270
 -0.04075109  0.03859787   -0.05557936 -0.00077270    0.05312995 -0.04968001
    2    2
  0.14588113  0.00000000    0.00474971 -0.00214784    0.00165331  0.00000000
  0.00474971  0.00214784    0.15126770  0.00000000    0.00474971  0.00214784
  0.00165331  0.00000000    0.00474971 -0.00214784    0.14588113  0.00000000

     Dynamical  Matrix in cartesian axes

     q = (   -0.500000000   0.250000000   0.500000000 ) 

    1    1
  0.14588113  0.00000000   -0.00474971  0.00214784   -0.00165331  0.00000000
 -0.00474971 -0.00214784    0.15126770  0.00000000    0.00474971  0.00214784
 -0.00165331  0.00000000    0.00474971 -0.00214784    0.14588113  0.00000000
    1    2
 -0.07269762 -0.00243947   -0.03875416 -0.03984692   -0.05610819 -0.00152255
 -0.03875416 -0.03984692   -0.07917260 -0.00117924    0.03875416  0.03984692
 -0.05610819 -0.00152255    0.03875416  0.03984692   -0.07269762 -0.00243947
    2    1
 -0.07269762  0.00243947   -0.03875416  0.03984692   -0.05610819  0.00152255
 -0.03875416  0.03984692   -0.07917260  0.00117924    0.03875416 -0.03984692
 -0.05610819  0.00152255    0.03875416 -0.03984692   -0.07269762  0.00243947
    2    2
  0.14588113  0.00000000   -0.00474971 -0.00214784   -0.00165331  0.00000000
 -0.00474971  0.00214784    0.15126770  0.00000000    0.00474971 -0.00214784
 -0.00165331  0.00000000    0.00474971  0.00214784    0.14588113  0.00000000

     Dynamical  Matrix in cartesian axes

     q = (    0.500000000   0.250000000  -0.500000000 ) 

    1    1
  0.14588113  0.00000000    0.00474971 -0.00214784   -0.00165331  0.00000000
  0.00474971  0.00214784    0.15126770  0.00000000   -0.00474971 -0.00214784
 -0.00165331  0.00000000   -0.00474971  0.00214784    0.14588113  0.00000000
    1    2
 -0.07269762 -0.00243947    0.03875416  0.03984692   -0.05610819 -0.00152255
  0.03875416  0.03984692   -0.07917260 -0.00117924   -0.03875416 -0.03984692
 -0.05610819 -0.00152255   -0.03875416 -0.03984692   -0.07269762 -0.00243947
    2    1
 -0.07269762  0.00243947    0.03875416 -0.03984692   -0.05610819  0.00152255
  0.03875416 -0.03984692   -0.07917260  0.00117924   -0.03875416  0.03984692
 -0.05610819  0.00152255   -0.03875416  0.03984692   -0.07269762  0.00243947
    2    2
  0.14588113  0.00000000    0.00474971  0.00214784   -0.00165331  0.00000000
  0.00474971 -0.00214784    0.15126770  0.00000000   -0.00474971  0.00214784
 -0.00165331  0.00000000   -0.00474971 -0.00214784    0.14588113  0.00000000

     Dynamical  Matrix in cartesian axes

     q = (   -0.500000000   0.500000000   0.250000000 ) 

    1    1
  0.14588113  0.00000000   -0.00165331  0.00000000   -0.00474971  0.00214784
 -0.00165331  0.00000000    0.14588113  0.00000000    0.00474971 -0.00214784
 -0.00474971 -0.00214784    0.00474971  0.00214784    0.15126770  0.00000000
    1    2
 -0.07269762 -0.00243947   -0.05610819 -0.00152255   -0.03875416 -0.03984692
 -0.05610819 -0.00152255   -0.07269762 -0.00243947    0.03875416  0.03984692
 -0.03875416 -0.03984692    0.03875416  0.03984692   -0.07917260 -0.00117924
    2    1
 -0.07269762  0.00243947   -0.05610819  0.00152255   -0.03875416  0.03984692
 -0.05610819  0.00152255   -0.07269762  0.00243947    0.03875416 -0.03984692
 -0.03875416  0.03984692    0.03875416 -0.03984692   -0.07917260  0.00117924
    2    2
  0.14588113  0.00000000   -0.00165331  0.00000000   -0.00474971 -0.00214784
 -0.00165331  0.00000000    0.14588113  0.00000000    0.00474971  0.00214784
 -0.00474971  0.00214784    0.00474971 -0.00214784    0.15126770  0.00000000

     Dynamical  Matrix in cartesian axes

     q = (   -0.250000000   0.500000000   0.500000000 ) 

    1    1
  0.15126770  0.00000000   -0.00474971 -0.00214784   -0.00474971 -0.00214784
 -0.00474971  0.00214784    0.14588113  0.00000000    0.00165331  0.00000000
 -0.00474971  0.00214784    0.00165331  0.00000000    0.14588113  0.00000000
    1    2
 -0.05681733  0.05514964   -0.05557936 -0.00077270   -0.05557936 -0.00077270
 -0.05557936 -0.00077270   -0.05312995  0.04968001    0.04075109 -0.03859787
 -0.05557936 -0.00077270    0.04075109 -0.03859787   -0.05312995  0.04968001
    2    1
 -0.05681733 -0.05514964   -0.05557936  0.00077270   -0.05557936  0.00077270
 -0.05557936  0.00077270   -0.05312995 -0.04968001    0.04075109  0.03859787
 -0.05557936  0.00077270    0.04075109  0.03859787   -0.05312995 -0.04968001
    2    2
  0.15126770  0.00000000   -0.00474971  0.00214784   -0.00474971  0.00214784
 -0.00474971 -0.00214784    0.14588113  0.00000000    0.00165331  0.00000000
 -0.00474971 -0.00214784    0.00165331  0.00000000    0.14588113  0.00000000

     Dynamical  Matrix in cartesian axes

     q = (    0.250000000   0.500000000  -0.500000000 ) 

    1    1
  0.15126770  0.00000000    0.00474971  0.00214784   -0.00474971 -0.00214784
  0.00474971 -0.00214784    0.14588113  0.00000000   -0.00165331  0.00000000
 -0.00474971  0.00214784   -0.00165331  0.00000000    0.14588113  0.00000000
    1    2
 -0.07917260 -0.00117924    0.03875416  0.03984692   -0.03875416 -0.03984692
  0.03875416  0.03984692   -0.07269762 -0.00243947   -0.05610819 -0.00152255
 -0.03875416 -0.03984692   -0.05610819 -0.00152255   -0.07269762 -0.00243947
    2    1
 -0.07917260  0.00117924    0.03875416 -0.03984692   -0.03875416  0.03984692
  0.03875416 -0.03984692   -0.07269762  0.00243947   -0.05610819  0.00152255
 -0.03875416  0.03984692   -0.05610819  0.00152255   -0.07269762  0.00243947
    2    2
  0.15126770  0.00000000    0.00474971 -0.00214784   -0.00474971  0.00214784
  0.00474971  0.00214784    0.14588113  0.00000000   -0.00165331  0.00000000
 -0.00474971 -0.00214784   -0.00165331  0.00000000    0.14588113  0.00000000

     Dynamical  Matrix in cartesian axes

     q = (   -0.250000000  -0.500000000  -0.500000000 ) 

    1    1
  0.15126770  0.00000000    0.00474971  0.00214784    0.00474971  0.00214784
  0.00474971 -0.00214784    0.14588113  0.00000000    0.00165331  0.00000000
  0.00474971 -0.00214784    0.00165331  0.00000000    0.14588113  0.00000000
    1    2
  0.05681733 -0.05514964   -0.05557936 -0.00077270   -0.05557936 -0.00077270
 -0.05557936 -0.00077270    0.05312995 -0.04968001   -0.04075109  0.03859787
 -0.05557936 -0.00077270   -0.04075109  0.03859787    0.05312995 -0.04968001
    2    1
  0.05681733  0.05514964   -0.05557936  0.00077270   -0.05557936  0.00077270
 -0.05557936  0.00077270    0.05312995  0.04968001   -0.04075109 -0.03859787
 -0.05557936  0.00077270   -0.04075109 -0.03859787    0.05312995  0.04968001
    2    2
  0.15126770  0.00000000    0.00474971 -0.00214784    0.00474971 -0.00214784
  0.00474971  0.00214784    0.14588113  0.00000000    0.00165331  0.00000000
  0.00474971  0.00214784    0.00165331  0.00000000    0.14588113  0.00000000

     Dynamical  Matrix in cartesian axes

     q = (    0.500000000   0.500000000  -0.250000000 ) 

    1    1
  0.14588113  0.00000000    0.00165331  0.00000000   -0.00474971  0.00214784
  0.00165331  0.00000000    0.14588113  0.00000000   -0.00474971  0.00214784
 -0.00474971 -0.00214784   -0.00474971 -0.00214784    0.15126770  0.00000000
    1    2
 -0.05312995  0.04968001    0.04075109 -0.03859787   -0.05557936 -0.00077270
  0.04075109 -0.03859787   -0.05312995  0.04968001   -0.05557936 -0.00077270
 -0.05557936 -0.00077270   -0.05557936 -0.00077270   -0.05681733  0.05514964
    2    1
 -0.05312995 -0.04968001    0.04075109  0.03859787   -0.05557936  0.00077270
  0.04075109  0.03859787   -0.05312995 -0.04968001   -0.05557936  0.00077270
 -0.05557936  0.00077270   -0.05557936  0.00077270   -0.05681733 -0.05514964
    2    2
  0.14588113  0.00000000    0.00165331  0.00000000   -0.00474971 -0.00214784
  0.00165331  0.00000000    0.14588113  0.00000000   -0.00474971 -0.00214784
 -0.00474971  0.00214784   -0.00474971  0.00214784    0.15126770  0.00000000

     Dynamical  Matrix in cartesian axes

     q = (   -0.500000000  -0.500000000  -0.250000000 ) 

    1    1
  0.14588113  0.00000000    0.00165331  0.00000000    0.00474971 -0.00214784
  0.00165331  0.00000000    0.14588113  0.00000000    0.00474971 -0.00214784
  0.00474971  0.00214784    0.00474971  0.00214784    0.15126770  0.00000000
    1    2
  0.05312995 -0.04968001   -0.04075109  0.03859787   -0.05557936 -0.00077270
 -0.04075109  0.03859787    0.05312995 -0.04968001   -0.05557936 -0.00077270
 -0.05557936 -0.00077270   -0.05557936 -0.00077270    0.05681733 -0.05514964
    2    1
  0.05312995  0.04968001   -0.04075109 -0.03859787   -0.05557936  0.00077270
 -0.04075109 -0.03859787    0.05312995  0.04968001   -0.05557936  0.00077270
 -0.05557936  0.00077270   -0.05557936  0.00077270    0.05681733  0.05514964
    2    2
  0.14588113  0.00000000    0.00165331  0.00000000    0.00474971  0.00214784
  0.00165331  0.00000000    0.14588113  0.00000000    0.00474971  0.00214784
  0.00474971 -0.00214784    0.00474971 -0.00214784    0.15126770  0.00000000

     Dynamical  Matrix in cartesian axes

     q = (    0.250000000  -0.500000000   0.500000000 ) 

    1    1
  0.15126770  0.00000000   -0.00474971 -0.00214784    0.00474971  0.00214784
 -0.00474971  0.00214784    0.14588113  0.00000000   -0.00165331  0.00000000
  0.00474971 -0.00214784   -0.00165331  0.00000000    0.14588113  0.00000000
    1    2
 -0.07917260 -0.00117924   -0.03875416 -0.03984692    0.03875416  0.03984692
 -0.03875416 -0.03984692   -0.07269762 -0.00243947   -0.05610819 -0.00152255
  0.03875416  0.03984692   -0.05610819 -0.00152255   -0.07269762 -0.00243947
    2    1
 -0.07917260  0.00117924   -0.03875416  0.03984692    0.03875416 -0.03984692
 -0.03875416  0.03984692   -0.07269762  0.00243947   -0.05610819  0.00152255
  0.03875416 -0.03984692   -0.05610819  0.00152255   -0.07269762  0.00243947
    2    2
  0.15126770  0.00000000   -0.00474971  0.00214784    0.00474971 -0.00214784
 -0.00474971 -0.00214784    0.14588113  0.00000000   -0.00165331  0.00000000
  0.00474971  0.00214784   -0.00165331  0.00000000    0.14588113  0.00000000

     Dynamical  Matrix in cartesian axes

     q = (    0.500000000  -0.500000000   0.250000000 ) 

    1    1
  0.14588113  0.00000000   -0.00165331  0.00000000    0.00474971 -0.00214784
 -0.00165331  0.00000000    0.14588113  0.00000000   -0.00474971  0.00214784
  0.00474971  0.00214784   -0.00474971 -0.00214784    0.15126770  0.00000000
    1    2
 -0.07269762 -0.00243947   -0.05610819 -0.00152255    0.03875416  0.03984692
 -0.05610819 -0.00152255   -0.07269762 -0.00243947   -0.03875416 -0.03984692
  0.03875416  0.03984692   -0.03875416 -0.03984692   -0.07917260 -0.00117924
    2    1
 -0.07269762  0.00243947   -0.05610819  0.00152255    0.03875416 -0.03984692
 -0.05610819  0.00152255   -0.07269762  0.00243947   -0.03875416  0.03984692
  0.03875416 -0.03984692   -0.03875416  0.03984692   -0.07917260  0.00117924
    2    2
  0.14588113  0.00000000   -0.00165331  0.00000000    0.00474971  0.00214784
 -0.00165331  0.00000000    0.14588113  0.00000000   -0.00474971 -0.00214784
  0.00474971 -0.00214784   -0.00474971  0.00214784    0.15126770  0.00000000

     Dynamical  Matrix in cartesian axes

     q = (    0.250000000   0.500000000   0.500000000 ) 

    1    1
  0.15126770  0.00000000    0.00474971 -0.00214784    0.00474971 -0.00214784
  0.00474971  0.00214784    0.14588113  0.00000000    0.00165331  0.00000000
  0.00474971  0.00214784    0.00165331  0.00000000    0.14588113  0.00000000
    1    2
  0.05681733  0.05514964   -0.05557936  0.00077270   -0.05557936  0.00077270
 -0.05557936  0.00077270    0.05312995  0.04968001   -0.04075109 -0.03859787
 -0.05557936  0.00077270   -0.04075109 -0.03859787    0.05312995  0.04968001
    2    1
  0.05681733 -0.05514964   -0.05557936 -0.00077270   -0.05557936 -0.00077270
 -0.05557936 -0.00077270    0.05312995 -0.04968001   -0.04075109  0.03859787
 -0.05557936 -0.00077270   -0.04075109  0.03859787    0.05312995 -0.04968001
    2    2
  0.15126770  0.00000000    0.00474971  0.00214784    0.00474971  0.00214784
  0.00474971 -0.00214784    0.14588113  0.00000000    0.00165331  0.00000000
  0.00474971 -0.00214784    0.00165331  0.00000000    0.14588113  0.00000000

     Dynamical  Matrix in cartesian axes

     q = (   -0.500000000  -0.500000000   0.250000000 ) 

    1    1
  0.14588113  0.00000000    0.00165331  0.00000000   -0.00474971 -0.00214784
  0.00165331  0.00000000    0.14588113  0.00000000   -0.00474971 -0.00214784
 -0.00474971  0.00214784   -0.00474971  0.00214784    0.15126770  0.00000000
    1    2
 -0.05312995 -0.04968001    0.04075109  0.03859787   -0.05557936  0.00077270
  0.04075109  0.03859787   -0.05312995 -0.04968001   -0.05557936  0.00077270
 -0.05557936  0.00077270   -0.05557936  0.00077270   -0.05681733 -0.05514964
    2    1
 -0.05312995  0.04968001    0.04075109 -0.03859787   -0.05557936 -0.00077270
  0.04075109 -0.03859787   -0.05312995  0.04968001   -0.05557936 -0.00077270
 -0.05557936 -0.00077270   -0.05557936 -0.00077270   -0.05681733  0.05514964
    2    2
  0.14588113  0.00000000    0.00165331  0.00000000   -0.00474971  0.00214784
  0.00165331  0.00000000    0.14588113  0.00000000   -0.00474971  0.00214784
 -0.00474971 -0.00214784   -0.00474971 -0.00214784    0.15126770  0.00000000

     Dynamical  Matrix in cartesian axes

     q = (   -0.250000000  -0.500000000   0.500000000 ) 

    1    1
  0.15126770  0.00000000    0.00474971 -0.00214784   -0.00474971  0.00214784
  0.00474971  0.00214784    0.14588113  0.00000000   -0.00165331  0.00000000
 -0.00474971 -0.00214784   -0.00165331  0.00000000    0.14588113  0.00000000
    1    2
 -0.07917260  0.00117924    0.03875416 -0.03984692   -0.03875416  0.03984692
  0.03875416 -0.03984692   -0.07269762  0.00243947   -0.05610819  0.00152255
 -0.03875416  0.03984692   -0.05610819  0.00152255   -0.07269762  0.00243947
    2    1
 -0.07917260 -0.00117924    0.03875416  0.03984692   -0.03875416 -0.03984692
  0.03875416  0.03984692   -0.07269762 -0.00243947   -0.05610819 -0.00152255
 -0.03875416 -0.03984692   -0.05610819 -0.00152255   -0.07269762 -0.00243947
    2    2
  0.15126770  0.00000000    0.00474971  0.00214784   -0.00474971 -0.00214784
  0.00474971 -0.00214784    0.14588113  0.00000000   -0.00165331  0.00000000
 -0.00474971  0.00214784   -0.00165331  0.00000000    0.14588113  0.00000000

     Dynamical  Matrix in cartesian axes

     q = (    0.500000000   0.500000000   0.250000000 ) 

    1    1
  0.14588113  0.00000000    0.00165331  0.00000000    0.00474971  0.00214784
  0.00165331  0.00000000    0.14588113  0.00000000    0.00474971  0.00214784
  0.00474971 -0.00214784    0.00474971 -0.00214784    0.15126770  0.00000000
    1    2
  0.05312995  0.04968001   -0.04075109 -0.03859787   -0.05557936  0.00077270
 -0.04075109 -0.03859787    0.05312995  0.04968001   -0.05557936  0.00077270
 -0.05557936  0.00077270   -0.05557936  0.00077270    0.05681733  0.05514964
    2    1
  0.05312995 -0.04968001   -0.04075109  0.03859787   -0.05557936 -0.00077270
 -0.04075109  0.03859787    0.05312995 -0.04968001   -0.05557936 -0.00077270
 -0.05557936 -0.00077270   -0.05557936 -0.00077270    0.05681733 -0.05514964
    2    2
  0.14588113  0.00000000    0.00165331  0.00000000    0.00474971 -0.00214784
  0.00165331  0.00000000    0.14588113  0.00000000    0.00474971 -0.00214784
  0.00474971  0.00214784    0.00474971  0.00214784    0.15126770  0.00000000

     Dynamical  Matrix in cartesian axes

     q = (    0.250000000  -0.500000000  -0.500000000 ) 

    1    1
  0.15126770  0.00000000   -0.00474971  0.00214784   -0.00474971  0.00214784
 -0.00474971 -0.00214784    0.14588113  0.00000000    0.00165331  0.00000000
 -0.00474971 -0.00214784    0.00165331  0.00000000    0.14588113  0.00000000
    1    2
 -0.05681733 -0.05514964   -0.05557936  0.00077270   -0.05557936  0.00077270
 -0.05557936  0.00077270   -0.05312995 -0.04968001    0.04075109  0.03859787
 -0.05557936  0.00077270    0.04075109  0.03859787   -0.05312995 -0.04968001
    2    1
 -0.05681733  0.05514964   -0.05557936 -0.00077270   -0.05557936 -0.00077270
 -0.05557936 -0.00077270   -0.05312995  0.04968001    0.04075109 -0.03859787
 -0.05557936 -0.00077270    0.04075109 -0.03859787   -0.05312995  0.04968001
    2    2
  0.15126770  0.00000000   -0.00474971 -0.00214784   -0.00474971 -0.00214784
 -0.00474971  0.00214784    0.14588113  0.00000000    0.00165331  0.00000000
 -0.00474971  0.00214784    0.00165331  0.00000000    0.14588113  0.00000000

     Dynamical  Matrix in cartesian axes

     q = (    0.500000000  -0.500000000  -0.250000000 ) 

    1    1
  0.14588113  0.00000000   -0.00165331  0.00000000   -0.00474971 -0.00214784
 -0.00165331  0.00000000    0.14588113  0.00000000    0.00474971  0.00214784
 -0.00474971  0.00214784    0.00474971 -0.00214784    0.15126770  0.00000000
    1    2
 -0.07269762  0.00243947   -0.05610819  0.00152255   -0.03875416  0.03984692
 -0.05610819  0.00152255   -0.07269762  0.00243947    0.03875416 -0.03984692
 -0.03875416  0.03984692    0.03875416 -0.03984692   -0.07917260  0.00117924
    2    1
 -0.07269762 -0.00243947   -0.05610819 -0.00152255   -0.03875416 -0.03984692
 -0.05610819 -0.00152255   -0.07269762 -0.00243947    0.03875416  0.03984692
 -0.03875416 -0.03984692    0.03875416  0.03984692   -0.07917260 -0.00117924
    2    2
  0.14588113  0.00000000   -0.00165331  0.00000000   -0.00474971  0.00214784
 -0.00165331  0.00000000    0.14588113  0.00000000    0.00474971 -0.00214784
 -0.00474971 -0.00214784    0.00474971  0.00214784    0.15126770  0.00000000

     Diagonalizing the dynamical matrix

     q = (    0.500000000  -0.250000000   0.500000000 ) 

 **************************************************************************
     freq (    1) =       1.239588 [THz] =      41.348198 [cm-1]
 (  0.364256 -0.342516  0.000000  0.000000 -0.364256  0.342516 ) 
 (  0.500000  0.000000  0.000000  0.000000 -0.500000  0.000000 ) 
     freq (    2) =       1.321980 [THz] =      44.096496 [cm-1]
 ( -0.272951 -0.067555 -0.575654  0.102427 -0.272951 -0.067555 ) 
 ( -0.281187 -0.000000 -0.534186 -0.237727 -0.281187  0.000000 ) 
     freq (    3) =       3.225475 [THz] =     107.590280 [cm-1]
 (  0.284635  0.307503 -0.352491 -0.156846  0.284635  0.307503 ) 
 ( -0.419017  0.000000  0.354548  0.152137 -0.419017  0.000000 ) 
     freq (    4) =       4.476228 [THz] =     149.310904 [cm-1]
 (  0.214229  0.365432 -0.363138 -0.096237  0.214229  0.365432 ) 
 (  0.423597  0.000000 -0.266674 -0.264604  0.423597  0.000000 ) 
     freq (    5) =       5.226643 [THz] =     174.342050 [cm-1]
 (  0.364256 -0.342516 -0.000000  0.000000 -0.364256  0.342516 ) 
 ( -0.500000 -0.000000  0.000000  0.000000  0.500000  0.000000 ) 
     freq (    6) =       5.252689 [THz] =     175.210853 [cm-1]
 (  0.187843  0.175041  0.606570 -0.014978  0.187843  0.175041 ) 
 ( -0.256758 -0.000000 -0.433555 -0.424478 -0.256758  0.000000 ) 
 **************************************************************************
