Dynamical matrix file
                                                                           
  1    2  2 12.5600000  0.0000000  0.0000000  0.0000000  0.0000000  0.0000000
           1  'Sn  '    108197.54598352207     
    1    1      0.0000000000      0.0000000000      0.0000000000
    2    1      0.2500000000      0.2500000000      0.2500000000

     Dynamical  Matrix in cartesian axes

     q = (   -0.125000000   0.375000000  -0.125000000 ) 

    1    1
  0.14103990 -0.00000000   -0.00067047  0.00090189    0.00108754 -0.00000000
 -0.00067047 -0.00090189    0.15429616  0.00000000   -0.00067047 -0.00090189
  0.00108754 -0.00000000   -0.00067047  0.00090189    0.14103990 -0.00000000
    1    2
 -0.10862822  0.02566663   -0.00833626  0.01748464   -0.00746030 -0.05556174
 -0.00833626  0.01748464   -0.11446713  0.02886381   -0.00833626  0.01748464
 -0.00746030 -0.05556174   -0.00833626  0.01748464   -0.10862822  0.02566663
    2    1
 -0.10862822 -0.02566663   -0.00833626 -0.01748464   -0.00746030  0.05556174
 -0.00833626 -0.01748464   -0.11446713 -0.02886381   -0.00833626 -0.01748464
 -0.00746030  0.05556174   -0.00833626 -0.01748464   -0.10862822 -0.02566663
    2    2
  0.14103990  0.00000000   -0.00067047 -0.00090189    0.00108754  0.00000000
 -0.00067047  0.00090189    0.15429616 -0.00000000   -0.00067047  0.00090189
  0.00108754  0.00000000   -0.00067047 -0.00090189    0.14103990  0.00000000

     Dynamical  Matrix in cartesian axes

     q = (   -0.125000000   0.375000000   0.125000000 ) 

    1    1
  0.14103990  0.00000000   -0.00067047 -0.00090189   -0.00108754 -0.00000000
 -0.00067047  0.00090189    0.15429616 -0.00000000    0.00067047 -0.00090189
 -0.00108754 -0.00000000    0.00067047  0.00090189    0.14103990  0.00000000
    1    2
 -0.09496080  0.05866271   -0.01825814 -0.00646888   -0.03401286 -0.04456331
 -0.01825814 -0.00646888   -0.10135029  0.06053069    0.01825814  0.00646888
 -0.03401286 -0.04456331    0.01825814  0.00646888   -0.09496080  0.05866271
    2    1
 -0.09496080 -0.05866271   -0.01825814  0.00646888   -0.03401286  0.04456331
 -0.01825814  0.00646888   -0.10135029 -0.06053069    0.01825814 -0.00646888
 -0.03401286  0.04456331    0.01825814 -0.00646888   -0.09496080 -0.05866271
    2    2
  0.14103990 -0.00000000   -0.00067047  0.00090189   -0.00108754  0.00000000
 -0.00067047 -0.00090189    0.15429616  0.00000000    0.00067047  0.00090189
 -0.00108754  0.00000000    0.00067047 -0.00090189    0.14103990 -0.00000000

     Dynamical  Matrix in cartesian axes

     q = (    0.125000000   0.375000000  -0.125000000 ) 

    1    1
  0.14103990  0.00000000    0.00067047  0.00090189   -0.00108754 -0.00000000
  0.00067047 -0.00090189    0.15429616 -0.00000000   -0.00067047  0.00090189
 -0.00108754 -0.00000000   -0.00067047 -0.00090189    0.14103990  0.00000000
    1    2
 -0.09496080  0.05866271    0.01825814  0.00646888   -0.03401286 -0.04456331
  0.01825814  0.00646888   -0.10135029  0.06053069   -0.01825814 -0.00646888
 -0.03401286 -0.04456331   -0.01825814 -0.00646888   -0.09496080  0.05866271
    2    1
 -0.09496080 -0.05866271    0.01825814 -0.00646888   -0.03401286  0.04456331
  0.01825814 -0.00646888   -0.10135029 -0.06053069   -0.01825814  0.00646888
 -0.03401286  0.04456331   -0.01825814  0.00646888   -0.09496080 -0.05866271
    2    2
  0.14103990 -0.00000000    0.00067047 -0.00090189   -0.00108754  0.00000000
  0.00067047  0.00090189    0.15429616  0.00000000   -0.00067047 -0.00090189
 -0.00108754  0.00000000   -0.00067047  0.00090189    0.14103990 -0.00000000

     Dynamical  Matrix in cartesian axes

     q = (    0.125000000   0.375000000   0.125000000 ) 

    1    1
  0.14103990 -0.00000000    0.00067047 -0.00090189    0.00108754 -0.00000000
  0.00067047  0.00090189    0.15429616  0.00000000    0.00067047  0.00090189
  0.00108754 -0.00000000    0.00067047 -0.00090189    0.14103990 -0.00000000
    1    2
 -0.05866271  0.09496080   -0.00646888 -0.01825814   -0.04456331 -0.03401286
 -0.00646888 -0.01825814   -0.06053069  0.10135029   -0.00646888 -0.01825814
 -0.04456331 -0.03401286   -0.00646888 -0.01825814   -0.05866271  0.09496080
    2    1
 -0.05866271 -0.09496080   -0.00646888  0.01825814   -0.04456331  0.03401286
 -0.00646888  0.01825814   -0.06053069 -0.10135029   -0.00646888  0.01825814
 -0.04456331  0.03401286   -0.00646888  0.01825814   -0.05866271 -0.09496080
    2    2
  0.14103990  0.00000000    0.00067047  0.00090189    0.00108754  0.00000000
  0.00067047 -0.00090189    0.15429616 -0.00000000    0.00067047 -0.00090189
  0.00108754  0.00000000    0.00067047  0.00090189    0.14103990  0.00000000

     Dynamical  Matrix in cartesian axes

     q = (    0.125000000  -0.375000000   0.125000000 ) 

    1    1
  0.14103990  0.00000000   -0.00067047 -0.00090189    0.00108754  0.00000000
 -0.00067047  0.00090189    0.15429616 -0.00000000   -0.00067047  0.00090189
  0.00108754  0.00000000   -0.00067047 -0.00090189    0.14103990  0.00000000
    1    2
 -0.10862822 -0.02566663   -0.00833626 -0.01748464   -0.00746030  0.05556174
 -0.00833626 -0.01748464   -0.11446713 -0.02886381   -0.00833626 -0.01748464
 -0.00746030  0.05556174   -0.00833626 -0.01748464   -0.10862822 -0.02566663
    2    1
 -0.10862822  0.02566663   -0.00833626  0.01748464   -0.00746030 -0.05556174
 -0.00833626  0.01748464   -0.11446713  0.02886381   -0.00833626  0.01748464
 -0.00746030 -0.05556174   -0.00833626  0.01748464   -0.10862822  0.02566663
    2    2
  0.14103990 -0.00000000   -0.00067047  0.00090189    0.00108754 -0.00000000
 -0.00067047 -0.00090189    0.15429616  0.00000000   -0.00067047 -0.00090189
  0.00108754 -0.00000000   -0.00067047  0.00090189    0.14103990 -0.00000000

     Dynamical  Matrix in cartesian axes

     q = (    0.375000000  -0.125000000   0.125000000 ) 

    1    1
  0.15429616 -0.00000000   -0.00067047  0.00090189    0.00067047 -0.00090189
 -0.00067047 -0.00090189    0.14103990  0.00000000   -0.00108754 -0.00000000
  0.00067047  0.00090189   -0.00108754 -0.00000000    0.14103990  0.00000000
    1    2
 -0.10135029  0.06053069   -0.01825814 -0.00646888    0.01825814  0.00646888
 -0.01825814 -0.00646888   -0.09496080  0.05866271   -0.03401286 -0.04456331
  0.01825814  0.00646888   -0.03401286 -0.04456331   -0.09496080  0.05866271
    2    1
 -0.10135029 -0.06053069   -0.01825814  0.00646888    0.01825814 -0.00646888
 -0.01825814  0.00646888   -0.09496080 -0.05866271   -0.03401286  0.04456331
  0.01825814 -0.00646888   -0.03401286  0.04456331   -0.09496080 -0.05866271
    2    2
  0.15429616  0.00000000   -0.00067047 -0.00090189    0.00067047  0.00090189
 -0.00067047  0.00090189    0.14103990 -0.00000000   -0.00108754  0.00000000
  0.00067047 -0.00090189   -0.00108754  0.00000000    0.14103990 -0.00000000

     Dynamical  Matrix in cartesian axes

     q = (    0.125000000  -0.125000000   0.375000000 ) 

    1    1
  0.14103990  0.00000000   -0.00108754 -0.00000000    0.00067047  0.00090189
 -0.00108754 -0.00000000    0.14103990  0.00000000   -0.00067047 -0.00090189
  0.00067047 -0.00090189   -0.00067047  0.00090189    0.15429616 -0.00000000
    1    2
 -0.09496080  0.05866271   -0.03401286 -0.04456331    0.01825814  0.00646888
 -0.03401286 -0.04456331   -0.09496080  0.05866271   -0.01825814 -0.00646888
  0.01825814  0.00646888   -0.01825814 -0.00646888   -0.10135029  0.06053069
    2    1
 -0.09496080 -0.05866271   -0.03401286  0.04456331    0.01825814 -0.00646888
 -0.03401286  0.04456331   -0.09496080 -0.05866271   -0.01825814  0.00646888
  0.01825814 -0.00646888   -0.01825814  0.00646888   -0.10135029 -0.06053069
    2    2
  0.14103990 -0.00000000   -0.00108754  0.00000000    0.00067047 -0.00090189
 -0.00108754  0.00000000    0.14103990 -0.00000000   -0.00067047  0.00090189
  0.00067047  0.00090189   -0.00067047 -0.00090189    0.15429616  0.00000000

     Dynamical  Matrix in cartesian axes

     q = (   -0.125000000  -0.375000000  -0.125000000 ) 

    1    1
  0.14103990  0.00000000    0.00067047  0.00090189    0.00108754  0.00000000
  0.00067047 -0.00090189    0.15429616 -0.00000000    0.00067047 -0.00090189
  0.00108754  0.00000000    0.00067047  0.00090189    0.14103990  0.00000000
    1    2
 -0.05866271 -0.09496080   -0.00646888  0.01825814   -0.04456331  0.03401286
 -0.00646888  0.01825814   -0.06053069 -0.10135029   -0.00646888  0.01825814
 -0.04456331  0.03401286   -0.00646888  0.01825814   -0.05866271 -0.09496080
    2    1
 -0.05866271  0.09496080   -0.00646888 -0.01825814   -0.04456331 -0.03401286
 -0.00646888 -0.01825814   -0.06053069  0.10135029   -0.00646888 -0.01825814
 -0.04456331 -0.03401286   -0.00646888 -0.01825814   -0.05866271  0.09496080
    2    2
  0.14103990 -0.00000000    0.00067047 -0.00090189    0.00108754 -0.00000000
  0.00067047  0.00090189    0.15429616  0.00000000    0.00067047  0.00090189
  0.00108754 -0.00000000    0.00067047 -0.00090189    0.14103990 -0.00000000

     Dynamical  Matrix in cartesian axes

     q = (    0.125000000  -0.375000000  -0.125000000 ) 

    1    1
  0.14103990 -0.00000000   -0.00067047  0.00090189   -0.00108754  0.00000000
 -0.00067047 -0.00090189    0.15429616  0.00000000    0.00067047  0.00090189
 -0.00108754  0.00000000    0.00067047 -0.00090189    0.14103990 -0.00000000
    1    2
 -0.09496080 -0.05866271   -0.01825814  0.00646888   -0.03401286  0.04456331
 -0.01825814  0.00646888   -0.10135029 -0.06053069    0.01825814 -0.00646888
 -0.03401286  0.04456331    0.01825814 -0.00646888   -0.09496080 -0.05866271
    2    1
 -0.09496080  0.05866271   -0.01825814 -0.00646888   -0.03401286 -0.04456331
 -0.01825814 -0.00646888   -0.10135029  0.06053069    0.01825814  0.00646888
 -0.03401286 -0.04456331    0.01825814  0.00646888   -0.09496080  0.05866271
    2    2
  0.14103990  0.00000000   -0.00067047 -0.00090189   -0.00108754 -0.00000000
 -0.00067047  0.00090189    0.15429616 -0.00000000    0.00067047 -0.00090189
 -0.00108754 -0.00000000    0.00067047  0.00090189    0.14103990  0.00000000

     Dynamical  Matrix in cartesian axes

     q = (   -0.125000000  -0.375000000   0.125000000 ) 

    1    1
  0.14103990 -0.00000000    0.00067047 -0.00090189   -0.00108754  0.00000000
  0.00067047  0.00090189    0.15429616  0.00000000   -0.00067047 -0.00090189
 -0.00108754  0.00000000   -0.00067047  0.00090189    0.14103990 -0.00000000
    1    2
 -0.09496080 -0.05866271    0.01825814 -0.00646888   -0.03401286  0.04456331
  0.01825814 -0.00646888   -0.10135029 -0.06053069   -0.01825814  0.00646888
 -0.03401286  0.04456331   -0.01825814  0.00646888   -0.09496080 -0.05866271
    2    1
 -0.09496080  0.05866271    0.01825814  0.00646888   -0.03401286 -0.04456331
  0.01825814  0.00646888   -0.10135029  0.06053069   -0.01825814 -0.00646888
 -0.03401286 -0.04456331   -0.01825814 -0.00646888   -0.09496080  0.05866271
    2    2
  0.14103990  0.00000000    0.00067047  0.00090189   -0.00108754 -0.00000000
  0.00067047 -0.00090189    0.15429616 -0.00000000   -0.00067047  0.00090189
 -0.00108754 -0.00000000   -0.00067047 -0.00090189    0.14103990  0.00000000

     Dynamical  Matrix in cartesian axes

     q = (    0.125000000  -0.125000000  -0.375000000 ) 

    1    1
  0.14103990 -0.00000000   -0.00108754  0.00000000   -0.00067047  0.00090189
 -0.00108754  0.00000000    0.14103990 -0.00000000    0.00067047 -0.00090189
 -0.00067047 -0.00090189    0.00067047  0.00090189    0.15429616  0.00000000
    1    2
 -0.09496080 -0.05866271   -0.03401286  0.04456331   -0.01825814  0.00646888
 -0.03401286  0.04456331   -0.09496080 -0.05866271    0.01825814 -0.00646888
 -0.01825814  0.00646888    0.01825814 -0.00646888   -0.10135029 -0.06053069
    2    1
 -0.09496080  0.05866271   -0.03401286 -0.04456331   -0.01825814 -0.00646888
 -0.03401286 -0.04456331   -0.09496080  0.05866271    0.01825814  0.00646888
 -0.01825814 -0.00646888    0.01825814  0.00646888   -0.10135029  0.06053069
    2    2
  0.14103990  0.00000000   -0.00108754 -0.00000000   -0.00067047 -0.00090189
 -0.00108754 -0.00000000    0.14103990  0.00000000    0.00067047  0.00090189
 -0.00067047  0.00090189    0.00067047 -0.00090189    0.15429616 -0.00000000

     Dynamical  Matrix in cartesian axes

     q = (    0.375000000  -0.125000000  -0.125000000 ) 

    1    1
  0.15429616  0.00000000   -0.00067047 -0.00090189   -0.00067047 -0.00090189
 -0.00067047  0.00090189    0.14103990 -0.00000000    0.00108754 -0.00000000
 -0.00067047  0.00090189    0.00108754 -0.00000000    0.14103990 -0.00000000
    1    2
 -0.11446713  0.02886381   -0.00833626  0.01748464   -0.00833626  0.01748464
 -0.00833626  0.01748464   -0.10862822  0.02566663   -0.00746030 -0.05556174
 -0.00833626  0.01748464   -0.00746030 -0.05556174   -0.10862822  0.02566663
    2    1
 -0.11446713 -0.02886381   -0.00833626 -0.01748464   -0.00833626 -0.01748464
 -0.00833626 -0.01748464   -0.10862822 -0.02566663   -0.00746030  0.05556174
 -0.00833626 -0.01748464   -0.00746030  0.05556174   -0.10862822 -0.02566663
    2    2
  0.15429616 -0.00000000   -0.00067047  0.00090189   -0.00067047  0.00090189
 -0.00067047 -0.00090189    0.14103990  0.00000000    0.00108754  0.00000000
 -0.00067047 -0.00090189    0.00108754  0.00000000    0.14103990  0.00000000

     Dynamical  Matrix in cartesian axes

     q = (   -0.375000000  -0.125000000   0.125000000 ) 

    1    1
  0.15429616  0.00000000    0.00067047  0.00090189   -0.00067047 -0.00090189
  0.00067047 -0.00090189    0.14103990 -0.00000000   -0.00108754  0.00000000
 -0.00067047  0.00090189   -0.00108754  0.00000000    0.14103990 -0.00000000
    1    2
 -0.10135029 -0.06053069    0.01825814 -0.00646888   -0.01825814  0.00646888
  0.01825814 -0.00646888   -0.09496080 -0.05866271   -0.03401286  0.04456331
 -0.01825814  0.00646888   -0.03401286  0.04456331   -0.09496080 -0.05866271
    2    1
 -0.10135029  0.06053069    0.01825814  0.00646888   -0.01825814 -0.00646888
  0.01825814  0.00646888   -0.09496080  0.05866271   -0.03401286 -0.04456331
 -0.01825814 -0.00646888   -0.03401286 -0.04456331   -0.09496080  0.05866271
    2    2
  0.15429616 -0.00000000    0.00067047 -0.00090189   -0.00067047  0.00090189
  0.00067047  0.00090189    0.14103990  0.00000000   -0.00108754 -0.00000000
 -0.00067047 -0.00090189   -0.00108754 -0.00000000    0.14103990  0.00000000

     Dynamical  Matrix in cartesian axes

     q = (    0.375000000   0.125000000   0.125000000 ) 

    1    1
  0.15429616  0.00000000    0.00067047  0.00090189    0.00067047  0.00090189
  0.00067047 -0.00090189    0.14103990 -0.00000000    0.00108754 -0.00000000
  0.00067047 -0.00090189    0.00108754 -0.00000000    0.14103990 -0.00000000
    1    2
 -0.06053069  0.10135029   -0.00646888 -0.01825814   -0.00646888 -0.01825814
 -0.00646888 -0.01825814   -0.05866271  0.09496080   -0.04456331 -0.03401286
 -0.00646888 -0.01825814   -0.04456331 -0.03401286   -0.05866271  0.09496080
    2    1
 -0.06053069 -0.10135029   -0.00646888  0.01825814   -0.00646888  0.01825814
 -0.00646888  0.01825814   -0.05866271 -0.09496080   -0.04456331  0.03401286
 -0.00646888  0.01825814   -0.04456331  0.03401286   -0.05866271 -0.09496080
    2    2
  0.15429616 -0.00000000    0.00067047 -0.00090189    0.00067047 -0.00090189
  0.00067047  0.00090189    0.14103990  0.00000000    0.00108754  0.00000000
  0.00067047  0.00090189    0.00108754  0.00000000    0.14103990  0.00000000

     Dynamical  Matrix in cartesian axes

     q = (   -0.125000000  -0.125000000   0.375000000 ) 

    1    1
  0.14103990 -0.00000000    0.00108754 -0.00000000   -0.00067047  0.00090189
  0.00108754 -0.00000000    0.14103990 -0.00000000   -0.00067047  0.00090189
 -0.00067047 -0.00090189   -0.00067047 -0.00090189    0.15429616  0.00000000
    1    2
 -0.10862822  0.02566663   -0.00746030 -0.05556174   -0.00833626  0.01748464
 -0.00746030 -0.05556174   -0.10862822  0.02566663   -0.00833626  0.01748464
 -0.00833626  0.01748464   -0.00833626  0.01748464   -0.11446713  0.02886381
    2    1
 -0.10862822 -0.02566663   -0.00746030  0.05556174   -0.00833626 -0.01748464
 -0.00746030  0.05556174   -0.10862822 -0.02566663   -0.00833626 -0.01748464
 -0.00833626 -0.01748464   -0.00833626 -0.01748464   -0.11446713 -0.02886381
    2    2
  0.14103990  0.00000000    0.00108754  0.00000000   -0.00067047 -0.00090189
  0.00108754  0.00000000    0.14103990  0.00000000   -0.00067047 -0.00090189
 -0.00067047  0.00090189   -0.00067047  0.00090189    0.15429616 -0.00000000

     Dynamical  Matrix in cartesian axes

     q = (    0.125000000   0.125000000   0.375000000 ) 

    1    1
  0.14103990 -0.00000000    0.00108754 -0.00000000    0.00067047 -0.00090189
  0.00108754 -0.00000000    0.14103990 -0.00000000    0.00067047 -0.00090189
  0.00067047  0.00090189    0.00067047  0.00090189    0.15429616  0.00000000
    1    2
 -0.05866271  0.09496080   -0.04456331 -0.03401286   -0.00646888 -0.01825814
 -0.04456331 -0.03401286   -0.05866271  0.09496080   -0.00646888 -0.01825814
 -0.00646888 -0.01825814   -0.00646888 -0.01825814   -0.06053069  0.10135029
    2    1
 -0.05866271 -0.09496080   -0.04456331  0.03401286   -0.00646888  0.01825814
 -0.04456331  0.03401286   -0.05866271 -0.09496080   -0.00646888  0.01825814
 -0.00646888  0.01825814   -0.00646888  0.01825814   -0.06053069 -0.10135029
    2    2
  0.14103990  0.00000000    0.00108754  0.00000000    0.00067047  0.00090189
  0.00108754  0.00000000    0.14103990  0.00000000    0.00067047  0.00090189
  0.00067047 -0.00090189    0.00067047 -0.00090189    0.15429616 -0.00000000

     Dynamical  Matrix in cartesian axes

     q = (   -0.375000000   0.125000000  -0.125000000 ) 

    1    1
  0.15429616  0.00000000   -0.00067047 -0.00090189    0.00067047  0.00090189
 -0.00067047  0.00090189    0.14103990 -0.00000000   -0.00108754  0.00000000
  0.00067047 -0.00090189   -0.00108754  0.00000000    0.14103990 -0.00000000
    1    2
 -0.10135029 -0.06053069   -0.01825814  0.00646888    0.01825814 -0.00646888
 -0.01825814  0.00646888   -0.09496080 -0.05866271   -0.03401286  0.04456331
  0.01825814 -0.00646888   -0.03401286  0.04456331   -0.09496080 -0.05866271
    2    1
 -0.10135029  0.06053069   -0.01825814 -0.00646888    0.01825814  0.00646888
 -0.01825814 -0.00646888   -0.09496080  0.05866271   -0.03401286 -0.04456331
  0.01825814  0.00646888   -0.03401286 -0.04456331   -0.09496080  0.05866271
    2    2
  0.15429616 -0.00000000   -0.00067047  0.00090189    0.00067047 -0.00090189
 -0.00067047 -0.00090189    0.14103990  0.00000000   -0.00108754 -0.00000000
  0.00067047  0.00090189   -0.00108754 -0.00000000    0.14103990  0.00000000

     Dynamical  Matrix in cartesian axes

     q = (   -0.125000000   0.125000000  -0.375000000 ) 

    1    1
  0.14103990 -0.00000000   -0.00108754  0.00000000    0.00067047 -0.00090189
 -0.00108754  0.00000000    0.14103990 -0.00000000   -0.00067047  0.00090189
  0.00067047  0.00090189   -0.00067047 -0.00090189    0.15429616  0.00000000
    1    2
 -0.09496080 -0.05866271   -0.03401286  0.04456331    0.01825814 -0.00646888
 -0.03401286  0.04456331   -0.09496080 -0.05866271   -0.01825814  0.00646888
  0.01825814 -0.00646888   -0.01825814  0.00646888   -0.10135029 -0.06053069
    2    1
 -0.09496080  0.05866271   -0.03401286 -0.04456331    0.01825814  0.00646888
 -0.03401286 -0.04456331   -0.09496080  0.05866271   -0.01825814 -0.00646888
  0.01825814  0.00646888   -0.01825814 -0.00646888   -0.10135029  0.06053069
    2    2
  0.14103990  0.00000000   -0.00108754 -0.00000000    0.00067047  0.00090189
 -0.00108754 -0.00000000    0.14103990  0.00000000   -0.00067047 -0.00090189
  0.00067047 -0.00090189   -0.00067047  0.00090189    0.15429616 -0.00000000

     Dynamical  Matrix in cartesian axes

     q = (   -0.375000000  -0.125000000  -0.125000000 ) 

    1    1
  0.15429616 -0.00000000    0.00067047 -0.00090189    0.00067047 -0.00090189
  0.00067047  0.00090189    0.14103990  0.00000000    0.00108754  0.00000000
  0.00067047  0.00090189    0.00108754  0.00000000    0.14103990  0.00000000
    1    2
 -0.06053069 -0.10135029   -0.00646888  0.01825814   -0.00646888  0.01825814
 -0.00646888  0.01825814   -0.05866271 -0.09496080   -0.04456331  0.03401286
 -0.00646888  0.01825814   -0.04456331  0.03401286   -0.05866271 -0.09496080
    2    1
 -0.06053069  0.10135029   -0.00646888 -0.01825814   -0.00646888 -0.01825814
 -0.00646888 -0.01825814   -0.05866271  0.09496080   -0.04456331 -0.03401286
 -0.00646888 -0.01825814   -0.04456331 -0.03401286   -0.05866271  0.09496080
    2    2
  0.15429616  0.00000000    0.00067047  0.00090189    0.00067047  0.00090189
  0.00067047 -0.00090189    0.14103990 -0.00000000    0.00108754 -0.00000000
  0.00067047 -0.00090189    0.00108754 -0.00000000    0.14103990 -0.00000000

     Dynamical  Matrix in cartesian axes

     q = (    0.125000000   0.125000000  -0.375000000 ) 

    1    1
  0.14103990  0.00000000    0.00108754  0.00000000   -0.00067047 -0.00090189
  0.00108754  0.00000000    0.14103990  0.00000000   -0.00067047 -0.00090189
 -0.00067047  0.00090189   -0.00067047  0.00090189    0.15429616 -0.00000000
    1    2
 -0.10862822 -0.02566663   -0.00746030  0.05556174   -0.00833626 -0.01748464
 -0.00746030  0.05556174   -0.10862822 -0.02566663   -0.00833626 -0.01748464
 -0.00833626 -0.01748464   -0.00833626 -0.01748464   -0.11446713 -0.02886381
    2    1
 -0.10862822  0.02566663   -0.00746030 -0.05556174   -0.00833626  0.01748464
 -0.00746030 -0.05556174   -0.10862822  0.02566663   -0.00833626  0.01748464
 -0.00833626  0.01748464   -0.00833626  0.01748464   -0.11446713  0.02886381
    2    2
  0.14103990 -0.00000000    0.00108754 -0.00000000   -0.00067047  0.00090189
  0.00108754 -0.00000000    0.14103990 -0.00000000   -0.00067047  0.00090189
 -0.00067047 -0.00090189   -0.00067047 -0.00090189    0.15429616  0.00000000

     Dynamical  Matrix in cartesian axes

     q = (    0.375000000   0.125000000  -0.125000000 ) 

    1    1
  0.15429616 -0.00000000    0.00067047 -0.00090189   -0.00067047  0.00090189
  0.00067047  0.00090189    0.14103990  0.00000000   -0.00108754 -0.00000000
 -0.00067047 -0.00090189   -0.00108754 -0.00000000    0.14103990  0.00000000
    1    2
 -0.10135029  0.06053069    0.01825814  0.00646888   -0.01825814 -0.00646888
  0.01825814  0.00646888   -0.09496080  0.05866271   -0.03401286 -0.04456331
 -0.01825814 -0.00646888   -0.03401286 -0.04456331   -0.09496080  0.05866271
    2    1
 -0.10135029 -0.06053069    0.01825814 -0.00646888   -0.01825814  0.00646888
  0.01825814 -0.00646888   -0.09496080 -0.05866271   -0.03401286  0.04456331
 -0.01825814  0.00646888   -0.03401286  0.04456331   -0.09496080 -0.05866271
    2    2
  0.15429616  0.00000000    0.00067047  0.00090189   -0.00067047 -0.00090189
  0.00067047 -0.00090189    0.14103990 -0.00000000   -0.00108754  0.00000000
 -0.00067047  0.00090189   -0.00108754  0.00000000    0.14103990 -0.00000000

     Dynamical  Matrix in cartesian axes

     q = (   -0.125000000  -0.125000000  -0.375000000 ) 

    1    1
  0.14103990  0.00000000    0.00108754  0.00000000    0.00067047  0.00090189
  0.00108754  0.00000000    0.14103990  0.00000000    0.00067047  0.00090189
  0.00067047 -0.00090189    0.00067047 -0.00090189    0.15429616 -0.00000000
    1    2
 -0.05866271 -0.09496080   -0.04456331  0.03401286   -0.00646888  0.01825814
 -0.04456331  0.03401286   -0.05866271 -0.09496080   -0.00646888  0.01825814
 -0.00646888  0.01825814   -0.00646888  0.01825814   -0.06053069 -0.10135029
    2    1
 -0.05866271  0.09496080   -0.04456331 -0.03401286   -0.00646888 -0.01825814
 -0.04456331 -0.03401286   -0.05866271  0.09496080   -0.00646888 -0.01825814
 -0.00646888 -0.01825814   -0.00646888 -0.01825814   -0.06053069  0.10135029
    2    2
  0.14103990 -0.00000000    0.00108754 -0.00000000    0.00067047 -0.00090189
  0.00108754 -0.00000000    0.14103990 -0.00000000    0.00067047 -0.00090189
  0.00067047  0.00090189    0.00067047  0.00090189    0.15429616  0.00000000

     Dynamical  Matrix in cartesian axes

     q = (   -0.375000000   0.125000000   0.125000000 ) 

    1    1
  0.15429616 -0.00000000   -0.00067047  0.00090189   -0.00067047  0.00090189
 -0.00067047 -0.00090189    0.14103990  0.00000000    0.00108754  0.00000000
 -0.00067047 -0.00090189    0.00108754  0.00000000    0.14103990  0.00000000
    1    2
 -0.11446713 -0.02886381   -0.00833626 -0.01748464   -0.00833626 -0.01748464
 -0.00833626 -0.01748464   -0.10862822 -0.02566663   -0.00746030  0.05556174
 -0.00833626 -0.01748464   -0.00746030  0.05556174   -0.10862822 -0.02566663
    2    1
 -0.11446713  0.02886381   -0.00833626  0.01748464   -0.00833626  0.01748464
 -0.00833626  0.01748464   -0.10862822  0.02566663   -0.00746030 -0.05556174
 -0.00833626  0.01748464   -0.00746030 -0.05556174   -0.10862822  0.02566663
    2    2
  0.15429616  0.00000000   -0.00067047 -0.00090189   -0.00067047 -0.00090189
 -0.00067047  0.00090189    0.14103990 -0.00000000    0.00108754 -0.00000000
 -0.00067047  0.00090189    0.00108754 -0.00000000    0.14103990 -0.00000000

     Dynamical  Matrix in cartesian axes

     q = (   -0.125000000   0.125000000   0.375000000 ) 

    1    1
  0.14103990  0.00000000   -0.00108754 -0.00000000   -0.00067047 -0.00090189
 -0.00108754 -0.00000000    0.14103990  0.00000000    0.00067047  0.00090189
 -0.00067047  0.00090189    0.00067047 -0.00090189    0.15429616 -0.00000000
    1    2
 -0.09496080  0.05866271   -0.03401286 -0.04456331   -0.01825814 -0.00646888
 -0.03401286 -0.04456331   -0.09496080  0.05866271    0.01825814  0.00646888
 -0.01825814 -0.00646888    0.01825814  0.00646888   -0.10135029  0.06053069
    2    1
 -0.09496080 -0.05866271   -0.03401286  0.04456331   -0.01825814  0.00646888
 -0.03401286  0.04456331   -0.09496080 -0.05866271    0.01825814 -0.00646888
 -0.01825814  0.00646888    0.01825814 -0.00646888   -0.10135029 -0.06053069
    2    2
  0.14103990 -0.00000000   -0.00108754  0.00000000   -0.00067047  0.00090189
 -0.00108754  0.00000000    0.14103990 -0.00000000    0.00067047 -0.00090189
 -0.00067047 -0.00090189    0.00067047  0.00090189    0.15429616  0.00000000

     Diagonalizing the dynamical matrix

     q = (   -0.125000000   0.375000000  -0.125000000 ) 

 **************************************************************************
     freq (    1) =       1.010615 [THz] =      33.710503 [cm-1]
 (  0.389881 -0.313038 -0.000000  0.000000 -0.389881  0.313038 ) 
 (  0.500000 -0.000000 -0.000000 -0.000000 -0.500000  0.000000 ) 
     freq (    2) =       1.135780 [THz] =      37.885550 [cm-1]
 ( -0.424984 -0.057682 -0.356105  0.072887 -0.424984 -0.057682 ) 
 ( -0.428880  0.000000 -0.343067 -0.120119 -0.428880  0.000000 ) 
     freq (    3) =       2.010208 [THz] =      67.053307 [cm-1]
 ( -0.205572 -0.157946  0.582801  0.161025 -0.205572 -0.157946 ) 
 ( -0.259243  0.000000  0.560250  0.227389 -0.259243  0.000000 ) 
     freq (    4) =       5.079310 [THz] =     169.427538 [cm-1]
 ( -0.384325 -0.159876  0.378791  0.099924 -0.384325 -0.159876 ) 
 (  0.416253  0.000000 -0.388117 -0.053228  0.416253  0.000000 ) 
     freq (    5) =       5.194004 [THz] =     173.253329 [cm-1]
 (  0.389881 -0.313038  0.000000  0.000000 -0.389881  0.313038 ) 
 ( -0.500000 -0.000000 -0.000000 -0.000000  0.500000  0.000000 ) 
     freq (    6) =       5.307779 [THz] =     177.048437 [cm-1]
 ( -0.274916  0.003141 -0.579456  0.114249 -0.274916  0.003141 ) 
 (  0.274934  0.000000  0.580724  0.107621  0.274934  0.000000 ) 
 **************************************************************************
