Dynamical matrix file
                                                                           
  1    2  2 12.5600000  0.0000000  0.0000000  0.0000000  0.0000000  0.0000000
           1  'Sn  '    108197.54598352207     
    1    1      0.0000000000      0.0000000000      0.0000000000
    2    1      0.2500000000      0.2500000000      0.2500000000

     Dynamical  Matrix in cartesian axes

     q = (    0.750000000   0.000000000   0.750000000 ) 

    1    1
  0.13558856  0.00000000    0.00000000  0.00137557    0.00121545  0.00000000
  0.00000000 -0.00137557    0.16306340  0.00000000    0.00000000 -0.00137557
  0.00121545  0.00000000    0.00000000  0.00137557    0.13558856  0.00000000
    1    2
  0.01357300  0.01357300   -0.02848407  0.02848407   -0.06945009 -0.06945009
 -0.02848407  0.02848407    0.02131387  0.02131387   -0.02848407  0.02848407
 -0.06945009 -0.06945009   -0.02848407  0.02848407    0.01357300  0.01357300
    2    1
  0.01357300 -0.01357300   -0.02848407 -0.02848407   -0.06945009  0.06945009
 -0.02848407 -0.02848407    0.02131387 -0.02131387   -0.02848407 -0.02848407
 -0.06945009  0.06945009   -0.02848407 -0.02848407    0.01357300 -0.01357300
    2    2
  0.13558856  0.00000000    0.00000000 -0.00137557    0.00121545  0.00000000
  0.00000000  0.00137557    0.16306340  0.00000000    0.00000000  0.00137557
  0.00121545  0.00000000    0.00000000 -0.00137557    0.13558856  0.00000000

     Dynamical  Matrix in cartesian axes

     q = (   -0.750000000   0.000000000   0.750000000 ) 

    1    1
  0.13558856  0.00000000    0.00000000  0.00137557   -0.00121545  0.00000000
  0.00000000 -0.00137557    0.16306340  0.00000000    0.00000000  0.00137557
 -0.00121545  0.00000000    0.00000000 -0.00137557    0.13558856  0.00000000
    1    2
 -0.01919512  0.00000000    0.00000000 -0.04028256   -0.09821725 -0.00000000
  0.00000000 -0.04028256   -0.03014236 -0.00000000    0.00000000  0.04028256
 -0.09821725 -0.00000000   -0.00000000  0.04028256   -0.01919512  0.00000000
    2    1
 -0.01919512  0.00000000   -0.00000000  0.04028256   -0.09821725  0.00000000
  0.00000000  0.04028256   -0.03014236 -0.00000000   -0.00000000 -0.04028256
 -0.09821725  0.00000000    0.00000000 -0.04028256   -0.01919512  0.00000000
    2    2
  0.13558856  0.00000000    0.00000000 -0.00137557   -0.00121545  0.00000000
  0.00000000  0.00137557    0.16306340  0.00000000    0.00000000 -0.00137557
 -0.00121545  0.00000000    0.00000000  0.00137557    0.13558856  0.00000000

     Dynamical  Matrix in cartesian axes

     q = (   -0.750000000   0.000000000  -0.750000000 ) 

    1    1
  0.13558856  0.00000000    0.00000000 -0.00137557    0.00121545  0.00000000
  0.00000000  0.00137557    0.16306340  0.00000000    0.00000000  0.00137557
  0.00121545  0.00000000    0.00000000 -0.00137557    0.13558856  0.00000000
    1    2
  0.01357300 -0.01357300   -0.02848407 -0.02848407   -0.06945009  0.06945009
 -0.02848407 -0.02848407    0.02131387 -0.02131387   -0.02848407 -0.02848407
 -0.06945009  0.06945009   -0.02848407 -0.02848407    0.01357300 -0.01357300
    2    1
  0.01357300  0.01357300   -0.02848407  0.02848407   -0.06945009 -0.06945009
 -0.02848407  0.02848407    0.02131387  0.02131387   -0.02848407  0.02848407
 -0.06945009 -0.06945009   -0.02848407  0.02848407    0.01357300  0.01357300
    2    2
  0.13558856  0.00000000    0.00000000  0.00137557    0.00121545  0.00000000
  0.00000000 -0.00137557    0.16306340  0.00000000    0.00000000 -0.00137557
  0.00121545  0.00000000    0.00000000  0.00137557    0.13558856  0.00000000

     Dynamical  Matrix in cartesian axes

     q = (    0.750000000   0.000000000  -0.750000000 ) 

    1    1
  0.13558856  0.00000000    0.00000000 -0.00137557   -0.00121545  0.00000000
  0.00000000  0.00137557    0.16306340  0.00000000    0.00000000 -0.00137557
 -0.00121545  0.00000000    0.00000000  0.00137557    0.13558856  0.00000000
    1    2
 -0.01919512  0.00000000   -0.00000000  0.04028256   -0.09821725  0.00000000
  0.00000000  0.04028256   -0.03014236  0.00000000   -0.00000000 -0.04028256
 -0.09821725  0.00000000    0.00000000 -0.04028256   -0.01919512  0.00000000
    2    1
 -0.01919512  0.00000000    0.00000000 -0.04028256   -0.09821725  0.00000000
  0.00000000 -0.04028256   -0.03014236 -0.00000000    0.00000000  0.04028256
 -0.09821725 -0.00000000   -0.00000000  0.04028256   -0.01919512  0.00000000
    2    2
  0.13558856  0.00000000    0.00000000  0.00137557   -0.00121545  0.00000000
  0.00000000 -0.00137557    0.16306340  0.00000000    0.00000000  0.00137557
 -0.00121545  0.00000000    0.00000000 -0.00137557    0.13558856  0.00000000

     Dynamical  Matrix in cartesian axes

     q = (   -0.750000000  -0.750000000   0.000000000 ) 

    1    1
  0.13558856  0.00000000    0.00121545  0.00000000    0.00000000 -0.00137557
  0.00121545  0.00000000    0.13558856  0.00000000    0.00000000 -0.00137557
  0.00000000  0.00137557    0.00000000  0.00137557    0.16306340  0.00000000
    1    2
  0.01357300 -0.01357300   -0.06945009  0.06945009   -0.02848407 -0.02848407
 -0.06945009  0.06945009    0.01357300 -0.01357300   -0.02848407 -0.02848407
 -0.02848407 -0.02848407   -0.02848407 -0.02848407    0.02131387 -0.02131387
    2    1
  0.01357300  0.01357300   -0.06945009 -0.06945009   -0.02848407  0.02848407
 -0.06945009 -0.06945009    0.01357300  0.01357300   -0.02848407  0.02848407
 -0.02848407  0.02848407   -0.02848407  0.02848407    0.02131387  0.02131387
    2    2
  0.13558856  0.00000000    0.00121545  0.00000000    0.00000000  0.00137557
  0.00121545  0.00000000    0.13558856  0.00000000    0.00000000  0.00137557
  0.00000000 -0.00137557    0.00000000 -0.00137557    0.16306340  0.00000000

     Dynamical  Matrix in cartesian axes

     q = (    0.000000000   0.750000000   0.750000000 ) 

    1    1
  0.16306340  0.00000000    0.00000000 -0.00137557    0.00000000 -0.00137557
  0.00000000  0.00137557    0.13558856  0.00000000    0.00121545  0.00000000
  0.00000000  0.00137557    0.00121545  0.00000000    0.13558856  0.00000000
    1    2
  0.02131387  0.02131387   -0.02848407  0.02848407   -0.02848407  0.02848407
 -0.02848407  0.02848407    0.01357300  0.01357300   -0.06945009 -0.06945009
 -0.02848407  0.02848407   -0.06945009 -0.06945009    0.01357300  0.01357300
    2    1
  0.02131387 -0.02131387   -0.02848407 -0.02848407   -0.02848407 -0.02848407
 -0.02848407 -0.02848407    0.01357300 -0.01357300   -0.06945009  0.06945009
 -0.02848407 -0.02848407   -0.06945009  0.06945009    0.01357300 -0.01357300
    2    2
  0.16306340  0.00000000    0.00000000  0.00137557    0.00000000  0.00137557
  0.00000000 -0.00137557    0.13558856  0.00000000    0.00121545  0.00000000
  0.00000000 -0.00137557    0.00121545  0.00000000    0.13558856  0.00000000

     Dynamical  Matrix in cartesian axes

     q = (    0.000000000   0.750000000  -0.750000000 ) 

    1    1
  0.16306340  0.00000000    0.00000000  0.00137557    0.00000000 -0.00137557
  0.00000000 -0.00137557    0.13558856  0.00000000   -0.00121545  0.00000000
  0.00000000  0.00137557   -0.00121545  0.00000000    0.13558856  0.00000000
    1    2
 -0.03014236 -0.00000000   -0.00000000  0.04028256    0.00000000 -0.04028256
 -0.00000000  0.04028256   -0.01919512  0.00000000   -0.09821725  0.00000000
  0.00000000 -0.04028256   -0.09821725  0.00000000   -0.01919512  0.00000000
    2    1
 -0.03014236 -0.00000000    0.00000000 -0.04028256   -0.00000000  0.04028256
  0.00000000 -0.04028256   -0.01919512  0.00000000   -0.09821725  0.00000000
 -0.00000000  0.04028256   -0.09821725  0.00000000   -0.01919512  0.00000000
    2    2
  0.16306340  0.00000000    0.00000000 -0.00137557    0.00000000  0.00137557
  0.00000000  0.00137557    0.13558856  0.00000000   -0.00121545  0.00000000
  0.00000000 -0.00137557   -0.00121545  0.00000000    0.13558856  0.00000000

     Dynamical  Matrix in cartesian axes

     q = (    0.000000000  -0.750000000  -0.750000000 ) 

    1    1
  0.16306340  0.00000000    0.00000000  0.00137557    0.00000000  0.00137557
  0.00000000 -0.00137557    0.13558856  0.00000000    0.00121545  0.00000000
  0.00000000 -0.00137557    0.00121545  0.00000000    0.13558856  0.00000000
    1    2
  0.02131387 -0.02131387   -0.02848407 -0.02848407   -0.02848407 -0.02848407
 -0.02848407 -0.02848407    0.01357300 -0.01357300   -0.06945009  0.06945009
 -0.02848407 -0.02848407   -0.06945009  0.06945009    0.01357300 -0.01357300
    2    1
  0.02131387  0.02131387   -0.02848407  0.02848407   -0.02848407  0.02848407
 -0.02848407  0.02848407    0.01357300  0.01357300   -0.06945009 -0.06945009
 -0.02848407  0.02848407   -0.06945009 -0.06945009    0.01357300  0.01357300
    2    2
  0.16306340  0.00000000    0.00000000 -0.00137557    0.00000000 -0.00137557
  0.00000000  0.00137557    0.13558856  0.00000000    0.00121545  0.00000000
  0.00000000  0.00137557    0.00121545  0.00000000    0.13558856  0.00000000

     Dynamical  Matrix in cartesian axes

     q = (    0.750000000   0.750000000   0.000000000 ) 

    1    1
  0.13558856  0.00000000    0.00121545  0.00000000    0.00000000  0.00137557
  0.00121545  0.00000000    0.13558856  0.00000000    0.00000000  0.00137557
  0.00000000 -0.00137557    0.00000000 -0.00137557    0.16306340  0.00000000
    1    2
  0.01357300  0.01357300   -0.06945009 -0.06945009   -0.02848407  0.02848407
 -0.06945009 -0.06945009    0.01357300  0.01357300   -0.02848407  0.02848407
 -0.02848407  0.02848407   -0.02848407  0.02848407    0.02131387  0.02131387
    2    1
  0.01357300 -0.01357300   -0.06945009  0.06945009   -0.02848407 -0.02848407
 -0.06945009  0.06945009    0.01357300 -0.01357300   -0.02848407 -0.02848407
 -0.02848407 -0.02848407   -0.02848407 -0.02848407    0.02131387 -0.02131387
    2    2
  0.13558856  0.00000000    0.00121545  0.00000000    0.00000000 -0.00137557
  0.00121545  0.00000000    0.13558856  0.00000000    0.00000000 -0.00137557
  0.00000000  0.00137557    0.00000000  0.00137557    0.16306340  0.00000000

     Dynamical  Matrix in cartesian axes

     q = (    0.750000000  -0.750000000   0.000000000 ) 

    1    1
  0.13558856  0.00000000   -0.00121545  0.00000000    0.00000000 -0.00137557
 -0.00121545  0.00000000    0.13558856  0.00000000    0.00000000  0.00137557
  0.00000000  0.00137557    0.00000000 -0.00137557    0.16306340  0.00000000
    1    2
 -0.01919512  0.00000000   -0.09821725 -0.00000000    0.00000000  0.04028256
 -0.09821725  0.00000000   -0.01919512 -0.00000000    0.00000000 -0.04028256
  0.00000000  0.04028256    0.00000000 -0.04028256   -0.03014236 -0.00000000
    2    1
 -0.01919512  0.00000000   -0.09821725  0.00000000    0.00000000 -0.04028256
 -0.09821725 -0.00000000   -0.01919512  0.00000000   -0.00000000  0.04028256
  0.00000000 -0.04028256    0.00000000  0.04028256   -0.03014236 -0.00000000
    2    2
  0.13558856  0.00000000   -0.00121545  0.00000000    0.00000000  0.00137557
 -0.00121545  0.00000000    0.13558856  0.00000000    0.00000000 -0.00137557
  0.00000000 -0.00137557    0.00000000  0.00137557    0.16306340  0.00000000

     Dynamical  Matrix in cartesian axes

     q = (   -0.750000000   0.750000000   0.000000000 ) 

    1    1
  0.13558856  0.00000000   -0.00121545  0.00000000    0.00000000  0.00137557
 -0.00121545  0.00000000    0.13558856  0.00000000    0.00000000 -0.00137557
  0.00000000 -0.00137557    0.00000000  0.00137557    0.16306340  0.00000000
    1    2
 -0.01919512  0.00000000   -0.09821725 -0.00000000    0.00000000 -0.04028256
 -0.09821725 -0.00000000   -0.01919512 -0.00000000   -0.00000000  0.04028256
  0.00000000 -0.04028256    0.00000000  0.04028256   -0.03014236 -0.00000000
    2    1
 -0.01919512  0.00000000   -0.09821725 -0.00000000    0.00000000  0.04028256
 -0.09821725 -0.00000000   -0.01919512 -0.00000000    0.00000000 -0.04028256
  0.00000000  0.04028256    0.00000000 -0.04028256   -0.03014236 -0.00000000
    2    2
  0.13558856  0.00000000   -0.00121545  0.00000000    0.00000000 -0.00137557
 -0.00121545  0.00000000    0.13558856  0.00000000    0.00000000  0.00137557
  0.00000000  0.00137557    0.00000000 -0.00137557    0.16306340  0.00000000

     Dynamical  Matrix in cartesian axes

     q = (    0.000000000  -0.750000000   0.750000000 ) 

    1    1
  0.16306340  0.00000000    0.00000000 -0.00137557    0.00000000  0.00137557
  0.00000000  0.00137557    0.13558856  0.00000000   -0.00121545  0.00000000
  0.00000000 -0.00137557   -0.00121545  0.00000000    0.13558856  0.00000000
    1    2
 -0.03014236 -0.00000000    0.00000000 -0.04028256   -0.00000000  0.04028256
  0.00000000 -0.04028256   -0.01919512  0.00000000   -0.09821725  0.00000000
 -0.00000000  0.04028256   -0.09821725  0.00000000   -0.01919512  0.00000000
    2    1
 -0.03014236 -0.00000000    0.00000000  0.04028256    0.00000000 -0.04028256
 -0.00000000  0.04028256   -0.01919512  0.00000000   -0.09821725  0.00000000
  0.00000000 -0.04028256   -0.09821725  0.00000000   -0.01919512  0.00000000
    2    2
  0.16306340  0.00000000    0.00000000  0.00137557    0.00000000 -0.00137557
  0.00000000 -0.00137557    0.13558856  0.00000000   -0.00121545  0.00000000
  0.00000000  0.00137557   -0.00121545  0.00000000    0.13558856  0.00000000

     Diagonalizing the dynamical matrix

     q = (    0.750000000   0.000000000   0.750000000 ) 

 **************************************************************************
     freq (    1) =       1.302533 [THz] =      43.447827 [cm-1]
 (  0.353553  0.353553  0.000000  0.000000 -0.353553 -0.353553 ) 
 ( -0.500000  0.000000 -0.000000 -0.000000  0.500000  0.000000 ) 
     freq (    2) =       1.695127 [THz] =      56.543338 [cm-1]
 ( -0.312639 -0.312639 -0.233482  0.233482 -0.312639 -0.312639 ) 
 ( -0.442138  0.000000 -0.000000 -0.330193 -0.442138  0.000000 ) 
     freq (    3) =       3.802246 [THz] =     126.829285 [cm-1]
 ( -0.225203 -0.225203  0.385444 -0.385444 -0.225203 -0.225203 ) 
 (  0.318485  0.000000 -0.000000 -0.545100  0.318485  0.000000 ) 
     freq (    4) =       4.025253 [THz] =     134.267995 [cm-1]
 ( -0.165096 -0.165096  0.442138 -0.442138 -0.165096 -0.165096 ) 
 ( -0.233482 -0.000000 -0.000000  0.625278 -0.233482  0.000000 ) 
     freq (    5) =       5.018590 [THz] =     167.402129 [cm-1]
 ( -0.353553 -0.353553 -0.000000  0.000000  0.353553  0.353553 ) 
 ( -0.500000 -0.000000  0.000000  0.000000  0.500000  0.000000 ) 
     freq (    6) =       5.143793 [THz] =     171.578474 [cm-1]
 ( -0.272550 -0.272550 -0.318485  0.318485 -0.272550 -0.272550 ) 
 (  0.385444  0.000000 -0.000000  0.450406  0.385444 -0.000000 ) 
 **************************************************************************
