Dynamical matrix file
                                                                           
  1    2  2 12.5600000  0.0000000  0.0000000  0.0000000  0.0000000  0.0000000
           1  'Sn  '    108197.54598352207     
    1    1      0.0000000000      0.0000000000      0.0000000000
    2    1      0.2500000000      0.2500000000      0.2500000000

     Dynamical  Matrix in cartesian axes

     q = (    0.625000000  -0.375000000   0.625000000 ) 

    1    1
  0.14610482  0.00000000   -0.00583137  0.00157187    0.00262141  0.00000000
 -0.00583137 -0.00157187    0.15375741  0.00000000   -0.00583137 -0.00157187
  0.00262141  0.00000000   -0.00583137  0.00157187    0.14610482  0.00000000
    1    2
 -0.06277062  0.02617819   -0.04802930  0.01981277    0.03291406 -0.05879136
 -0.04802930  0.01981277   -0.06714689  0.03160638   -0.04802930  0.01981277
  0.03291406 -0.05879136   -0.04802930  0.01981277   -0.06277062  0.02617819
    2    1
 -0.06277062 -0.02617819   -0.04802930 -0.01981277    0.03291406  0.05879136
 -0.04802930 -0.01981277   -0.06714689 -0.03160638   -0.04802930 -0.01981277
  0.03291406  0.05879136   -0.04802930 -0.01981277   -0.06277062 -0.02617819
    2    2
  0.14610482  0.00000000   -0.00583137 -0.00157187    0.00262141  0.00000000
 -0.00583137  0.00157187    0.15375741  0.00000000   -0.00583137  0.00157187
  0.00262141  0.00000000   -0.00583137 -0.00157187    0.14610482  0.00000000

     Dynamical  Matrix in cartesian axes

     q = (    0.625000000  -0.375000000  -0.625000000 ) 

    1    1
  0.14610482  0.00000000   -0.00583137 -0.00157187   -0.00262141  0.00000000
 -0.00583137  0.00157187    0.15375741  0.00000000    0.00583137 -0.00157187
 -0.00262141  0.00000000    0.00583137  0.00157187    0.14610482  0.00000000
    1    2
 -0.06289631  0.02587475   -0.04797159  0.01995210   -0.06484553 -0.01829801
 -0.04797159  0.01995210   -0.06982910  0.02513094    0.04797159 -0.01995210
 -0.06484553 -0.01829801    0.04797159 -0.01995210   -0.06289631  0.02587475
    2    1
 -0.06289631 -0.02587475   -0.04797159 -0.01995210   -0.06484553  0.01829801
 -0.04797159 -0.01995210   -0.06982910 -0.02513094    0.04797159  0.01995210
 -0.06484553  0.01829801    0.04797159  0.01995210   -0.06289631 -0.02587475
    2    2
  0.14610482  0.00000000   -0.00583137  0.00157187   -0.00262141  0.00000000
 -0.00583137 -0.00157187    0.15375741  0.00000000    0.00583137  0.00157187
 -0.00262141  0.00000000    0.00583137 -0.00157187    0.14610482  0.00000000

     Dynamical  Matrix in cartesian axes

     q = (   -0.625000000  -0.375000000   0.625000000 ) 

    1    1
  0.14610482  0.00000000    0.00583137  0.00157187   -0.00262141  0.00000000
  0.00583137 -0.00157187    0.15375741  0.00000000   -0.00583137  0.00157187
 -0.00262141  0.00000000   -0.00583137 -0.00157187    0.14610482  0.00000000
    1    2
 -0.06289631  0.02587475    0.04797159 -0.01995210   -0.06484553 -0.01829801
  0.04797159 -0.01995210   -0.06982910  0.02513094   -0.04797159  0.01995210
 -0.06484553 -0.01829801   -0.04797159  0.01995210   -0.06289631  0.02587475
    2    1
 -0.06289631 -0.02587475    0.04797159  0.01995210   -0.06484553  0.01829801
  0.04797159  0.01995210   -0.06982910 -0.02513094   -0.04797159 -0.01995210
 -0.06484553  0.01829801   -0.04797159 -0.01995210   -0.06289631 -0.02587475
    2    2
  0.14610482  0.00000000    0.00583137 -0.00157187   -0.00262141  0.00000000
  0.00583137  0.00157187    0.15375741  0.00000000   -0.00583137 -0.00157187
 -0.00262141  0.00000000   -0.00583137  0.00157187    0.14610482  0.00000000

     Dynamical  Matrix in cartesian axes

     q = (   -0.625000000  -0.375000000  -0.625000000 ) 

    1    1
  0.14610482  0.00000000    0.00583137 -0.00157187    0.00262141  0.00000000
  0.00583137  0.00157187    0.15375741  0.00000000    0.00583137  0.00157187
  0.00262141  0.00000000    0.00583137 -0.00157187    0.14610482  0.00000000
    1    2
  0.06289631  0.02587475   -0.04797159 -0.01995210   -0.06484553  0.01829801
 -0.04797159 -0.01995210    0.06982910  0.02513094   -0.04797159 -0.01995210
 -0.06484553  0.01829801   -0.04797159 -0.01995210    0.06289631  0.02587475
    2    1
  0.06289631 -0.02587475   -0.04797159  0.01995210   -0.06484553 -0.01829801
 -0.04797159  0.01995210    0.06982910 -0.02513094   -0.04797159  0.01995210
 -0.06484553 -0.01829801   -0.04797159  0.01995210    0.06289631 -0.02587475
    2    2
  0.14610482  0.00000000    0.00583137  0.00157187    0.00262141  0.00000000
  0.00583137 -0.00157187    0.15375741  0.00000000    0.00583137 -0.00157187
  0.00262141  0.00000000    0.00583137  0.00157187    0.14610482  0.00000000

     Dynamical  Matrix in cartesian axes

     q = (   -0.625000000   0.375000000  -0.625000000 ) 

    1    1
  0.14610482  0.00000000   -0.00583137 -0.00157187    0.00262141  0.00000000
 -0.00583137  0.00157187    0.15375741  0.00000000   -0.00583137  0.00157187
  0.00262141  0.00000000   -0.00583137 -0.00157187    0.14610482  0.00000000
    1    2
 -0.06277062 -0.02617819   -0.04802930 -0.01981277    0.03291406  0.05879136
 -0.04802930 -0.01981277   -0.06714689 -0.03160638   -0.04802930 -0.01981277
  0.03291406  0.05879136   -0.04802930 -0.01981277   -0.06277062 -0.02617819
    2    1
 -0.06277062  0.02617819   -0.04802930  0.01981277    0.03291406 -0.05879136
 -0.04802930  0.01981277   -0.06714689  0.03160638   -0.04802930  0.01981277
  0.03291406 -0.05879136   -0.04802930  0.01981277   -0.06277062  0.02617819
    2    2
  0.14610482  0.00000000   -0.00583137  0.00157187    0.00262141  0.00000000
 -0.00583137 -0.00157187    0.15375741  0.00000000   -0.00583137 -0.00157187
  0.00262141  0.00000000   -0.00583137  0.00157187    0.14610482  0.00000000

     Dynamical  Matrix in cartesian axes

     q = (   -0.375000000   0.625000000  -0.625000000 ) 

    1    1
  0.15375741  0.00000000   -0.00583137  0.00157187    0.00583137 -0.00157187
 -0.00583137 -0.00157187    0.14610482  0.00000000   -0.00262141  0.00000000
  0.00583137  0.00157187   -0.00262141  0.00000000    0.14610482  0.00000000
    1    2
 -0.06982910  0.02513094   -0.04797159  0.01995210    0.04797159 -0.01995210
 -0.04797159  0.01995210   -0.06289631  0.02587475   -0.06484553 -0.01829801
  0.04797159 -0.01995210   -0.06484553 -0.01829801   -0.06289631  0.02587475
    2    1
 -0.06982910 -0.02513094   -0.04797159 -0.01995210    0.04797159  0.01995210
 -0.04797159 -0.01995210   -0.06289631 -0.02587475   -0.06484553  0.01829801
  0.04797159  0.01995210   -0.06484553  0.01829801   -0.06289631 -0.02587475
    2    2
  0.15375741  0.00000000   -0.00583137 -0.00157187    0.00583137  0.00157187
 -0.00583137  0.00157187    0.14610482  0.00000000   -0.00262141  0.00000000
  0.00583137 -0.00157187   -0.00262141  0.00000000    0.14610482  0.00000000

     Dynamical  Matrix in cartesian axes

     q = (   -0.625000000   0.625000000  -0.375000000 ) 

    1    1
  0.14610482  0.00000000   -0.00262141  0.00000000    0.00583137  0.00157187
 -0.00262141  0.00000000    0.14610482  0.00000000   -0.00583137 -0.00157187
  0.00583137 -0.00157187   -0.00583137  0.00157187    0.15375741  0.00000000
    1    2
 -0.06289631  0.02587475   -0.06484553 -0.01829801    0.04797159 -0.01995210
 -0.06484553 -0.01829801   -0.06289631  0.02587475   -0.04797159  0.01995210
  0.04797159 -0.01995210   -0.04797159  0.01995210   -0.06982910  0.02513094
    2    1
 -0.06289631 -0.02587475   -0.06484553  0.01829801    0.04797159  0.01995210
 -0.06484553  0.01829801   -0.06289631 -0.02587475   -0.04797159 -0.01995210
  0.04797159  0.01995210   -0.04797159 -0.01995210   -0.06982910 -0.02513094
    2    2
  0.14610482  0.00000000   -0.00262141  0.00000000    0.00583137 -0.00157187
 -0.00262141  0.00000000    0.14610482  0.00000000   -0.00583137  0.00157187
  0.00583137  0.00157187   -0.00583137 -0.00157187    0.15375741  0.00000000

     Dynamical  Matrix in cartesian axes

     q = (    0.625000000   0.375000000   0.625000000 ) 

    1    1
  0.14610482  0.00000000    0.00583137  0.00157187    0.00262141  0.00000000
  0.00583137 -0.00157187    0.15375741  0.00000000    0.00583137 -0.00157187
  0.00262141  0.00000000    0.00583137  0.00157187    0.14610482  0.00000000
    1    2
  0.06289631 -0.02587475   -0.04797159  0.01995210   -0.06484553 -0.01829801
 -0.04797159  0.01995210    0.06982910 -0.02513094   -0.04797159  0.01995210
 -0.06484553 -0.01829801   -0.04797159  0.01995210    0.06289631 -0.02587475
    2    1
  0.06289631  0.02587475   -0.04797159 -0.01995210   -0.06484553  0.01829801
 -0.04797159 -0.01995210    0.06982910  0.02513094   -0.04797159 -0.01995210
 -0.06484553  0.01829801   -0.04797159 -0.01995210    0.06289631  0.02587475
    2    2
  0.14610482  0.00000000    0.00583137 -0.00157187    0.00262141  0.00000000
  0.00583137  0.00157187    0.15375741  0.00000000    0.00583137  0.00157187
  0.00262141  0.00000000    0.00583137 -0.00157187    0.14610482  0.00000000

     Dynamical  Matrix in cartesian axes

     q = (   -0.625000000   0.375000000   0.625000000 ) 

    1    1
  0.14610482  0.00000000   -0.00583137  0.00157187   -0.00262141  0.00000000
 -0.00583137 -0.00157187    0.15375741  0.00000000    0.00583137  0.00157187
 -0.00262141  0.00000000    0.00583137 -0.00157187    0.14610482  0.00000000
    1    2
 -0.06289631 -0.02587475   -0.04797159 -0.01995210   -0.06484553  0.01829801
 -0.04797159 -0.01995210   -0.06982910 -0.02513094    0.04797159  0.01995210
 -0.06484553  0.01829801    0.04797159  0.01995210   -0.06289631 -0.02587475
    2    1
 -0.06289631  0.02587475   -0.04797159  0.01995210   -0.06484553 -0.01829801
 -0.04797159  0.01995210   -0.06982910  0.02513094    0.04797159 -0.01995210
 -0.06484553 -0.01829801    0.04797159 -0.01995210   -0.06289631  0.02587475
    2    2
  0.14610482  0.00000000   -0.00583137 -0.00157187   -0.00262141  0.00000000
 -0.00583137  0.00157187    0.15375741  0.00000000    0.00583137 -0.00157187
 -0.00262141  0.00000000    0.00583137  0.00157187    0.14610482  0.00000000

     Dynamical  Matrix in cartesian axes

     q = (    0.625000000   0.375000000  -0.625000000 ) 

    1    1
  0.14610482  0.00000000    0.00583137 -0.00157187   -0.00262141  0.00000000
  0.00583137  0.00157187    0.15375741  0.00000000   -0.00583137 -0.00157187
 -0.00262141  0.00000000   -0.00583137  0.00157187    0.14610482  0.00000000
    1    2
 -0.06289631 -0.02587475    0.04797159  0.01995210   -0.06484553  0.01829801
  0.04797159  0.01995210   -0.06982910 -0.02513094   -0.04797159 -0.01995210
 -0.06484553  0.01829801   -0.04797159 -0.01995210   -0.06289631 -0.02587475
    2    1
 -0.06289631  0.02587475    0.04797159 -0.01995210   -0.06484553 -0.01829801
  0.04797159 -0.01995210   -0.06982910  0.02513094   -0.04797159  0.01995210
 -0.06484553 -0.01829801   -0.04797159  0.01995210   -0.06289631  0.02587475
    2    2
  0.14610482  0.00000000    0.00583137  0.00157187   -0.00262141  0.00000000
  0.00583137 -0.00157187    0.15375741  0.00000000   -0.00583137  0.00157187
 -0.00262141  0.00000000   -0.00583137 -0.00157187    0.14610482  0.00000000

     Dynamical  Matrix in cartesian axes

     q = (   -0.625000000   0.625000000   0.375000000 ) 

    1    1
  0.14610482  0.00000000   -0.00262141  0.00000000   -0.00583137  0.00157187
 -0.00262141  0.00000000    0.14610482  0.00000000    0.00583137 -0.00157187
 -0.00583137 -0.00157187    0.00583137  0.00157187    0.15375741  0.00000000
    1    2
 -0.06289631 -0.02587475   -0.06484553  0.01829801   -0.04797159 -0.01995210
 -0.06484553  0.01829801   -0.06289631 -0.02587475    0.04797159  0.01995210
 -0.04797159 -0.01995210    0.04797159  0.01995210   -0.06982910 -0.02513094
    2    1
 -0.06289631  0.02587475   -0.06484553 -0.01829801   -0.04797159  0.01995210
 -0.06484553 -0.01829801   -0.06289631  0.02587475    0.04797159 -0.01995210
 -0.04797159  0.01995210    0.04797159 -0.01995210   -0.06982910  0.02513094
    2    2
  0.14610482  0.00000000   -0.00262141  0.00000000   -0.00583137 -0.00157187
 -0.00262141  0.00000000    0.14610482  0.00000000    0.00583137  0.00157187
 -0.00583137  0.00157187    0.00583137 -0.00157187    0.15375741  0.00000000

     Dynamical  Matrix in cartesian axes

     q = (   -0.375000000   0.625000000   0.625000000 ) 

    1    1
  0.15375741  0.00000000   -0.00583137 -0.00157187   -0.00583137 -0.00157187
 -0.00583137  0.00157187    0.14610482  0.00000000    0.00262141  0.00000000
 -0.00583137  0.00157187    0.00262141  0.00000000    0.14610482  0.00000000
    1    2
 -0.06714689  0.03160638   -0.04802930  0.01981277   -0.04802930  0.01981277
 -0.04802930  0.01981277   -0.06277062  0.02617819    0.03291406 -0.05879136
 -0.04802930  0.01981277    0.03291406 -0.05879136   -0.06277062  0.02617819
    2    1
 -0.06714689 -0.03160638   -0.04802930 -0.01981277   -0.04802930 -0.01981277
 -0.04802930 -0.01981277   -0.06277062 -0.02617819    0.03291406  0.05879136
 -0.04802930 -0.01981277    0.03291406  0.05879136   -0.06277062 -0.02617819
    2    2
  0.15375741  0.00000000   -0.00583137  0.00157187   -0.00583137  0.00157187
 -0.00583137 -0.00157187    0.14610482  0.00000000    0.00262141  0.00000000
 -0.00583137 -0.00157187    0.00262141  0.00000000    0.14610482  0.00000000

     Dynamical  Matrix in cartesian axes

     q = (    0.375000000   0.625000000  -0.625000000 ) 

    1    1
  0.15375741  0.00000000    0.00583137  0.00157187   -0.00583137 -0.00157187
  0.00583137 -0.00157187    0.14610482  0.00000000   -0.00262141  0.00000000
 -0.00583137  0.00157187   -0.00262141  0.00000000    0.14610482  0.00000000
    1    2
 -0.06982910 -0.02513094    0.04797159  0.01995210   -0.04797159 -0.01995210
  0.04797159  0.01995210   -0.06289631 -0.02587475   -0.06484553  0.01829801
 -0.04797159 -0.01995210   -0.06484553  0.01829801   -0.06289631 -0.02587475
    2    1
 -0.06982910  0.02513094    0.04797159 -0.01995210   -0.04797159  0.01995210
  0.04797159 -0.01995210   -0.06289631  0.02587475   -0.06484553 -0.01829801
 -0.04797159  0.01995210   -0.06484553 -0.01829801   -0.06289631  0.02587475
    2    2
  0.15375741  0.00000000    0.00583137 -0.00157187   -0.00583137  0.00157187
  0.00583137  0.00157187    0.14610482  0.00000000   -0.00262141  0.00000000
 -0.00583137 -0.00157187   -0.00262141  0.00000000    0.14610482  0.00000000

     Dynamical  Matrix in cartesian axes

     q = (   -0.375000000  -0.625000000  -0.625000000 ) 

    1    1
  0.15375741  0.00000000    0.00583137  0.00157187    0.00583137  0.00157187
  0.00583137 -0.00157187    0.14610482  0.00000000    0.00262141  0.00000000
  0.00583137 -0.00157187    0.00262141  0.00000000    0.14610482  0.00000000
    1    2
  0.06982910  0.02513094   -0.04797159 -0.01995210   -0.04797159 -0.01995210
 -0.04797159 -0.01995210    0.06289631  0.02587475   -0.06484553  0.01829801
 -0.04797159 -0.01995210   -0.06484553  0.01829801    0.06289631  0.02587475
    2    1
  0.06982910 -0.02513094   -0.04797159  0.01995210   -0.04797159  0.01995210
 -0.04797159  0.01995210    0.06289631 -0.02587475   -0.06484553 -0.01829801
 -0.04797159  0.01995210   -0.06484553 -0.01829801    0.06289631 -0.02587475
    2    2
  0.15375741  0.00000000    0.00583137 -0.00157187    0.00583137 -0.00157187
  0.00583137  0.00157187    0.14610482  0.00000000    0.00262141  0.00000000
  0.00583137  0.00157187    0.00262141  0.00000000    0.14610482  0.00000000

     Dynamical  Matrix in cartesian axes

     q = (    0.625000000   0.625000000  -0.375000000 ) 

    1    1
  0.14610482  0.00000000    0.00262141  0.00000000   -0.00583137  0.00157187
  0.00262141  0.00000000    0.14610482  0.00000000   -0.00583137  0.00157187
 -0.00583137 -0.00157187   -0.00583137 -0.00157187    0.15375741  0.00000000
    1    2
 -0.06277062  0.02617819    0.03291406 -0.05879136   -0.04802930  0.01981277
  0.03291406 -0.05879136   -0.06277062  0.02617819   -0.04802930  0.01981277
 -0.04802930  0.01981277   -0.04802930  0.01981277   -0.06714689  0.03160638
    2    1
 -0.06277062 -0.02617819    0.03291406  0.05879136   -0.04802930 -0.01981277
  0.03291406  0.05879136   -0.06277062 -0.02617819   -0.04802930 -0.01981277
 -0.04802930 -0.01981277   -0.04802930 -0.01981277   -0.06714689 -0.03160638
    2    2
  0.14610482  0.00000000    0.00262141  0.00000000   -0.00583137 -0.00157187
  0.00262141  0.00000000    0.14610482  0.00000000   -0.00583137 -0.00157187
 -0.00583137  0.00157187   -0.00583137  0.00157187    0.15375741  0.00000000

     Dynamical  Matrix in cartesian axes

     q = (   -0.625000000  -0.625000000  -0.375000000 ) 

    1    1
  0.14610482  0.00000000    0.00262141  0.00000000    0.00583137 -0.00157187
  0.00262141  0.00000000    0.14610482  0.00000000    0.00583137 -0.00157187
  0.00583137  0.00157187    0.00583137  0.00157187    0.15375741  0.00000000
    1    2
  0.06289631  0.02587475   -0.06484553  0.01829801   -0.04797159 -0.01995210
 -0.06484553  0.01829801    0.06289631  0.02587475   -0.04797159 -0.01995210
 -0.04797159 -0.01995210   -0.04797159 -0.01995210    0.06982910  0.02513094
    2    1
  0.06289631 -0.02587475   -0.06484553 -0.01829801   -0.04797159  0.01995210
 -0.06484553 -0.01829801    0.06289631 -0.02587475   -0.04797159  0.01995210
 -0.04797159  0.01995210   -0.04797159  0.01995210    0.06982910 -0.02513094
    2    2
  0.14610482  0.00000000    0.00262141  0.00000000    0.00583137  0.00157187
  0.00262141  0.00000000    0.14610482  0.00000000    0.00583137  0.00157187
  0.00583137 -0.00157187    0.00583137 -0.00157187    0.15375741  0.00000000

     Dynamical  Matrix in cartesian axes

     q = (    0.375000000  -0.625000000   0.625000000 ) 

    1    1
  0.15375741  0.00000000   -0.00583137 -0.00157187    0.00583137  0.00157187
 -0.00583137  0.00157187    0.14610482  0.00000000   -0.00262141  0.00000000
  0.00583137 -0.00157187   -0.00262141  0.00000000    0.14610482  0.00000000
    1    2
 -0.06982910 -0.02513094   -0.04797159 -0.01995210    0.04797159  0.01995210
 -0.04797159 -0.01995210   -0.06289631 -0.02587475   -0.06484553  0.01829801
  0.04797159  0.01995210   -0.06484553  0.01829801   -0.06289631 -0.02587475
    2    1
 -0.06982910  0.02513094   -0.04797159  0.01995210    0.04797159 -0.01995210
 -0.04797159  0.01995210   -0.06289631  0.02587475   -0.06484553 -0.01829801
  0.04797159 -0.01995210   -0.06484553 -0.01829801   -0.06289631  0.02587475
    2    2
  0.15375741  0.00000000   -0.00583137  0.00157187    0.00583137 -0.00157187
 -0.00583137 -0.00157187    0.14610482  0.00000000   -0.00262141  0.00000000
  0.00583137  0.00157187   -0.00262141  0.00000000    0.14610482  0.00000000

     Dynamical  Matrix in cartesian axes

     q = (    0.625000000  -0.625000000   0.375000000 ) 

    1    1
  0.14610482  0.00000000   -0.00262141  0.00000000    0.00583137 -0.00157187
 -0.00262141  0.00000000    0.14610482  0.00000000   -0.00583137  0.00157187
  0.00583137  0.00157187   -0.00583137 -0.00157187    0.15375741  0.00000000
    1    2
 -0.06289631 -0.02587475   -0.06484553  0.01829801    0.04797159  0.01995210
 -0.06484553  0.01829801   -0.06289631 -0.02587475   -0.04797159 -0.01995210
  0.04797159  0.01995210   -0.04797159 -0.01995210   -0.06982910 -0.02513094
    2    1
 -0.06289631  0.02587475   -0.06484553 -0.01829801    0.04797159 -0.01995210
 -0.06484553 -0.01829801   -0.06289631  0.02587475   -0.04797159  0.01995210
  0.04797159 -0.01995210   -0.04797159  0.01995210   -0.06982910  0.02513094
    2    2
  0.14610482  0.00000000   -0.00262141  0.00000000    0.00583137  0.00157187
 -0.00262141  0.00000000    0.14610482  0.00000000   -0.00583137 -0.00157187
  0.00583137 -0.00157187   -0.00583137  0.00157187    0.15375741  0.00000000

     Dynamical  Matrix in cartesian axes

     q = (    0.375000000   0.625000000   0.625000000 ) 

    1    1
  0.15375741  0.00000000    0.00583137 -0.00157187    0.00583137 -0.00157187
  0.00583137  0.00157187    0.14610482  0.00000000    0.00262141  0.00000000
  0.00583137  0.00157187    0.00262141  0.00000000    0.14610482  0.00000000
    1    2
  0.06982910 -0.02513094   -0.04797159  0.01995210   -0.04797159  0.01995210
 -0.04797159  0.01995210    0.06289631 -0.02587475   -0.06484553 -0.01829801
 -0.04797159  0.01995210   -0.06484553 -0.01829801    0.06289631 -0.02587475
    2    1
  0.06982910  0.02513094   -0.04797159 -0.01995210   -0.04797159 -0.01995210
 -0.04797159 -0.01995210    0.06289631  0.02587475   -0.06484553  0.01829801
 -0.04797159 -0.01995210   -0.06484553  0.01829801    0.06289631  0.02587475
    2    2
  0.15375741  0.00000000    0.00583137  0.00157187    0.00583137  0.00157187
  0.00583137 -0.00157187    0.14610482  0.00000000    0.00262141  0.00000000
  0.00583137 -0.00157187    0.00262141  0.00000000    0.14610482  0.00000000

     Dynamical  Matrix in cartesian axes

     q = (   -0.625000000  -0.625000000   0.375000000 ) 

    1    1
  0.14610482  0.00000000    0.00262141  0.00000000   -0.00583137 -0.00157187
  0.00262141  0.00000000    0.14610482  0.00000000   -0.00583137 -0.00157187
 -0.00583137  0.00157187   -0.00583137  0.00157187    0.15375741  0.00000000
    1    2
 -0.06277062 -0.02617819    0.03291406  0.05879136   -0.04802930 -0.01981277
  0.03291406  0.05879136   -0.06277062 -0.02617819   -0.04802930 -0.01981277
 -0.04802930 -0.01981277   -0.04802930 -0.01981277   -0.06714689 -0.03160638
    2    1
 -0.06277062  0.02617819    0.03291406 -0.05879136   -0.04802930  0.01981277
  0.03291406 -0.05879136   -0.06277062  0.02617819   -0.04802930  0.01981277
 -0.04802930  0.01981277   -0.04802930  0.01981277   -0.06714689  0.03160638
    2    2
  0.14610482  0.00000000    0.00262141  0.00000000   -0.00583137  0.00157187
  0.00262141  0.00000000    0.14610482  0.00000000   -0.00583137  0.00157187
 -0.00583137 -0.00157187   -0.00583137 -0.00157187    0.15375741  0.00000000

     Dynamical  Matrix in cartesian axes

     q = (   -0.375000000  -0.625000000   0.625000000 ) 

    1    1
  0.15375741  0.00000000    0.00583137 -0.00157187   -0.00583137  0.00157187
  0.00583137  0.00157187    0.14610482  0.00000000   -0.00262141  0.00000000
 -0.00583137 -0.00157187   -0.00262141  0.00000000    0.14610482  0.00000000
    1    2
 -0.06982910  0.02513094    0.04797159 -0.01995210   -0.04797159  0.01995210
  0.04797159 -0.01995210   -0.06289631  0.02587475   -0.06484553 -0.01829801
 -0.04797159  0.01995210   -0.06484553 -0.01829801   -0.06289631  0.02587475
    2    1
 -0.06982910 -0.02513094    0.04797159  0.01995210   -0.04797159 -0.01995210
  0.04797159  0.01995210   -0.06289631 -0.02587475   -0.06484553  0.01829801
 -0.04797159 -0.01995210   -0.06484553  0.01829801   -0.06289631 -0.02587475
    2    2
  0.15375741  0.00000000    0.00583137  0.00157187   -0.00583137 -0.00157187
  0.00583137 -0.00157187    0.14610482  0.00000000   -0.00262141  0.00000000
 -0.00583137  0.00157187   -0.00262141  0.00000000    0.14610482  0.00000000

     Dynamical  Matrix in cartesian axes

     q = (    0.625000000   0.625000000   0.375000000 ) 

    1    1
  0.14610482  0.00000000    0.00262141  0.00000000    0.00583137  0.00157187
  0.00262141  0.00000000    0.14610482  0.00000000    0.00583137  0.00157187
  0.00583137 -0.00157187    0.00583137 -0.00157187    0.15375741  0.00000000
    1    2
  0.06289631 -0.02587475   -0.06484553 -0.01829801   -0.04797159  0.01995210
 -0.06484553 -0.01829801    0.06289631 -0.02587475   -0.04797159  0.01995210
 -0.04797159  0.01995210   -0.04797159  0.01995210    0.06982910 -0.02513094
    2    1
  0.06289631  0.02587475   -0.06484553  0.01829801   -0.04797159 -0.01995210
 -0.06484553  0.01829801    0.06289631  0.02587475   -0.04797159 -0.01995210
 -0.04797159 -0.01995210   -0.04797159 -0.01995210    0.06982910  0.02513094
    2    2
  0.14610482  0.00000000    0.00262141  0.00000000    0.00583137 -0.00157187
  0.00262141  0.00000000    0.14610482  0.00000000    0.00583137 -0.00157187
  0.00583137  0.00157187    0.00583137  0.00157187    0.15375741  0.00000000

     Dynamical  Matrix in cartesian axes

     q = (    0.375000000  -0.625000000  -0.625000000 ) 

    1    1
  0.15375741  0.00000000   -0.00583137  0.00157187   -0.00583137  0.00157187
 -0.00583137 -0.00157187    0.14610482  0.00000000    0.00262141  0.00000000
 -0.00583137 -0.00157187    0.00262141  0.00000000    0.14610482  0.00000000
    1    2
 -0.06714689 -0.03160638   -0.04802930 -0.01981277   -0.04802930 -0.01981277
 -0.04802930 -0.01981277   -0.06277062 -0.02617819    0.03291406  0.05879136
 -0.04802930 -0.01981277    0.03291406  0.05879136   -0.06277062 -0.02617819
    2    1
 -0.06714689  0.03160638   -0.04802930  0.01981277   -0.04802930  0.01981277
 -0.04802930  0.01981277   -0.06277062  0.02617819    0.03291406 -0.05879136
 -0.04802930  0.01981277    0.03291406 -0.05879136   -0.06277062  0.02617819
    2    2
  0.15375741  0.00000000   -0.00583137 -0.00157187   -0.00583137 -0.00157187
 -0.00583137  0.00157187    0.14610482  0.00000000    0.00262141  0.00000000
 -0.00583137  0.00157187    0.00262141  0.00000000    0.14610482  0.00000000

     Dynamical  Matrix in cartesian axes

     q = (    0.625000000  -0.625000000  -0.375000000 ) 

    1    1
  0.14610482  0.00000000   -0.00262141  0.00000000   -0.00583137 -0.00157187
 -0.00262141  0.00000000    0.14610482  0.00000000    0.00583137  0.00157187
 -0.00583137  0.00157187    0.00583137 -0.00157187    0.15375741  0.00000000
    1    2
 -0.06289631  0.02587475   -0.06484553 -0.01829801   -0.04797159  0.01995210
 -0.06484553 -0.01829801   -0.06289631  0.02587475    0.04797159 -0.01995210
 -0.04797159  0.01995210    0.04797159 -0.01995210   -0.06982910  0.02513094
    2    1
 -0.06289631 -0.02587475   -0.06484553  0.01829801   -0.04797159 -0.01995210
 -0.06484553  0.01829801   -0.06289631 -0.02587475    0.04797159  0.01995210
 -0.04797159 -0.01995210    0.04797159  0.01995210   -0.06982910 -0.02513094
    2    2
  0.14610482  0.00000000   -0.00262141  0.00000000   -0.00583137  0.00157187
 -0.00262141  0.00000000    0.14610482  0.00000000    0.00583137 -0.00157187
 -0.00583137 -0.00157187    0.00583137  0.00157187    0.15375741  0.00000000

     Diagonalizing the dynamical matrix

     q = (    0.625000000  -0.375000000   0.625000000 ) 

 **************************************************************************
     freq (    1) =       1.245866 [THz] =      41.557608 [cm-1]
 ( -0.373867  0.332000 -0.000000 -0.000000  0.373867 -0.332000 ) 
 ( -0.500000 -0.000000  0.000000 -0.000000  0.500000  0.000000 ) 
     freq (    2) =       1.271077 [THz] =      42.398555 [cm-1]
 ( -0.308666 -0.065115 -0.540272  0.095270 -0.308666 -0.065115 ) 
 ( -0.315459 -0.000000 -0.508973 -0.204738 -0.315459  0.000000 ) 
     freq (    3) =       3.422013 [THz] =     114.146084 [cm-1]
 (  0.283226 -0.292942 -0.122993  0.390907  0.283226 -0.292942 ) 
 ( -0.407470 -0.000000  0.366525  0.183290 -0.407470  0.000000 ) 
     freq (    4) =       4.433961 [THz] =     147.901017 [cm-1]
 (  0.267909 -0.265805 -0.136363  0.443340  0.267909 -0.265805 ) 
 (  0.377396  0.000000 -0.409053 -0.218679  0.377396  0.000000 ) 
     freq (    5) =       5.210880 [THz] =     173.816238 [cm-1]
 ( -0.373867  0.332000 -0.000000  0.000000  0.373867 -0.332000 ) 
 (  0.500000  0.000000  0.000000  0.000000 -0.500000  0.000000 ) 
     freq (    6) =       5.246846 [THz] =     175.015934 [cm-1]
 (  0.273846  0.130515  0.557385 -0.072596  0.273846  0.130515 ) 
 ( -0.303357 -0.000000 -0.471927 -0.305341 -0.303357  0.000000 ) 
 **************************************************************************
