Dynamical matrix file
                                                                           
  1    2  2 12.5600000  0.0000000  0.0000000  0.0000000  0.0000000  0.0000000
           1  'Sn  '    108197.54598352207     
    1    1      0.0000000000      0.0000000000      0.0000000000
    2    1      0.2500000000      0.2500000000      0.2500000000

     Dynamical  Matrix in cartesian axes

     q = (    0.500000000  -0.250000000   0.750000000 ) 

    1    1
  0.13737807  0.00000000   -0.00236524  0.00153772    0.00236524  0.00153772
 -0.00236524 -0.00153772    0.14808262  0.00000000   -0.00176487 -0.00326123
  0.00236524 -0.00153772   -0.00176487  0.00326123    0.14808262  0.00000000
    1    2
 -0.03240807  0.03240807   -0.06930021  0.01284523    0.01284523 -0.06930021
 -0.06930021  0.01284523   -0.03637816  0.04091808   -0.02886359  0.02886359
  0.01284523 -0.06930021   -0.02886359  0.02886359   -0.04091808  0.03637816
    2    1
 -0.03240807 -0.03240807   -0.06930021 -0.01284523    0.01284523  0.06930021
 -0.06930021 -0.01284523   -0.03637816 -0.04091808   -0.02886359 -0.02886359
  0.01284523  0.06930021   -0.02886359 -0.02886359   -0.04091808 -0.03637816
    2    2
  0.13737807  0.00000000   -0.00236524 -0.00153772    0.00236524 -0.00153772
 -0.00236524  0.00153772    0.14808262  0.00000000   -0.00176487  0.00326123
  0.00236524  0.00153772   -0.00176487 -0.00326123    0.14808262  0.00000000

     Dynamical  Matrix in cartesian axes

     q = (    0.500000000   0.250000000   0.750000000 ) 

    1    1
  0.13737807  0.00000000    0.00236524  0.00153772    0.00236524 -0.00153772
  0.00236524 -0.00153772    0.14808262  0.00000000    0.00176487 -0.00326123
  0.00236524  0.00153772    0.00176487  0.00326123    0.14808262  0.00000000
    1    2
  0.04583193  0.00000000   -0.05808560  0.03991970   -0.05808560 -0.03991970
 -0.05808560  0.03991970    0.05465670  0.00321021   -0.04081928 -0.00000000
 -0.05808560 -0.03991970   -0.04081928 -0.00000000    0.05465670 -0.00321021
    2    1
  0.04583193 -0.00000000   -0.05808560 -0.03991970   -0.05808560  0.03991970
 -0.05808560 -0.03991970    0.05465670 -0.00321021   -0.04081928  0.00000000
 -0.05808560  0.03991970   -0.04081928  0.00000000    0.05465670  0.00321021
    2    2
  0.13737807  0.00000000    0.00236524 -0.00153772    0.00236524  0.00153772
  0.00236524  0.00153772    0.14808262  0.00000000    0.00176487  0.00326123
  0.00236524 -0.00153772    0.00176487 -0.00326123    0.14808262  0.00000000

     Dynamical  Matrix in cartesian axes

     q = (    0.500000000   0.250000000  -0.750000000 ) 

    1    1
  0.13737807  0.00000000    0.00236524 -0.00153772   -0.00236524 -0.00153772
  0.00236524  0.00153772    0.14808262  0.00000000   -0.00176487 -0.00326123
 -0.00236524  0.00153772   -0.00176487  0.00326123    0.14808262  0.00000000
    1    2
 -0.03240807 -0.03240807    0.01284523  0.06930021   -0.06930021 -0.01284523
  0.01284523  0.06930021   -0.04091808 -0.03637816   -0.02886359 -0.02886359
 -0.06930021 -0.01284523   -0.02886359 -0.02886359   -0.03637816 -0.04091808
    2    1
 -0.03240807  0.03240807    0.01284523 -0.06930021   -0.06930021  0.01284523
  0.01284523 -0.06930021   -0.04091808  0.03637816   -0.02886359  0.02886359
 -0.06930021  0.01284523   -0.02886359  0.02886359   -0.03637816  0.04091808
    2    2
  0.13737807  0.00000000    0.00236524  0.00153772   -0.00236524  0.00153772
  0.00236524 -0.00153772    0.14808262  0.00000000   -0.00176487  0.00326123
 -0.00236524 -0.00153772   -0.00176487 -0.00326123    0.14808262  0.00000000

     Dynamical  Matrix in cartesian axes

     q = (   -0.500000000   0.250000000  -0.750000000 ) 

    1    1
  0.13737807  0.00000000   -0.00236524 -0.00153772    0.00236524 -0.00153772
 -0.00236524  0.00153772    0.14808262  0.00000000   -0.00176487  0.00326123
  0.00236524  0.00153772   -0.00176487 -0.00326123    0.14808262  0.00000000
    1    2
 -0.03240807 -0.03240807   -0.06930021 -0.01284523    0.01284523  0.06930021
 -0.06930021 -0.01284523   -0.03637816 -0.04091808   -0.02886359 -0.02886359
  0.01284523  0.06930021   -0.02886359 -0.02886359   -0.04091808 -0.03637816
    2    1
 -0.03240807  0.03240807   -0.06930021  0.01284523    0.01284523 -0.06930021
 -0.06930021  0.01284523   -0.03637816  0.04091808   -0.02886359  0.02886359
  0.01284523 -0.06930021   -0.02886359  0.02886359   -0.04091808  0.03637816
    2    2
  0.13737807  0.00000000   -0.00236524  0.00153772    0.00236524  0.00153772
 -0.00236524 -0.00153772    0.14808262  0.00000000   -0.00176487 -0.00326123
  0.00236524 -0.00153772   -0.00176487  0.00326123    0.14808262  0.00000000

     Dynamical  Matrix in cartesian axes

     q = (   -0.500000000   0.250000000   0.750000000 ) 

    1    1
  0.13737807  0.00000000   -0.00236524  0.00153772   -0.00236524 -0.00153772
 -0.00236524 -0.00153772    0.14808262  0.00000000    0.00176487  0.00326123
 -0.00236524  0.00153772    0.00176487 -0.00326123    0.14808262  0.00000000
    1    2
 -0.04583193  0.00000000   -0.05808560 -0.03991970   -0.05808560  0.03991970
 -0.05808560 -0.03991970   -0.05465670  0.00321021    0.04081928  0.00000000
 -0.05808560  0.03991970    0.04081928  0.00000000   -0.05465670 -0.00321021
    2    1
 -0.04583193  0.00000000   -0.05808560  0.03991970   -0.05808560 -0.03991970
 -0.05808560  0.03991970   -0.05465670 -0.00321021    0.04081928  0.00000000
 -0.05808560 -0.03991970    0.04081928  0.00000000   -0.05465670  0.00321021
    2    2
  0.13737807  0.00000000   -0.00236524 -0.00153772   -0.00236524  0.00153772
 -0.00236524  0.00153772    0.14808262  0.00000000    0.00176487 -0.00326123
 -0.00236524 -0.00153772    0.00176487  0.00326123    0.14808262  0.00000000

     Dynamical  Matrix in cartesian axes

     q = (    0.750000000  -0.250000000  -0.500000000 ) 

    1    1
  0.14808262  0.00000000   -0.00176487 -0.00326123   -0.00236524 -0.00153772
 -0.00176487  0.00326123    0.14808262  0.00000000    0.00236524 -0.00153772
 -0.00236524  0.00153772    0.00236524  0.00153772    0.13737807  0.00000000
    1    2
 -0.03637816  0.04091808   -0.02886359  0.02886359   -0.06930021  0.01284523
 -0.02886359  0.02886359   -0.04091808  0.03637816    0.01284523 -0.06930021
 -0.06930021  0.01284523    0.01284523 -0.06930021   -0.03240807  0.03240807
    2    1
 -0.03637816 -0.04091808   -0.02886359 -0.02886359   -0.06930021 -0.01284523
 -0.02886359 -0.02886359   -0.04091808 -0.03637816    0.01284523  0.06930021
 -0.06930021 -0.01284523    0.01284523  0.06930021   -0.03240807 -0.03240807
    2    2
  0.14808262  0.00000000   -0.00176487  0.00326123   -0.00236524  0.00153772
 -0.00176487 -0.00326123    0.14808262  0.00000000    0.00236524  0.00153772
 -0.00236524 -0.00153772    0.00236524 -0.00153772    0.13737807  0.00000000

     Dynamical  Matrix in cartesian axes

     q = (   -0.750000000  -0.250000000   0.500000000 ) 

    1    1
  0.14808262  0.00000000    0.00176487  0.00326123   -0.00236524 -0.00153772
  0.00176487 -0.00326123    0.14808262  0.00000000   -0.00236524  0.00153772
 -0.00236524  0.00153772   -0.00236524 -0.00153772    0.13737807  0.00000000
    1    2
 -0.05465670  0.00321021    0.04081928  0.00000000   -0.05808560 -0.03991970
  0.04081928  0.00000000   -0.05465670 -0.00321021   -0.05808560  0.03991970
 -0.05808560 -0.03991970   -0.05808560  0.03991970   -0.04583193  0.00000000
    2    1
 -0.05465670 -0.00321021    0.04081928  0.00000000   -0.05808560  0.03991970
  0.04081928  0.00000000   -0.05465670  0.00321021   -0.05808560 -0.03991970
 -0.05808560  0.03991970   -0.05808560 -0.03991970   -0.04583193 -0.00000000
    2    2
  0.14808262  0.00000000    0.00176487 -0.00326123   -0.00236524  0.00153772
  0.00176487  0.00326123    0.14808262  0.00000000   -0.00236524 -0.00153772
 -0.00236524 -0.00153772   -0.00236524  0.00153772    0.13737807  0.00000000

     Dynamical  Matrix in cartesian axes

     q = (    0.750000000   0.250000000   0.500000000 ) 

    1    1
  0.14808262  0.00000000    0.00176487  0.00326123    0.00236524  0.00153772
  0.00176487 -0.00326123    0.14808262  0.00000000    0.00236524 -0.00153772
  0.00236524 -0.00153772    0.00236524  0.00153772    0.13737807  0.00000000
    1    2
  0.05465670 -0.00321021   -0.04081928 -0.00000000   -0.05808560 -0.03991970
 -0.04081928 -0.00000000    0.05465670  0.00321021   -0.05808560  0.03991970
 -0.05808560 -0.03991970   -0.05808560  0.03991970    0.04583193  0.00000000
    2    1
  0.05465670  0.00321021   -0.04081928  0.00000000   -0.05808560  0.03991970
 -0.04081928  0.00000000    0.05465670 -0.00321021   -0.05808560 -0.03991970
 -0.05808560  0.03991970   -0.05808560 -0.03991970    0.04583193 -0.00000000
    2    2
  0.14808262  0.00000000    0.00176487 -0.00326123    0.00236524 -0.00153772
  0.00176487  0.00326123    0.14808262  0.00000000    0.00236524  0.00153772
  0.00236524  0.00153772    0.00236524 -0.00153772    0.13737807  0.00000000

     Dynamical  Matrix in cartesian axes

     q = (   -0.750000000   0.250000000   0.500000000 ) 

    1    1
  0.14808262  0.00000000   -0.00176487  0.00326123   -0.00236524  0.00153772
 -0.00176487 -0.00326123    0.14808262  0.00000000    0.00236524  0.00153772
 -0.00236524 -0.00153772    0.00236524 -0.00153772    0.13737807  0.00000000
    1    2
 -0.03637816 -0.04091808   -0.02886359 -0.02886359   -0.06930021 -0.01284523
 -0.02886359 -0.02886359   -0.04091808 -0.03637816    0.01284523  0.06930021
 -0.06930021 -0.01284523    0.01284523  0.06930021   -0.03240807 -0.03240807
    2    1
 -0.03637816  0.04091808   -0.02886359  0.02886359   -0.06930021  0.01284523
 -0.02886359  0.02886359   -0.04091808  0.03637816    0.01284523 -0.06930021
 -0.06930021  0.01284523    0.01284523 -0.06930021   -0.03240807  0.03240807
    2    2
  0.14808262  0.00000000   -0.00176487 -0.00326123   -0.00236524 -0.00153772
 -0.00176487  0.00326123    0.14808262  0.00000000    0.00236524 -0.00153772
 -0.00236524  0.00153772    0.00236524  0.00153772    0.13737807  0.00000000

     Dynamical  Matrix in cartesian axes

     q = (    0.750000000   0.250000000  -0.500000000 ) 

    1    1
  0.14808262  0.00000000    0.00176487 -0.00326123   -0.00236524  0.00153772
  0.00176487  0.00326123    0.14808262  0.00000000   -0.00236524 -0.00153772
 -0.00236524 -0.00153772   -0.00236524  0.00153772    0.13737807  0.00000000
    1    2
 -0.05465670 -0.00321021    0.04081928  0.00000000   -0.05808560  0.03991970
  0.04081928  0.00000000   -0.05465670  0.00321021   -0.05808560 -0.03991970
 -0.05808560  0.03991970   -0.05808560 -0.03991970   -0.04583193 -0.00000000
    2    1
 -0.05465670  0.00321021    0.04081928  0.00000000   -0.05808560 -0.03991970
  0.04081928  0.00000000   -0.05465670 -0.00321021   -0.05808560  0.03991970
 -0.05808560 -0.03991970   -0.05808560  0.03991970   -0.04583193  0.00000000
    2    2
  0.14808262  0.00000000    0.00176487  0.00326123   -0.00236524 -0.00153772
  0.00176487 -0.00326123    0.14808262  0.00000000   -0.00236524  0.00153772
 -0.00236524  0.00153772   -0.00236524 -0.00153772    0.13737807  0.00000000

     Dynamical  Matrix in cartesian axes

     q = (   -0.750000000   0.250000000  -0.500000000 ) 

    1    1
  0.14808262  0.00000000   -0.00176487 -0.00326123    0.00236524  0.00153772
 -0.00176487  0.00326123    0.14808262  0.00000000   -0.00236524  0.00153772
  0.00236524 -0.00153772   -0.00236524 -0.00153772    0.13737807  0.00000000
    1    2
 -0.04091808 -0.03637816   -0.02886359 -0.02886359    0.01284523  0.06930021
 -0.02886359 -0.02886359   -0.03637816 -0.04091808   -0.06930021 -0.01284523
  0.01284523  0.06930021   -0.06930021 -0.01284523   -0.03240807 -0.03240807
    2    1
 -0.04091808  0.03637816   -0.02886359  0.02886359    0.01284523 -0.06930021
 -0.02886359  0.02886359   -0.03637816  0.04091808   -0.06930021  0.01284523
  0.01284523 -0.06930021   -0.06930021  0.01284523   -0.03240807  0.03240807
    2    2
  0.14808262  0.00000000   -0.00176487  0.00326123    0.00236524 -0.00153772
 -0.00176487 -0.00326123    0.14808262  0.00000000   -0.00236524 -0.00153772
  0.00236524  0.00153772   -0.00236524  0.00153772    0.13737807  0.00000000

     Dynamical  Matrix in cartesian axes

     q = (   -0.500000000  -0.250000000  -0.750000000 ) 

    1    1
  0.13737807  0.00000000    0.00236524 -0.00153772    0.00236524  0.00153772
  0.00236524  0.00153772    0.14808262  0.00000000    0.00176487  0.00326123
  0.00236524 -0.00153772    0.00176487 -0.00326123    0.14808262  0.00000000
    1    2
  0.04583193 -0.00000000   -0.05808560 -0.03991970   -0.05808560  0.03991970
 -0.05808560 -0.03991970    0.05465670 -0.00321021   -0.04081928  0.00000000
 -0.05808560  0.03991970   -0.04081928  0.00000000    0.05465670  0.00321021
    2    1
  0.04583193  0.00000000   -0.05808560  0.03991970   -0.05808560 -0.03991970
 -0.05808560  0.03991970    0.05465670  0.00321021   -0.04081928 -0.00000000
 -0.05808560 -0.03991970   -0.04081928 -0.00000000    0.05465670 -0.00321021
    2    2
  0.13737807  0.00000000    0.00236524  0.00153772    0.00236524 -0.00153772
  0.00236524 -0.00153772    0.14808262  0.00000000    0.00176487 -0.00326123
  0.00236524  0.00153772    0.00176487  0.00326123    0.14808262  0.00000000

     Dynamical  Matrix in cartesian axes

     q = (    0.750000000  -0.250000000   0.500000000 ) 

    1    1
  0.14808262  0.00000000   -0.00176487  0.00326123    0.00236524 -0.00153772
 -0.00176487 -0.00326123    0.14808262  0.00000000   -0.00236524 -0.00153772
  0.00236524  0.00153772   -0.00236524  0.00153772    0.13737807  0.00000000
    1    2
 -0.04091808  0.03637816   -0.02886359  0.02886359    0.01284523 -0.06930021
 -0.02886359  0.02886359   -0.03637816  0.04091808   -0.06930021  0.01284523
  0.01284523 -0.06930021   -0.06930021  0.01284523   -0.03240807  0.03240807
    2    1
 -0.04091808 -0.03637816   -0.02886359 -0.02886359    0.01284523  0.06930021
 -0.02886359 -0.02886359   -0.03637816 -0.04091808   -0.06930021 -0.01284523
  0.01284523  0.06930021   -0.06930021 -0.01284523   -0.03240807 -0.03240807
    2    2
  0.14808262  0.00000000   -0.00176487 -0.00326123    0.00236524  0.00153772
 -0.00176487  0.00326123    0.14808262  0.00000000   -0.00236524  0.00153772
  0.00236524 -0.00153772   -0.00236524 -0.00153772    0.13737807  0.00000000

     Dynamical  Matrix in cartesian axes

     q = (   -0.500000000  -0.250000000   0.750000000 ) 

    1    1
  0.13737807  0.00000000    0.00236524  0.00153772   -0.00236524  0.00153772
  0.00236524 -0.00153772    0.14808262  0.00000000   -0.00176487  0.00326123
 -0.00236524 -0.00153772   -0.00176487 -0.00326123    0.14808262  0.00000000
    1    2
 -0.03240807  0.03240807    0.01284523 -0.06930021   -0.06930021  0.01284523
  0.01284523 -0.06930021   -0.04091808  0.03637816   -0.02886359  0.02886359
 -0.06930021  0.01284523   -0.02886359  0.02886359   -0.03637816  0.04091808
    2    1
 -0.03240807 -0.03240807    0.01284523  0.06930021   -0.06930021 -0.01284523
  0.01284523  0.06930021   -0.04091808 -0.03637816   -0.02886359 -0.02886359
 -0.06930021 -0.01284523   -0.02886359 -0.02886359   -0.03637816 -0.04091808
    2    2
  0.13737807  0.00000000    0.00236524 -0.00153772   -0.00236524 -0.00153772
  0.00236524  0.00153772    0.14808262  0.00000000   -0.00176487 -0.00326123
 -0.00236524  0.00153772   -0.00176487  0.00326123    0.14808262  0.00000000

     Dynamical  Matrix in cartesian axes

     q = (   -0.750000000  -0.250000000  -0.500000000 ) 

    1    1
  0.14808262  0.00000000    0.00176487 -0.00326123    0.00236524 -0.00153772
  0.00176487  0.00326123    0.14808262  0.00000000    0.00236524  0.00153772
  0.00236524  0.00153772    0.00236524 -0.00153772    0.13737807  0.00000000
    1    2
  0.05465670  0.00321021   -0.04081928  0.00000000   -0.05808560  0.03991970
 -0.04081928  0.00000000    0.05465670 -0.00321021   -0.05808560 -0.03991970
 -0.05808560  0.03991970   -0.05808560 -0.03991970    0.04583193 -0.00000000
    2    1
  0.05465670 -0.00321021   -0.04081928 -0.00000000   -0.05808560 -0.03991970
 -0.04081928 -0.00000000    0.05465670  0.00321021   -0.05808560  0.03991970
 -0.05808560 -0.03991970   -0.05808560  0.03991970    0.04583193  0.00000000
    2    2
  0.14808262  0.00000000    0.00176487  0.00326123    0.00236524  0.00153772
  0.00176487 -0.00326123    0.14808262  0.00000000    0.00236524 -0.00153772
  0.00236524 -0.00153772    0.00236524  0.00153772    0.13737807  0.00000000

     Dynamical  Matrix in cartesian axes

     q = (   -0.250000000   0.500000000  -0.750000000 ) 

    1    1
  0.14808262  0.00000000   -0.00236524  0.00153772    0.00176487 -0.00326123
 -0.00236524 -0.00153772    0.13737807  0.00000000   -0.00236524  0.00153772
  0.00176487  0.00326123   -0.00236524 -0.00153772    0.14808262  0.00000000
    1    2
 -0.05465670 -0.00321021   -0.05808560  0.03991970    0.04081928  0.00000000
 -0.05808560  0.03991970   -0.04583193  0.00000000   -0.05808560 -0.03991970
  0.04081928  0.00000000   -0.05808560 -0.03991970   -0.05465670  0.00321021
    2    1
 -0.05465670  0.00321021   -0.05808560 -0.03991970    0.04081928  0.00000000
 -0.05808560 -0.03991970   -0.04583193 -0.00000000   -0.05808560  0.03991970
  0.04081928  0.00000000   -0.05808560  0.03991970   -0.05465670 -0.00321021
    2    2
  0.14808262  0.00000000   -0.00236524 -0.00153772    0.00176487  0.00326123
 -0.00236524  0.00153772    0.13737807  0.00000000   -0.00236524 -0.00153772
  0.00176487 -0.00326123   -0.00236524  0.00153772    0.14808262  0.00000000

     Dynamical  Matrix in cartesian axes

     q = (    0.750000000   0.500000000  -0.250000000 ) 

    1    1
  0.14808262  0.00000000    0.00236524 -0.00153772   -0.00176487  0.00326123
  0.00236524  0.00153772    0.13737807  0.00000000   -0.00236524  0.00153772
 -0.00176487 -0.00326123   -0.00236524 -0.00153772    0.14808262  0.00000000
    1    2
 -0.04091808  0.03637816    0.01284523 -0.06930021   -0.02886359  0.02886359
  0.01284523 -0.06930021   -0.03240807  0.03240807   -0.06930021  0.01284523
 -0.02886359  0.02886359   -0.06930021  0.01284523   -0.03637816  0.04091808
    2    1
 -0.04091808 -0.03637816    0.01284523  0.06930021   -0.02886359 -0.02886359
  0.01284523  0.06930021   -0.03240807 -0.03240807   -0.06930021 -0.01284523
 -0.02886359 -0.02886359   -0.06930021 -0.01284523   -0.03637816 -0.04091808
    2    2
  0.14808262  0.00000000    0.00236524  0.00153772   -0.00176487 -0.00326123
  0.00236524 -0.00153772    0.13737807  0.00000000   -0.00236524 -0.00153772
 -0.00176487  0.00326123   -0.00236524  0.00153772    0.14808262  0.00000000

     Dynamical  Matrix in cartesian axes

     q = (   -0.750000000  -0.500000000  -0.250000000 ) 

    1    1
  0.14808262  0.00000000    0.00236524 -0.00153772    0.00176487 -0.00326123
  0.00236524  0.00153772    0.13737807  0.00000000    0.00236524 -0.00153772
  0.00176487  0.00326123    0.00236524  0.00153772    0.14808262  0.00000000
    1    2
  0.05465670  0.00321021   -0.05808560  0.03991970   -0.04081928  0.00000000
 -0.05808560  0.03991970    0.04583193 -0.00000000   -0.05808560 -0.03991970
 -0.04081928  0.00000000   -0.05808560 -0.03991970    0.05465670 -0.00321021
    2    1
  0.05465670 -0.00321021   -0.05808560 -0.03991970   -0.04081928 -0.00000000
 -0.05808560 -0.03991970    0.04583193  0.00000000   -0.05808560  0.03991970
 -0.04081928 -0.00000000   -0.05808560  0.03991970    0.05465670  0.00321021
    2    2
  0.14808262  0.00000000    0.00236524  0.00153772    0.00176487  0.00326123
  0.00236524 -0.00153772    0.13737807  0.00000000    0.00236524  0.00153772
  0.00176487 -0.00326123    0.00236524 -0.00153772    0.14808262  0.00000000

     Dynamical  Matrix in cartesian axes

     q = (   -0.750000000   0.500000000   0.250000000 ) 

    1    1
  0.14808262  0.00000000   -0.00236524  0.00153772   -0.00176487  0.00326123
 -0.00236524 -0.00153772    0.13737807  0.00000000    0.00236524 -0.00153772
 -0.00176487 -0.00326123    0.00236524  0.00153772    0.14808262  0.00000000
    1    2
 -0.03637816 -0.04091808   -0.06930021 -0.01284523   -0.02886359 -0.02886359
 -0.06930021 -0.01284523   -0.03240807 -0.03240807    0.01284523  0.06930021
 -0.02886359 -0.02886359    0.01284523  0.06930021   -0.04091808 -0.03637816
    2    1
 -0.03637816  0.04091808   -0.06930021  0.01284523   -0.02886359  0.02886359
 -0.06930021  0.01284523   -0.03240807  0.03240807    0.01284523 -0.06930021
 -0.02886359  0.02886359    0.01284523 -0.06930021   -0.04091808  0.03637816
    2    2
  0.14808262  0.00000000   -0.00236524 -0.00153772   -0.00176487 -0.00326123
 -0.00236524  0.00153772    0.13737807  0.00000000    0.00236524  0.00153772
 -0.00176487  0.00326123    0.00236524 -0.00153772    0.14808262  0.00000000

     Dynamical  Matrix in cartesian axes

     q = (    0.250000000  -0.500000000   0.750000000 ) 

    1    1
  0.14808262  0.00000000   -0.00236524 -0.00153772    0.00176487  0.00326123
 -0.00236524  0.00153772    0.13737807  0.00000000   -0.00236524 -0.00153772
  0.00176487 -0.00326123   -0.00236524  0.00153772    0.14808262  0.00000000
    1    2
 -0.05465670  0.00321021   -0.05808560 -0.03991970    0.04081928  0.00000000
 -0.05808560 -0.03991970   -0.04583193 -0.00000000   -0.05808560  0.03991970
  0.04081928  0.00000000   -0.05808560  0.03991970   -0.05465670 -0.00321021
    2    1
 -0.05465670 -0.00321021   -0.05808560  0.03991970    0.04081928  0.00000000
 -0.05808560  0.03991970   -0.04583193  0.00000000   -0.05808560 -0.03991970
  0.04081928  0.00000000   -0.05808560 -0.03991970   -0.05465670  0.00321021
    2    2
  0.14808262  0.00000000   -0.00236524  0.00153772    0.00176487 -0.00326123
 -0.00236524 -0.00153772    0.13737807  0.00000000   -0.00236524  0.00153772
  0.00176487  0.00326123   -0.00236524 -0.00153772    0.14808262  0.00000000

     Dynamical  Matrix in cartesian axes

     q = (   -0.250000000   0.500000000   0.750000000 ) 

    1    1
  0.14808262  0.00000000   -0.00236524 -0.00153772   -0.00176487 -0.00326123
 -0.00236524  0.00153772    0.13737807  0.00000000    0.00236524  0.00153772
 -0.00176487  0.00326123    0.00236524 -0.00153772    0.14808262  0.00000000
    1    2
 -0.03637816  0.04091808   -0.06930021  0.01284523   -0.02886359  0.02886359
 -0.06930021  0.01284523   -0.03240807  0.03240807    0.01284523 -0.06930021
 -0.02886359  0.02886359    0.01284523 -0.06930021   -0.04091808  0.03637816
    2    1
 -0.03637816 -0.04091808   -0.06930021 -0.01284523   -0.02886359 -0.02886359
 -0.06930021 -0.01284523   -0.03240807 -0.03240807    0.01284523  0.06930021
 -0.02886359 -0.02886359    0.01284523  0.06930021   -0.04091808 -0.03637816
    2    2
  0.14808262  0.00000000   -0.00236524  0.00153772   -0.00176487  0.00326123
 -0.00236524 -0.00153772    0.13737807  0.00000000    0.00236524 -0.00153772
 -0.00176487 -0.00326123    0.00236524  0.00153772    0.14808262  0.00000000

     Dynamical  Matrix in cartesian axes

     q = (    0.250000000   0.500000000  -0.750000000 ) 

    1    1
  0.14808262  0.00000000    0.00236524  0.00153772   -0.00176487 -0.00326123
  0.00236524 -0.00153772    0.13737807  0.00000000   -0.00236524 -0.00153772
 -0.00176487  0.00326123   -0.00236524  0.00153772    0.14808262  0.00000000
    1    2
 -0.04091808 -0.03637816    0.01284523  0.06930021   -0.02886359 -0.02886359
  0.01284523  0.06930021   -0.03240807 -0.03240807   -0.06930021 -0.01284523
 -0.02886359 -0.02886359   -0.06930021 -0.01284523   -0.03637816 -0.04091808
    2    1
 -0.04091808  0.03637816    0.01284523 -0.06930021   -0.02886359  0.02886359
  0.01284523 -0.06930021   -0.03240807  0.03240807   -0.06930021  0.01284523
 -0.02886359  0.02886359   -0.06930021  0.01284523   -0.03637816  0.04091808
    2    2
  0.14808262  0.00000000    0.00236524 -0.00153772   -0.00176487  0.00326123
  0.00236524  0.00153772    0.13737807  0.00000000   -0.00236524  0.00153772
 -0.00176487 -0.00326123   -0.00236524 -0.00153772    0.14808262  0.00000000

     Dynamical  Matrix in cartesian axes

     q = (   -0.250000000  -0.500000000  -0.750000000 ) 

    1    1
  0.14808262  0.00000000    0.00236524  0.00153772    0.00176487  0.00326123
  0.00236524 -0.00153772    0.13737807  0.00000000    0.00236524  0.00153772
  0.00176487 -0.00326123    0.00236524 -0.00153772    0.14808262  0.00000000
    1    2
  0.05465670 -0.00321021   -0.05808560 -0.03991970   -0.04081928  0.00000000
 -0.05808560 -0.03991970    0.04583193 -0.00000000   -0.05808560  0.03991970
 -0.04081928  0.00000000   -0.05808560  0.03991970    0.05465670  0.00321021
    2    1
  0.05465670  0.00321021   -0.05808560  0.03991970   -0.04081928 -0.00000000
 -0.05808560  0.03991970    0.04583193  0.00000000   -0.05808560 -0.03991970
 -0.04081928 -0.00000000   -0.05808560 -0.03991970    0.05465670 -0.00321021
    2    2
  0.14808262  0.00000000    0.00236524 -0.00153772    0.00176487 -0.00326123
  0.00236524  0.00153772    0.13737807  0.00000000    0.00236524 -0.00153772
  0.00176487  0.00326123    0.00236524  0.00153772    0.14808262  0.00000000

     Dynamical  Matrix in cartesian axes

     q = (   -0.500000000   0.750000000   0.250000000 ) 

    1    1
  0.13737807  0.00000000   -0.00236524 -0.00153772   -0.00236524  0.00153772
 -0.00236524  0.00153772    0.14808262  0.00000000    0.00176487 -0.00326123
 -0.00236524 -0.00153772    0.00176487  0.00326123    0.14808262  0.00000000
    1    2
 -0.04583193  0.00000000   -0.05808560  0.03991970   -0.05808560 -0.03991970
 -0.05808560  0.03991970   -0.05465670 -0.00321021    0.04081928  0.00000000
 -0.05808560 -0.03991970    0.04081928  0.00000000   -0.05465670  0.00321021
    2    1
 -0.04583193  0.00000000   -0.05808560 -0.03991970   -0.05808560  0.03991970
 -0.05808560 -0.03991970   -0.05465670  0.00321021    0.04081928  0.00000000
 -0.05808560  0.03991970    0.04081928  0.00000000   -0.05465670 -0.00321021
    2    2
  0.13737807  0.00000000   -0.00236524  0.00153772   -0.00236524 -0.00153772
 -0.00236524 -0.00153772    0.14808262  0.00000000    0.00176487  0.00326123
 -0.00236524  0.00153772    0.00176487 -0.00326123    0.14808262  0.00000000

     Diagonalizing the dynamical matrix

     q = (    0.500000000  -0.250000000   0.750000000 ) 

 **************************************************************************
     freq (    1) =       1.307767 [THz] =      43.622426 [cm-1]
 (  0.250065 -0.508708  0.211355 -0.211355 -0.038262  0.296442 ) 
 (  0.536534 -0.182888  0.236672 -0.182560 -0.298901  0.000000 ) 
     freq (    2) =       1.578846 [THz] =      52.664618 [cm-1]
 (  0.147342  0.256871  0.321056 -0.321056  0.439225 -0.115045 ) 
 (  0.077448 -0.285822  0.391928  0.229229  0.454042  0.000000 ) 
     freq (    3) =       3.343896 [THz] =     111.540377 [cm-1]
 (  0.337910 -0.088341 -0.307414  0.307414  0.418533  0.117628 ) 
 ( -0.301404 -0.176472  0.212773  0.379123 -0.434749  0.000000 ) 
     freq (    4) =       4.236573 [THz] =     141.316863 [cm-1]
 (  0.293470 -0.067546 -0.319888  0.319888  0.427545  0.147857 ) 
 (  0.255277  0.159752 -0.197770 -0.406871  0.452390  0.000000 ) 
     freq (    5) =       5.109934 [THz] =     170.449046 [cm-1]
 (  0.247093 -0.478817  0.228954 -0.228954 -0.053953  0.319263 ) 
 ( -0.513296  0.163853 -0.263903  0.187602  0.323789  0.000000 ) 
     freq (    6) =       5.224033 [THz] =     174.255000 [cm-1]
 ( -0.127828 -0.267687 -0.320937  0.320937 -0.451345  0.047850 ) 
 (  0.098895 -0.279672  0.352984  0.285314  0.453874  0.000000 ) 
 **************************************************************************
