Dynamical matrix file
                                                                           
  1    2  2 12.5600000  0.0000000  0.0000000  0.0000000  0.0000000  0.0000000
           1  'Sn  '    108197.54598352207     
    1    1      0.0000000000      0.0000000000      0.0000000000
    2    1      0.2500000000      0.2500000000      0.2500000000

     Dynamical  Matrix in cartesian axes

     q = (   -0.375000000   0.375000000  -0.375000000 ) 

    1    1
  0.15355587  0.00000000   -0.00730048  0.00000000    0.00730048  0.00000000
 -0.00730048  0.00000000    0.15355587  0.00000000   -0.00730048  0.00000000
  0.00730048  0.00000000   -0.00730048  0.00000000    0.15355587  0.00000000
    1    2
 -0.08987995 -0.02224999   -0.04306573  0.01838375    0.04306573 -0.01838375
 -0.04306573  0.01838375   -0.08987995 -0.02224999   -0.04306573  0.01838375
  0.04306573 -0.01838375   -0.04306573  0.01838375   -0.08987995 -0.02224999
    2    1
 -0.08987995  0.02224999   -0.04306573 -0.01838375    0.04306573  0.01838375
 -0.04306573 -0.01838375   -0.08987995  0.02224999   -0.04306573 -0.01838375
  0.04306573  0.01838375   -0.04306573 -0.01838375   -0.08987995  0.02224999
    2    2
  0.15355587  0.00000000   -0.00730048  0.00000000    0.00730048  0.00000000
 -0.00730048  0.00000000    0.15355587  0.00000000   -0.00730048  0.00000000
  0.00730048  0.00000000   -0.00730048  0.00000000    0.15355587  0.00000000

     Dynamical  Matrix in cartesian axes

     q = (    0.375000000  -0.375000000  -0.375000000 ) 

    1    1
  0.15355587  0.00000000   -0.00730048  0.00000000   -0.00730048  0.00000000
 -0.00730048  0.00000000    0.15355587  0.00000000    0.00730048  0.00000000
 -0.00730048  0.00000000    0.00730048  0.00000000    0.15355587  0.00000000
    1    2
 -0.08987995 -0.02224999   -0.04306573  0.01838375   -0.04306573  0.01838375
 -0.04306573  0.01838375   -0.08987995 -0.02224999    0.04306573 -0.01838375
 -0.04306573  0.01838375    0.04306573 -0.01838375   -0.08987995 -0.02224999
    2    1
 -0.08987995  0.02224999   -0.04306573 -0.01838375   -0.04306573 -0.01838375
 -0.04306573 -0.01838375   -0.08987995  0.02224999    0.04306573  0.01838375
 -0.04306573 -0.01838375    0.04306573  0.01838375   -0.08987995  0.02224999
    2    2
  0.15355587  0.00000000   -0.00730048  0.00000000   -0.00730048  0.00000000
 -0.00730048  0.00000000    0.15355587  0.00000000    0.00730048  0.00000000
 -0.00730048  0.00000000    0.00730048  0.00000000    0.15355587  0.00000000

     Dynamical  Matrix in cartesian axes

     q = (    0.375000000  -0.375000000   0.375000000 ) 

    1    1
  0.15355587  0.00000000   -0.00730048  0.00000000    0.00730048  0.00000000
 -0.00730048  0.00000000    0.15355587  0.00000000   -0.00730048  0.00000000
  0.00730048  0.00000000   -0.00730048  0.00000000    0.15355587  0.00000000
    1    2
 -0.08987995  0.02224999   -0.04306573 -0.01838375    0.04306573  0.01838375
 -0.04306573 -0.01838375   -0.08987995  0.02224999   -0.04306573 -0.01838375
  0.04306573  0.01838375   -0.04306573 -0.01838375   -0.08987995  0.02224999
    2    1
 -0.08987995 -0.02224999   -0.04306573  0.01838375    0.04306573 -0.01838375
 -0.04306573  0.01838375   -0.08987995 -0.02224999   -0.04306573  0.01838375
  0.04306573 -0.01838375   -0.04306573  0.01838375   -0.08987995 -0.02224999
    2    2
  0.15355587  0.00000000   -0.00730048  0.00000000    0.00730048  0.00000000
 -0.00730048  0.00000000    0.15355587  0.00000000   -0.00730048  0.00000000
  0.00730048  0.00000000   -0.00730048  0.00000000    0.15355587  0.00000000

     Dynamical  Matrix in cartesian axes

     q = (   -0.375000000   0.375000000   0.375000000 ) 

    1    1
  0.15355587  0.00000000   -0.00730048  0.00000000   -0.00730048  0.00000000
 -0.00730048  0.00000000    0.15355587  0.00000000    0.00730048  0.00000000
 -0.00730048  0.00000000    0.00730048  0.00000000    0.15355587  0.00000000
    1    2
 -0.08987995  0.02224999   -0.04306573 -0.01838375   -0.04306573 -0.01838375
 -0.04306573 -0.01838375   -0.08987995  0.02224999    0.04306573  0.01838375
 -0.04306573 -0.01838375    0.04306573  0.01838375   -0.08987995  0.02224999
    2    1
 -0.08987995 -0.02224999   -0.04306573  0.01838375   -0.04306573  0.01838375
 -0.04306573  0.01838375   -0.08987995 -0.02224999    0.04306573 -0.01838375
 -0.04306573  0.01838375    0.04306573 -0.01838375   -0.08987995 -0.02224999
    2    2
  0.15355587  0.00000000   -0.00730048  0.00000000   -0.00730048  0.00000000
 -0.00730048  0.00000000    0.15355587  0.00000000    0.00730048  0.00000000
 -0.00730048  0.00000000    0.00730048  0.00000000    0.15355587  0.00000000

     Dynamical  Matrix in cartesian axes

     q = (    0.375000000   0.375000000  -0.375000000 ) 

    1    1
  0.15355587  0.00000000    0.00730048  0.00000000   -0.00730048  0.00000000
  0.00730048  0.00000000    0.15355587  0.00000000   -0.00730048  0.00000000
 -0.00730048  0.00000000   -0.00730048  0.00000000    0.15355587  0.00000000
    1    2
 -0.08987995  0.02224999    0.04306573  0.01838375   -0.04306573 -0.01838375
  0.04306573  0.01838375   -0.08987995  0.02224999   -0.04306573 -0.01838375
 -0.04306573 -0.01838375   -0.04306573 -0.01838375   -0.08987995  0.02224999
    2    1
 -0.08987995 -0.02224999    0.04306573 -0.01838375   -0.04306573  0.01838375
  0.04306573 -0.01838375   -0.08987995 -0.02224999   -0.04306573  0.01838375
 -0.04306573  0.01838375   -0.04306573  0.01838375   -0.08987995 -0.02224999
    2    2
  0.15355587  0.00000000    0.00730048  0.00000000   -0.00730048  0.00000000
  0.00730048  0.00000000    0.15355587  0.00000000   -0.00730048  0.00000000
 -0.00730048  0.00000000   -0.00730048  0.00000000    0.15355587  0.00000000

     Dynamical  Matrix in cartesian axes

     q = (   -0.375000000  -0.375000000  -0.375000000 ) 

    1    1
  0.15355587  0.00000000    0.00730048  0.00000000    0.00730048  0.00000000
  0.00730048  0.00000000    0.15355587  0.00000000    0.00730048  0.00000000
  0.00730048  0.00000000    0.00730048  0.00000000    0.15355587  0.00000000
    1    2
  0.04782160 -0.07928784   -0.04345135  0.01745280   -0.04345135  0.01745280
 -0.04345135  0.01745280    0.04782160 -0.07928784   -0.04345135  0.01745280
 -0.04345135  0.01745280   -0.04345135  0.01745280    0.04782160 -0.07928784
    2    1
  0.04782160  0.07928784   -0.04345135 -0.01745280   -0.04345135 -0.01745280
 -0.04345135 -0.01745280    0.04782160  0.07928784   -0.04345135 -0.01745280
 -0.04345135 -0.01745280   -0.04345135 -0.01745280    0.04782160  0.07928784
    2    2
  0.15355587  0.00000000    0.00730048  0.00000000    0.00730048  0.00000000
  0.00730048  0.00000000    0.15355587  0.00000000    0.00730048  0.00000000
  0.00730048  0.00000000    0.00730048  0.00000000    0.15355587  0.00000000

     Dynamical  Matrix in cartesian axes

     q = (   -0.375000000  -0.375000000   0.375000000 ) 

    1    1
  0.15355587  0.00000000    0.00730048  0.00000000   -0.00730048  0.00000000
  0.00730048  0.00000000    0.15355587  0.00000000   -0.00730048  0.00000000
 -0.00730048  0.00000000   -0.00730048  0.00000000    0.15355587  0.00000000
    1    2
 -0.08987995 -0.02224999    0.04306573 -0.01838375   -0.04306573  0.01838375
  0.04306573 -0.01838375   -0.08987995 -0.02224999   -0.04306573  0.01838375
 -0.04306573  0.01838375   -0.04306573  0.01838375   -0.08987995 -0.02224999
    2    1
 -0.08987995  0.02224999    0.04306573  0.01838375   -0.04306573 -0.01838375
  0.04306573  0.01838375   -0.08987995  0.02224999   -0.04306573 -0.01838375
 -0.04306573 -0.01838375   -0.04306573 -0.01838375   -0.08987995  0.02224999
    2    2
  0.15355587  0.00000000    0.00730048  0.00000000   -0.00730048  0.00000000
  0.00730048  0.00000000    0.15355587  0.00000000   -0.00730048  0.00000000
 -0.00730048  0.00000000   -0.00730048  0.00000000    0.15355587  0.00000000

     Dynamical  Matrix in cartesian axes

     q = (    0.375000000   0.375000000   0.375000000 ) 

    1    1
  0.15355587  0.00000000    0.00730048  0.00000000    0.00730048  0.00000000
  0.00730048  0.00000000    0.15355587  0.00000000    0.00730048  0.00000000
  0.00730048  0.00000000    0.00730048  0.00000000    0.15355587  0.00000000
    1    2
  0.04782160  0.07928784   -0.04345135 -0.01745280   -0.04345135 -0.01745280
 -0.04345135 -0.01745280    0.04782160  0.07928784   -0.04345135 -0.01745280
 -0.04345135 -0.01745280   -0.04345135 -0.01745280    0.04782160  0.07928784
    2    1
  0.04782160 -0.07928784   -0.04345135  0.01745280   -0.04345135  0.01745280
 -0.04345135  0.01745280    0.04782160 -0.07928784   -0.04345135  0.01745280
 -0.04345135  0.01745280   -0.04345135  0.01745280    0.04782160 -0.07928784
    2    2
  0.15355587  0.00000000    0.00730048  0.00000000    0.00730048  0.00000000
  0.00730048  0.00000000    0.15355587  0.00000000    0.00730048  0.00000000
  0.00730048  0.00000000    0.00730048  0.00000000    0.15355587  0.00000000

     Diagonalizing the dynamical matrix

     q = (   -0.375000000   0.375000000  -0.375000000 ) 

 **************************************************************************
     freq (    1) =       1.151414 [THz] =      38.407046 [cm-1]
 ( -0.169300 -0.016770  0.393083 -0.000415  0.562383  0.016355 ) 
 ( -0.169716 -0.011841  0.392904 -0.011841  0.562621 -0.000000 ) 
     freq (    2) =       1.151414 [THz] =      38.407046 [cm-1]
 ( -0.550577  0.035422 -0.421050  0.039189  0.129526  0.003767 ) 
 ( -0.549314  0.051412 -0.419733  0.051412  0.129581  0.000000 ) 
     freq (    3) =       3.302328 [THz] =     110.153822 [cm-1]
 (  0.025878  0.407427 -0.025878 -0.407427  0.025878  0.407427 ) 
 (  0.408248 -0.000000 -0.408248  0.000000  0.408248  0.000000 ) 
     freq (    4) =       4.768256 [THz] =     159.051912 [cm-1]
 (  0.025878  0.407427 -0.025878 -0.407427  0.025878  0.407427 ) 
 ( -0.408248  0.000000  0.408248  0.000000 -0.408248  0.000000 ) 
     freq (    5) =       5.285287 [THz] =     176.298196 [cm-1]
 ( -0.499203  0.021632 -0.499860  0.021613 -0.000657 -0.000019 ) 
 (  0.498364 -0.036135  0.499021 -0.036135  0.000657  0.000000 ) 
     freq (    6) =       5.285287 [THz] =     176.298196 [cm-1]
 (  0.289122  0.008367 -0.287984 -0.008416 -0.577106 -0.016783 ) 
 ( -0.289243  0.000041  0.288107  0.000041  0.577350  0.000000 ) 
 **************************************************************************
