Dynamical matrix file
                                                                           
  1    2  2 12.5600000  0.0000000  0.0000000  0.0000000  0.0000000  0.0000000
           1  'Sn  '    108197.54598352207     
    1    1      0.0000000000      0.0000000000      0.0000000000
    2    1      0.2500000000      0.2500000000      0.2500000000

     Dynamical  Matrix in cartesian axes

     q = (   -0.100000000   0.500000000  -0.100000000 ) 

    1    1
  0.13681558  0.00000000    0.00024081  0.00130729   -0.00006001  0.00000000
  0.00024081 -0.00130729    0.16168192  0.00000000    0.00024081 -0.00130729
 -0.00006001  0.00000000    0.00024081  0.00130729    0.13681558  0.00000000
    1    2
 -0.08215908  0.04479632   -0.00607555  0.01445842   -0.03234212 -0.06877574
 -0.00607555  0.01445842   -0.09006546  0.05180078   -0.00607555  0.01445842
 -0.03234212 -0.06877574   -0.00607555  0.01445842   -0.08215908  0.04479632
    2    1
 -0.08215908 -0.04479632   -0.00607555 -0.01445842   -0.03234212  0.06877574
 -0.00607555 -0.01445842   -0.09006546 -0.05180078   -0.00607555 -0.01445842
 -0.03234212  0.06877574   -0.00607555 -0.01445842   -0.08215908 -0.04479632
    2    2
  0.13681558  0.00000000    0.00024081 -0.00130729   -0.00006001  0.00000000
  0.00024081  0.00130729    0.16168192  0.00000000    0.00024081  0.00130729
 -0.00006001  0.00000000    0.00024081 -0.00130729    0.13681558  0.00000000

     Dynamical  Matrix in cartesian axes

     q = (    0.100000000   0.500000000  -0.100000000 ) 

    1    1
  0.13681558  0.00000000   -0.00024081  0.00130729    0.00006001  0.00000000
 -0.00024081 -0.00130729    0.16168192  0.00000000    0.00024081  0.00130729
  0.00006001  0.00000000    0.00024081 -0.00130729    0.13681558  0.00000000
    1    2
 -0.06799239  0.06429511    0.01562822 -0.00131030   -0.05541535 -0.05201206
  0.01562822 -0.00131030   -0.07709723  0.06965002   -0.01562822  0.00131030
 -0.05541535 -0.05201206   -0.01562822  0.00131030   -0.06799239  0.06429511
    2    1
 -0.06799239 -0.06429511    0.01562822  0.00131030   -0.05541535  0.05201206
  0.01562822  0.00131030   -0.07709723 -0.06965002   -0.01562822 -0.00131030
 -0.05541535  0.05201206   -0.01562822 -0.00131030   -0.06799239 -0.06429511
    2    2
  0.13681558  0.00000000   -0.00024081 -0.00130729    0.00006001  0.00000000
 -0.00024081  0.00130729    0.16168192  0.00000000    0.00024081 -0.00130729
  0.00006001  0.00000000    0.00024081  0.00130729    0.13681558  0.00000000

     Dynamical  Matrix in cartesian axes

     q = (    0.100000000   0.500000000   0.100000000 ) 

    1    1
  0.13681558  0.00000000   -0.00024081 -0.00130729   -0.00006001  0.00000000
 -0.00024081  0.00130729    0.16168192  0.00000000   -0.00024081  0.00130729
 -0.00006001  0.00000000   -0.00024081 -0.00130729    0.13681558  0.00000000
    1    2
 -0.04013748  0.08453289   -0.00358322 -0.01526823   -0.06659069 -0.03663052
 -0.00358322 -0.01526823   -0.04241675  0.09484686   -0.00358322 -0.01526823
 -0.06659069 -0.03663052   -0.00358322 -0.01526823   -0.04013748  0.08453289
    2    1
 -0.04013748 -0.08453289   -0.00358322  0.01526823   -0.06659069  0.03663052
 -0.00358322  0.01526823   -0.04241675 -0.09484686   -0.00358322  0.01526823
 -0.06659069  0.03663052   -0.00358322  0.01526823   -0.04013748 -0.08453289
    2    2
  0.13681558  0.00000000   -0.00024081  0.00130729   -0.00006001  0.00000000
 -0.00024081 -0.00130729    0.16168192  0.00000000   -0.00024081 -0.00130729
 -0.00006001  0.00000000   -0.00024081  0.00130729    0.13681558  0.00000000

     Dynamical  Matrix in cartesian axes

     q = (   -0.100000000   0.500000000   0.100000000 ) 

    1    1
  0.13681558  0.00000000    0.00024081 -0.00130729    0.00006001  0.00000000
  0.00024081  0.00130729    0.16168192  0.00000000   -0.00024081 -0.00130729
  0.00006001  0.00000000   -0.00024081  0.00130729    0.13681558  0.00000000
    1    2
 -0.06799239  0.06429511   -0.01562822  0.00131030   -0.05541535 -0.05201206
 -0.01562822  0.00131030   -0.07709723  0.06965002    0.01562822 -0.00131030
 -0.05541535 -0.05201206    0.01562822 -0.00131030   -0.06799239  0.06429511
    2    1
 -0.06799239 -0.06429511   -0.01562822 -0.00131030   -0.05541535  0.05201206
 -0.01562822 -0.00131030   -0.07709723 -0.06965002    0.01562822  0.00131030
 -0.05541535  0.05201206    0.01562822  0.00131030   -0.06799239 -0.06429511
    2    2
  0.13681558  0.00000000    0.00024081  0.00130729    0.00006001  0.00000000
  0.00024081 -0.00130729    0.16168192  0.00000000   -0.00024081  0.00130729
  0.00006001  0.00000000   -0.00024081 -0.00130729    0.13681558  0.00000000

     Dynamical  Matrix in cartesian axes

     q = (    0.100000000  -0.500000000   0.100000000 ) 

    1    1
  0.13681558  0.00000000    0.00024081 -0.00130729   -0.00006001  0.00000000
  0.00024081  0.00130729    0.16168192  0.00000000    0.00024081  0.00130729
 -0.00006001  0.00000000    0.00024081 -0.00130729    0.13681558  0.00000000
    1    2
 -0.08215908 -0.04479632   -0.00607555 -0.01445842   -0.03234212  0.06877574
 -0.00607555 -0.01445842   -0.09006546 -0.05180078   -0.00607555 -0.01445842
 -0.03234212  0.06877574   -0.00607555 -0.01445842   -0.08215908 -0.04479632
    2    1
 -0.08215908  0.04479632   -0.00607555  0.01445842   -0.03234212 -0.06877574
 -0.00607555  0.01445842   -0.09006546  0.05180078   -0.00607555  0.01445842
 -0.03234212 -0.06877574   -0.00607555  0.01445842   -0.08215908  0.04479632
    2    2
  0.13681558  0.00000000    0.00024081  0.00130729   -0.00006001  0.00000000
  0.00024081 -0.00130729    0.16168192  0.00000000    0.00024081 -0.00130729
 -0.00006001  0.00000000    0.00024081  0.00130729    0.13681558  0.00000000

     Dynamical  Matrix in cartesian axes

     q = (    0.100000000  -0.500000000  -0.100000000 ) 

    1    1
  0.13681558  0.00000000    0.00024081  0.00130729    0.00006001  0.00000000
  0.00024081 -0.00130729    0.16168192  0.00000000   -0.00024081  0.00130729
  0.00006001  0.00000000   -0.00024081 -0.00130729    0.13681558  0.00000000
    1    2
 -0.06799239 -0.06429511   -0.01562822 -0.00131030   -0.05541535  0.05201206
 -0.01562822 -0.00131030   -0.07709723 -0.06965002    0.01562822  0.00131030
 -0.05541535  0.05201206    0.01562822  0.00131030   -0.06799239 -0.06429511
    2    1
 -0.06799239  0.06429511   -0.01562822  0.00131030   -0.05541535 -0.05201206
 -0.01562822  0.00131030   -0.07709723  0.06965002    0.01562822 -0.00131030
 -0.05541535 -0.05201206    0.01562822 -0.00131030   -0.06799239  0.06429511
    2    2
  0.13681558  0.00000000    0.00024081 -0.00130729    0.00006001  0.00000000
  0.00024081  0.00130729    0.16168192  0.00000000   -0.00024081 -0.00130729
  0.00006001  0.00000000   -0.00024081  0.00130729    0.13681558  0.00000000

     Dynamical  Matrix in cartesian axes

     q = (   -0.100000000  -0.500000000   0.100000000 ) 

    1    1
  0.13681558  0.00000000   -0.00024081 -0.00130729    0.00006001  0.00000000
 -0.00024081  0.00130729    0.16168192  0.00000000    0.00024081 -0.00130729
  0.00006001  0.00000000    0.00024081  0.00130729    0.13681558  0.00000000
    1    2
 -0.06799239 -0.06429511    0.01562822  0.00131030   -0.05541535  0.05201206
  0.01562822  0.00131030   -0.07709723 -0.06965002   -0.01562822 -0.00131030
 -0.05541535  0.05201206   -0.01562822 -0.00131030   -0.06799239 -0.06429511
    2    1
 -0.06799239  0.06429511    0.01562822 -0.00131030   -0.05541535 -0.05201206
  0.01562822 -0.00131030   -0.07709723  0.06965002   -0.01562822  0.00131030
 -0.05541535 -0.05201206   -0.01562822  0.00131030   -0.06799239  0.06429511
    2    2
  0.13681558  0.00000000   -0.00024081  0.00130729    0.00006001  0.00000000
 -0.00024081 -0.00130729    0.16168192  0.00000000    0.00024081  0.00130729
  0.00006001  0.00000000    0.00024081 -0.00130729    0.13681558  0.00000000

     Dynamical  Matrix in cartesian axes

     q = (   -0.100000000  -0.500000000  -0.100000000 ) 

    1    1
  0.13681558  0.00000000   -0.00024081  0.00130729   -0.00006001  0.00000000
 -0.00024081 -0.00130729    0.16168192  0.00000000   -0.00024081 -0.00130729
 -0.00006001  0.00000000   -0.00024081  0.00130729    0.13681558  0.00000000
    1    2
 -0.04013748 -0.08453289   -0.00358322  0.01526823   -0.06659069  0.03663052
 -0.00358322  0.01526823   -0.04241675 -0.09484686   -0.00358322  0.01526823
 -0.06659069  0.03663052   -0.00358322  0.01526823   -0.04013748 -0.08453289
    2    1
 -0.04013748  0.08453289   -0.00358322 -0.01526823   -0.06659069 -0.03663052
 -0.00358322 -0.01526823   -0.04241675  0.09484686   -0.00358322 -0.01526823
 -0.06659069 -0.03663052   -0.00358322 -0.01526823   -0.04013748  0.08453289
    2    2
  0.13681558  0.00000000   -0.00024081 -0.00130729   -0.00006001  0.00000000
 -0.00024081  0.00130729    0.16168192  0.00000000   -0.00024081  0.00130729
 -0.00006001  0.00000000   -0.00024081 -0.00130729    0.13681558  0.00000000

     Dynamical  Matrix in cartesian axes

     q = (    0.500000000  -0.100000000  -0.100000000 ) 

    1    1
  0.16168192  0.00000000    0.00024081 -0.00130729    0.00024081 -0.00130729
  0.00024081  0.00130729    0.13681558  0.00000000   -0.00006001  0.00000000
  0.00024081  0.00130729   -0.00006001  0.00000000    0.13681558  0.00000000
    1    2
 -0.09006546  0.05180078   -0.00607555  0.01445842   -0.00607555  0.01445842
 -0.00607555  0.01445842   -0.08215908  0.04479632   -0.03234212 -0.06877574
 -0.00607555  0.01445842   -0.03234212 -0.06877574   -0.08215908  0.04479632
    2    1
 -0.09006546 -0.05180078   -0.00607555 -0.01445842   -0.00607555 -0.01445842
 -0.00607555 -0.01445842   -0.08215908 -0.04479632   -0.03234212  0.06877574
 -0.00607555 -0.01445842   -0.03234212  0.06877574   -0.08215908 -0.04479632
    2    2
  0.16168192  0.00000000    0.00024081  0.00130729    0.00024081  0.00130729
  0.00024081 -0.00130729    0.13681558  0.00000000   -0.00006001  0.00000000
  0.00024081 -0.00130729   -0.00006001  0.00000000    0.13681558  0.00000000

     Dynamical  Matrix in cartesian axes

     q = (   -0.500000000  -0.100000000   0.100000000 ) 

    1    1
  0.16168192  0.00000000   -0.00024081  0.00130729    0.00024081 -0.00130729
 -0.00024081 -0.00130729    0.13681558  0.00000000    0.00006001  0.00000000
  0.00024081  0.00130729    0.00006001  0.00000000    0.13681558  0.00000000
    1    2
 -0.07709723 -0.06965002    0.01562822  0.00131030   -0.01562822 -0.00131030
  0.01562822  0.00131030   -0.06799239 -0.06429511   -0.05541535  0.05201206
 -0.01562822 -0.00131030   -0.05541535  0.05201206   -0.06799239 -0.06429511
    2    1
 -0.07709723  0.06965002    0.01562822 -0.00131030   -0.01562822  0.00131030
  0.01562822 -0.00131030   -0.06799239  0.06429511   -0.05541535 -0.05201206
 -0.01562822  0.00131030   -0.05541535 -0.05201206   -0.06799239  0.06429511
    2    2
  0.16168192  0.00000000   -0.00024081 -0.00130729    0.00024081  0.00130729
 -0.00024081  0.00130729    0.13681558  0.00000000    0.00006001  0.00000000
  0.00024081 -0.00130729    0.00006001  0.00000000    0.13681558  0.00000000

     Dynamical  Matrix in cartesian axes

     q = (    0.500000000   0.100000000   0.100000000 ) 

    1    1
  0.16168192  0.00000000   -0.00024081  0.00130729   -0.00024081  0.00130729
 -0.00024081 -0.00130729    0.13681558  0.00000000   -0.00006001  0.00000000
 -0.00024081 -0.00130729   -0.00006001  0.00000000    0.13681558  0.00000000
    1    2
 -0.04241675  0.09484686   -0.00358322 -0.01526823   -0.00358322 -0.01526823
 -0.00358322 -0.01526823   -0.04013748  0.08453289   -0.06659069 -0.03663052
 -0.00358322 -0.01526823   -0.06659069 -0.03663052   -0.04013748  0.08453289
    2    1
 -0.04241675 -0.09484686   -0.00358322  0.01526823   -0.00358322  0.01526823
 -0.00358322  0.01526823   -0.04013748 -0.08453289   -0.06659069  0.03663052
 -0.00358322  0.01526823   -0.06659069  0.03663052   -0.04013748 -0.08453289
    2    2
  0.16168192  0.00000000   -0.00024081 -0.00130729   -0.00024081 -0.00130729
 -0.00024081  0.00130729    0.13681558  0.00000000   -0.00006001  0.00000000
 -0.00024081  0.00130729   -0.00006001  0.00000000    0.13681558  0.00000000

     Dynamical  Matrix in cartesian axes

     q = (    0.500000000  -0.100000000   0.100000000 ) 

    1    1
  0.16168192  0.00000000    0.00024081  0.00130729   -0.00024081 -0.00130729
  0.00024081 -0.00130729    0.13681558  0.00000000    0.00006001  0.00000000
 -0.00024081  0.00130729    0.00006001  0.00000000    0.13681558  0.00000000
    1    2
 -0.07709723  0.06965002   -0.01562822  0.00131030    0.01562822 -0.00131030
 -0.01562822  0.00131030   -0.06799239  0.06429511   -0.05541535 -0.05201206
  0.01562822 -0.00131030   -0.05541535 -0.05201206   -0.06799239  0.06429511
    2    1
 -0.07709723 -0.06965002   -0.01562822 -0.00131030    0.01562822  0.00131030
 -0.01562822 -0.00131030   -0.06799239 -0.06429511   -0.05541535  0.05201206
  0.01562822  0.00131030   -0.05541535  0.05201206   -0.06799239 -0.06429511
    2    2
  0.16168192  0.00000000    0.00024081 -0.00130729   -0.00024081  0.00130729
  0.00024081  0.00130729    0.13681558  0.00000000    0.00006001  0.00000000
 -0.00024081 -0.00130729    0.00006001  0.00000000    0.13681558  0.00000000

     Dynamical  Matrix in cartesian axes

     q = (   -0.100000000  -0.100000000   0.500000000 ) 

    1    1
  0.13681558  0.00000000   -0.00006001  0.00000000    0.00024081  0.00130729
 -0.00006001  0.00000000    0.13681558  0.00000000    0.00024081  0.00130729
  0.00024081 -0.00130729    0.00024081 -0.00130729    0.16168192  0.00000000
    1    2
 -0.08215908  0.04479632   -0.03234212 -0.06877574   -0.00607555  0.01445842
 -0.03234212 -0.06877574   -0.08215908  0.04479632   -0.00607555  0.01445842
 -0.00607555  0.01445842   -0.00607555  0.01445842   -0.09006546  0.05180078
    2    1
 -0.08215908 -0.04479632   -0.03234212  0.06877574   -0.00607555 -0.01445842
 -0.03234212  0.06877574   -0.08215908 -0.04479632   -0.00607555 -0.01445842
 -0.00607555 -0.01445842   -0.00607555 -0.01445842   -0.09006546 -0.05180078
    2    2
  0.13681558  0.00000000   -0.00006001  0.00000000    0.00024081 -0.00130729
 -0.00006001  0.00000000    0.13681558  0.00000000    0.00024081 -0.00130729
  0.00024081  0.00130729    0.00024081  0.00130729    0.16168192  0.00000000

     Dynamical  Matrix in cartesian axes

     q = (   -0.100000000   0.100000000  -0.500000000 ) 

    1    1
  0.13681558  0.00000000    0.00006001  0.00000000   -0.00024081 -0.00130729
  0.00006001  0.00000000    0.13681558  0.00000000    0.00024081  0.00130729
 -0.00024081  0.00130729    0.00024081 -0.00130729    0.16168192  0.00000000
    1    2
 -0.06799239 -0.06429511   -0.05541535  0.05201206    0.01562822  0.00131030
 -0.05541535  0.05201206   -0.06799239 -0.06429511   -0.01562822 -0.00131030
  0.01562822  0.00131030   -0.01562822 -0.00131030   -0.07709723 -0.06965002
    2    1
 -0.06799239  0.06429511   -0.05541535 -0.05201206    0.01562822 -0.00131030
 -0.05541535 -0.05201206   -0.06799239  0.06429511   -0.01562822  0.00131030
  0.01562822 -0.00131030   -0.01562822  0.00131030   -0.07709723  0.06965002
    2    2
  0.13681558  0.00000000    0.00006001  0.00000000   -0.00024081  0.00130729
  0.00006001  0.00000000    0.13681558  0.00000000    0.00024081 -0.00130729
 -0.00024081 -0.00130729    0.00024081  0.00130729    0.16168192  0.00000000

     Dynamical  Matrix in cartesian axes

     q = (    0.100000000   0.100000000   0.500000000 ) 

    1    1
  0.13681558  0.00000000   -0.00006001  0.00000000   -0.00024081 -0.00130729
 -0.00006001  0.00000000    0.13681558  0.00000000   -0.00024081 -0.00130729
 -0.00024081  0.00130729   -0.00024081  0.00130729    0.16168192  0.00000000
    1    2
 -0.04013748  0.08453289   -0.06659069 -0.03663052   -0.00358322 -0.01526823
 -0.06659069 -0.03663052   -0.04013748  0.08453289   -0.00358322 -0.01526823
 -0.00358322 -0.01526823   -0.00358322 -0.01526823   -0.04241675  0.09484686
    2    1
 -0.04013748 -0.08453289   -0.06659069  0.03663052   -0.00358322  0.01526823
 -0.06659069  0.03663052   -0.04013748 -0.08453289   -0.00358322  0.01526823
 -0.00358322  0.01526823   -0.00358322  0.01526823   -0.04241675 -0.09484686
    2    2
  0.13681558  0.00000000   -0.00006001  0.00000000   -0.00024081  0.00130729
 -0.00006001  0.00000000    0.13681558  0.00000000   -0.00024081  0.00130729
 -0.00024081 -0.00130729   -0.00024081 -0.00130729    0.16168192  0.00000000

     Dynamical  Matrix in cartesian axes

     q = (    0.100000000  -0.100000000  -0.500000000 ) 

    1    1
  0.13681558  0.00000000    0.00006001  0.00000000    0.00024081  0.00130729
  0.00006001  0.00000000    0.13681558  0.00000000   -0.00024081 -0.00130729
  0.00024081 -0.00130729   -0.00024081  0.00130729    0.16168192  0.00000000
    1    2
 -0.06799239 -0.06429511   -0.05541535  0.05201206   -0.01562822 -0.00131030
 -0.05541535  0.05201206   -0.06799239 -0.06429511    0.01562822  0.00131030
 -0.01562822 -0.00131030    0.01562822  0.00131030   -0.07709723 -0.06965002
    2    1
 -0.06799239  0.06429511   -0.05541535 -0.05201206   -0.01562822  0.00131030
 -0.05541535 -0.05201206   -0.06799239  0.06429511    0.01562822 -0.00131030
 -0.01562822  0.00131030    0.01562822 -0.00131030   -0.07709723  0.06965002
    2    2
  0.13681558  0.00000000    0.00006001  0.00000000    0.00024081 -0.00130729
  0.00006001  0.00000000    0.13681558  0.00000000   -0.00024081  0.00130729
  0.00024081  0.00130729   -0.00024081 -0.00130729    0.16168192  0.00000000

     Dynamical  Matrix in cartesian axes

     q = (   -0.500000000   0.100000000  -0.100000000 ) 

    1    1
  0.16168192  0.00000000    0.00024081 -0.00130729   -0.00024081  0.00130729
  0.00024081  0.00130729    0.13681558  0.00000000    0.00006001  0.00000000
 -0.00024081 -0.00130729    0.00006001  0.00000000    0.13681558  0.00000000
    1    2
 -0.07709723 -0.06965002   -0.01562822 -0.00131030    0.01562822  0.00131030
 -0.01562822 -0.00131030   -0.06799239 -0.06429511   -0.05541535  0.05201206
  0.01562822  0.00131030   -0.05541535  0.05201206   -0.06799239 -0.06429511
    2    1
 -0.07709723  0.06965002   -0.01562822  0.00131030    0.01562822 -0.00131030
 -0.01562822  0.00131030   -0.06799239  0.06429511   -0.05541535 -0.05201206
  0.01562822 -0.00131030   -0.05541535 -0.05201206   -0.06799239  0.06429511
    2    2
  0.16168192  0.00000000    0.00024081  0.00130729   -0.00024081 -0.00130729
  0.00024081 -0.00130729    0.13681558  0.00000000    0.00006001  0.00000000
 -0.00024081  0.00130729    0.00006001  0.00000000    0.13681558  0.00000000

     Dynamical  Matrix in cartesian axes

     q = (    0.100000000  -0.100000000   0.500000000 ) 

    1    1
  0.13681558  0.00000000    0.00006001  0.00000000   -0.00024081  0.00130729
  0.00006001  0.00000000    0.13681558  0.00000000    0.00024081 -0.00130729
 -0.00024081 -0.00130729    0.00024081  0.00130729    0.16168192  0.00000000
    1    2
 -0.06799239  0.06429511   -0.05541535 -0.05201206    0.01562822 -0.00131030
 -0.05541535 -0.05201206   -0.06799239  0.06429511   -0.01562822  0.00131030
  0.01562822 -0.00131030   -0.01562822  0.00131030   -0.07709723  0.06965002
    2    1
 -0.06799239 -0.06429511   -0.05541535  0.05201206    0.01562822  0.00131030
 -0.05541535  0.05201206   -0.06799239 -0.06429511   -0.01562822 -0.00131030
  0.01562822  0.00131030   -0.01562822 -0.00131030   -0.07709723 -0.06965002
    2    2
  0.13681558  0.00000000    0.00006001  0.00000000   -0.00024081 -0.00130729
  0.00006001  0.00000000    0.13681558  0.00000000    0.00024081  0.00130729
 -0.00024081  0.00130729    0.00024081 -0.00130729    0.16168192  0.00000000

     Dynamical  Matrix in cartesian axes

     q = (   -0.500000000  -0.100000000  -0.100000000 ) 

    1    1
  0.16168192  0.00000000   -0.00024081 -0.00130729   -0.00024081 -0.00130729
 -0.00024081  0.00130729    0.13681558  0.00000000   -0.00006001  0.00000000
 -0.00024081  0.00130729   -0.00006001  0.00000000    0.13681558  0.00000000
    1    2
 -0.04241675 -0.09484686   -0.00358322  0.01526823   -0.00358322  0.01526823
 -0.00358322  0.01526823   -0.04013748 -0.08453289   -0.06659069  0.03663052
 -0.00358322  0.01526823   -0.06659069  0.03663052   -0.04013748 -0.08453289
    2    1
 -0.04241675  0.09484686   -0.00358322 -0.01526823   -0.00358322 -0.01526823
 -0.00358322 -0.01526823   -0.04013748  0.08453289   -0.06659069 -0.03663052
 -0.00358322 -0.01526823   -0.06659069 -0.03663052   -0.04013748  0.08453289
    2    2
  0.16168192  0.00000000   -0.00024081  0.00130729   -0.00024081  0.00130729
 -0.00024081 -0.00130729    0.13681558  0.00000000   -0.00006001  0.00000000
 -0.00024081 -0.00130729   -0.00006001  0.00000000    0.13681558  0.00000000

     Dynamical  Matrix in cartesian axes

     q = (    0.500000000   0.100000000  -0.100000000 ) 

    1    1
  0.16168192  0.00000000   -0.00024081 -0.00130729    0.00024081  0.00130729
 -0.00024081  0.00130729    0.13681558  0.00000000    0.00006001  0.00000000
  0.00024081 -0.00130729    0.00006001  0.00000000    0.13681558  0.00000000
    1    2
 -0.07709723  0.06965002    0.01562822 -0.00131030   -0.01562822  0.00131030
  0.01562822 -0.00131030   -0.06799239  0.06429511   -0.05541535 -0.05201206
 -0.01562822  0.00131030   -0.05541535 -0.05201206   -0.06799239  0.06429511
    2    1
 -0.07709723 -0.06965002    0.01562822  0.00131030   -0.01562822 -0.00131030
  0.01562822  0.00131030   -0.06799239 -0.06429511   -0.05541535  0.05201206
 -0.01562822 -0.00131030   -0.05541535  0.05201206   -0.06799239 -0.06429511
    2    2
  0.16168192  0.00000000   -0.00024081  0.00130729    0.00024081 -0.00130729
 -0.00024081 -0.00130729    0.13681558  0.00000000    0.00006001  0.00000000
  0.00024081  0.00130729    0.00006001  0.00000000    0.13681558  0.00000000

     Dynamical  Matrix in cartesian axes

     q = (    0.100000000   0.100000000  -0.500000000 ) 

    1    1
  0.13681558  0.00000000   -0.00006001  0.00000000    0.00024081 -0.00130729
 -0.00006001  0.00000000    0.13681558  0.00000000    0.00024081 -0.00130729
  0.00024081  0.00130729    0.00024081  0.00130729    0.16168192  0.00000000
    1    2
 -0.08215908 -0.04479632   -0.03234212  0.06877574   -0.00607555 -0.01445842
 -0.03234212  0.06877574   -0.08215908 -0.04479632   -0.00607555 -0.01445842
 -0.00607555 -0.01445842   -0.00607555 -0.01445842   -0.09006546 -0.05180078
    2    1
 -0.08215908  0.04479632   -0.03234212 -0.06877574   -0.00607555  0.01445842
 -0.03234212 -0.06877574   -0.08215908  0.04479632   -0.00607555  0.01445842
 -0.00607555  0.01445842   -0.00607555  0.01445842   -0.09006546  0.05180078
    2    2
  0.13681558  0.00000000   -0.00006001  0.00000000    0.00024081  0.00130729
 -0.00006001  0.00000000    0.13681558  0.00000000    0.00024081  0.00130729
  0.00024081 -0.00130729    0.00024081 -0.00130729    0.16168192  0.00000000

     Dynamical  Matrix in cartesian axes

     q = (   -0.100000000  -0.100000000  -0.500000000 ) 

    1    1
  0.13681558  0.00000000   -0.00006001  0.00000000   -0.00024081  0.00130729
 -0.00006001  0.00000000    0.13681558  0.00000000   -0.00024081  0.00130729
 -0.00024081 -0.00130729   -0.00024081 -0.00130729    0.16168192  0.00000000
    1    2
 -0.04013748 -0.08453289   -0.06659069  0.03663052   -0.00358322  0.01526823
 -0.06659069  0.03663052   -0.04013748 -0.08453289   -0.00358322  0.01526823
 -0.00358322  0.01526823   -0.00358322  0.01526823   -0.04241675 -0.09484686
    2    1
 -0.04013748  0.08453289   -0.06659069 -0.03663052   -0.00358322 -0.01526823
 -0.06659069 -0.03663052   -0.04013748  0.08453289   -0.00358322 -0.01526823
 -0.00358322 -0.01526823   -0.00358322 -0.01526823   -0.04241675  0.09484686
    2    2
  0.13681558  0.00000000   -0.00006001  0.00000000   -0.00024081 -0.00130729
 -0.00006001  0.00000000    0.13681558  0.00000000   -0.00024081 -0.00130729
 -0.00024081  0.00130729   -0.00024081  0.00130729    0.16168192  0.00000000

     Dynamical  Matrix in cartesian axes

     q = (   -0.500000000   0.100000000   0.100000000 ) 

    1    1
  0.16168192  0.00000000    0.00024081  0.00130729    0.00024081  0.00130729
  0.00024081 -0.00130729    0.13681558  0.00000000   -0.00006001  0.00000000
  0.00024081 -0.00130729   -0.00006001  0.00000000    0.13681558  0.00000000
    1    2
 -0.09006546 -0.05180078   -0.00607555 -0.01445842   -0.00607555 -0.01445842
 -0.00607555 -0.01445842   -0.08215908 -0.04479632   -0.03234212  0.06877574
 -0.00607555 -0.01445842   -0.03234212  0.06877574   -0.08215908 -0.04479632
    2    1
 -0.09006546  0.05180078   -0.00607555  0.01445842   -0.00607555  0.01445842
 -0.00607555  0.01445842   -0.08215908  0.04479632   -0.03234212 -0.06877574
 -0.00607555  0.01445842   -0.03234212 -0.06877574   -0.08215908  0.04479632
    2    2
  0.16168192  0.00000000    0.00024081 -0.00130729    0.00024081 -0.00130729
  0.00024081  0.00130729    0.13681558  0.00000000   -0.00006001  0.00000000
  0.00024081  0.00130729   -0.00006001  0.00000000    0.13681558  0.00000000

     Dynamical  Matrix in cartesian axes

     q = (   -0.100000000   0.100000000   0.500000000 ) 

    1    1
  0.13681558  0.00000000    0.00006001  0.00000000    0.00024081 -0.00130729
  0.00006001  0.00000000    0.13681558  0.00000000   -0.00024081  0.00130729
  0.00024081  0.00130729   -0.00024081 -0.00130729    0.16168192  0.00000000
    1    2
 -0.06799239  0.06429511   -0.05541535 -0.05201206   -0.01562822  0.00131030
 -0.05541535 -0.05201206   -0.06799239  0.06429511    0.01562822 -0.00131030
 -0.01562822  0.00131030    0.01562822 -0.00131030   -0.07709723  0.06965002
    2    1
 -0.06799239 -0.06429511   -0.05541535  0.05201206   -0.01562822 -0.00131030
 -0.05541535  0.05201206   -0.06799239 -0.06429511    0.01562822  0.00131030
 -0.01562822 -0.00131030    0.01562822  0.00131030   -0.07709723 -0.06965002
    2    2
  0.13681558  0.00000000    0.00006001  0.00000000    0.00024081  0.00130729
  0.00006001  0.00000000    0.13681558  0.00000000   -0.00024081 -0.00130729
  0.00024081 -0.00130729   -0.00024081  0.00130729    0.16168192  0.00000000

     Diagonalizing the dynamical matrix

     q = (   -0.100000000   0.500000000  -0.100000000 ) 

 **************************************************************************
     freq (    1) =       1.134108 [THz] =      37.829754 [cm-1]
 (  0.200846 -0.457887  0.000000  0.000000 -0.200846  0.457887 ) 
 (  0.500000  0.000000 -0.000000  0.000000 -0.500000  0.000000 ) 
     freq (    2) =       1.255688 [THz] =      41.885239 [cm-1]
 ( -0.475538 -0.080771 -0.169375  0.077403 -0.475538 -0.080771 ) 
 ( -0.482349 -0.000000 -0.154022 -0.104673 -0.482349  0.000000 ) 
     freq (    3) =       2.417791 [THz] =      80.648820 [cm-1]
 ( -0.077224 -0.113251  0.658246  0.170687 -0.077224 -0.113251 ) 
 ( -0.137074  0.000000  0.511862  0.447681 -0.137074  0.000000 ) 
     freq (    4) =       4.977652 [THz] =     166.036611 [cm-1]
 ( -0.395908 -0.129419  0.390362  0.025151 -0.395908 -0.129419 ) 
 (  0.416524  0.000000 -0.378855 -0.097384  0.416524  0.000000 ) 
     freq (    5) =       5.108550 [THz] =     170.402878 [cm-1]
 (  0.200846 -0.457887 -0.000000 -0.000000 -0.200846  0.457887 ) 
 ( -0.500000  0.000000  0.000000  0.000000  0.500000  0.000000 ) 
     freq (    6) =       5.244640 [THz] =     174.942348 [cm-1]
 ( -0.273958 -0.002107 -0.562348  0.183439 -0.273958 -0.002107 ) 
 (  0.273966 -0.000000  0.560920  0.187759  0.273966  0.000000 ) 
 **************************************************************************
