Dynamical matrix file
                                                                           
  1    2  2 12.5600000  0.0000000  0.0000000  0.0000000  0.0000000  0.0000000
           1  'Sn  '    108197.54598352207     
    1    1      0.0000000000      0.0000000000      0.0000000000
    2    1      0.2500000000      0.2500000000      0.2500000000

     Dynamical  Matrix in cartesian axes

     q = (    0.600000000   0.000000000   0.600000000 ) 

    1    1
  0.13880441  0.00000000    0.00000000  0.00148500    0.00184346  0.00000000
  0.00000000 -0.00148500    0.15550203  0.00000000    0.00000000 -0.00148500
  0.00184346  0.00000000    0.00000000  0.00148500    0.13880441  0.00000000
    1    2
  0.01412136  0.04346106   -0.05165945  0.01678517   -0.02284317 -0.07030404
 -0.05165945  0.01678517    0.01796534  0.05529164   -0.05165945  0.01678517
 -0.02284317 -0.07030404   -0.05165945  0.01678517    0.01412136  0.04346106
    2    1
  0.01412136 -0.04346106   -0.05165945 -0.01678517   -0.02284317  0.07030404
 -0.05165945 -0.01678517    0.01796534 -0.05529164   -0.05165945 -0.01678517
 -0.02284317  0.07030404   -0.05165945 -0.01678517    0.01412136 -0.04346106
    2    2
  0.13880441  0.00000000    0.00000000 -0.00148500    0.00184346  0.00000000
  0.00000000  0.00148500    0.15550203  0.00000000    0.00000000  0.00148500
  0.00184346  0.00000000    0.00000000 -0.00148500    0.13880441  0.00000000

     Dynamical  Matrix in cartesian axes

     q = (   -0.600000000   0.000000000   0.600000000 ) 

    1    1
  0.13880441  0.00000000    0.00000000  0.00148500   -0.00184346  0.00000000
  0.00000000 -0.00148500    0.15550203  0.00000000    0.00000000  0.00148500
 -0.00184346  0.00000000    0.00000000 -0.00148500    0.13880441  0.00000000
    1    2
 -0.04569767  0.00000000    0.00000000 -0.05431796   -0.07392204  0.00000000
  0.00000000 -0.05431796   -0.05813708  0.00000000    0.00000000  0.05431796
 -0.07392204 -0.00000000    0.00000000  0.05431796   -0.04569767  0.00000000
    2    1
 -0.04569767  0.00000000   -0.00000000  0.05431796   -0.07392204  0.00000000
 -0.00000000  0.05431796   -0.05813708 -0.00000000   -0.00000000 -0.05431796
 -0.07392204 -0.00000000   -0.00000000 -0.05431796   -0.04569767  0.00000000
    2    2
  0.13880441  0.00000000    0.00000000 -0.00148500   -0.00184346  0.00000000
  0.00000000  0.00148500    0.15550203  0.00000000    0.00000000 -0.00148500
 -0.00184346  0.00000000    0.00000000  0.00148500    0.13880441  0.00000000

     Dynamical  Matrix in cartesian axes

     q = (   -0.600000000   0.000000000  -0.600000000 ) 

    1    1
  0.13880441  0.00000000    0.00000000 -0.00148500    0.00184346  0.00000000
  0.00000000  0.00148500    0.15550203  0.00000000    0.00000000  0.00148500
  0.00184346  0.00000000    0.00000000 -0.00148500    0.13880441  0.00000000
    1    2
  0.01412136 -0.04346106   -0.05165945 -0.01678517   -0.02284317  0.07030404
 -0.05165945 -0.01678517    0.01796534 -0.05529164   -0.05165945 -0.01678517
 -0.02284317  0.07030404   -0.05165945 -0.01678517    0.01412136 -0.04346106
    2    1
  0.01412136  0.04346106   -0.05165945  0.01678517   -0.02284317 -0.07030404
 -0.05165945  0.01678517    0.01796534  0.05529164   -0.05165945  0.01678517
 -0.02284317 -0.07030404   -0.05165945  0.01678517    0.01412136  0.04346106
    2    2
  0.13880441  0.00000000    0.00000000  0.00148500    0.00184346  0.00000000
  0.00000000 -0.00148500    0.15550203  0.00000000    0.00000000 -0.00148500
  0.00184346  0.00000000    0.00000000  0.00148500    0.13880441  0.00000000

     Dynamical  Matrix in cartesian axes

     q = (    0.600000000   0.000000000  -0.600000000 ) 

    1    1
  0.13880441  0.00000000    0.00000000 -0.00148500   -0.00184346  0.00000000
  0.00000000  0.00148500    0.15550203  0.00000000    0.00000000 -0.00148500
 -0.00184346  0.00000000    0.00000000  0.00148500    0.13880441  0.00000000
    1    2
 -0.04569767  0.00000000   -0.00000000  0.05431796   -0.07392204  0.00000000
 -0.00000000  0.05431796   -0.05813708 -0.00000000   -0.00000000 -0.05431796
 -0.07392204  0.00000000   -0.00000000 -0.05431796   -0.04569767  0.00000000
    2    1
 -0.04569767  0.00000000    0.00000000 -0.05431796   -0.07392204 -0.00000000
  0.00000000 -0.05431796   -0.05813708  0.00000000   -0.00000000  0.05431796
 -0.07392204 -0.00000000    0.00000000  0.05431796   -0.04569767  0.00000000
    2    2
  0.13880441  0.00000000    0.00000000  0.00148500   -0.00184346  0.00000000
  0.00000000 -0.00148500    0.15550203  0.00000000    0.00000000  0.00148500
 -0.00184346  0.00000000    0.00000000 -0.00148500    0.13880441  0.00000000

     Dynamical  Matrix in cartesian axes

     q = (    0.000000000   0.600000000   0.600000000 ) 

    1    1
  0.15550203  0.00000000    0.00000000 -0.00148500    0.00000000 -0.00148500
  0.00000000  0.00148500    0.13880441  0.00000000    0.00184346  0.00000000
  0.00000000  0.00148500    0.00184346  0.00000000    0.13880441  0.00000000
    1    2
  0.01796534  0.05529164   -0.05165945  0.01678517   -0.05165945  0.01678517
 -0.05165945  0.01678517    0.01412136  0.04346106   -0.02284317 -0.07030404
 -0.05165945  0.01678517   -0.02284317 -0.07030404    0.01412136  0.04346106
    2    1
  0.01796534 -0.05529164   -0.05165945 -0.01678517   -0.05165945 -0.01678517
 -0.05165945 -0.01678517    0.01412136 -0.04346106   -0.02284317  0.07030404
 -0.05165945 -0.01678517   -0.02284317  0.07030404    0.01412136 -0.04346106
    2    2
  0.15550203  0.00000000    0.00000000  0.00148500   -0.00000000  0.00148500
  0.00000000 -0.00148500    0.13880441  0.00000000    0.00184346  0.00000000
  0.00000000 -0.00148500    0.00184346  0.00000000    0.13880441  0.00000000

     Dynamical  Matrix in cartesian axes

     q = (    0.000000000   0.600000000  -0.600000000 ) 

    1    1
  0.15550203  0.00000000    0.00000000  0.00148500    0.00000000 -0.00148500
  0.00000000 -0.00148500    0.13880441  0.00000000   -0.00184346  0.00000000
  0.00000000  0.00148500   -0.00184346  0.00000000    0.13880441  0.00000000
    1    2
 -0.05813708 -0.00000000   -0.00000000  0.05431796   -0.00000000 -0.05431796
 -0.00000000  0.05431796   -0.04569767  0.00000000   -0.07392204 -0.00000000
  0.00000000 -0.05431796   -0.07392204 -0.00000000   -0.04569767  0.00000000
    2    1
 -0.05813708 -0.00000000   -0.00000000 -0.05431796    0.00000000  0.05431796
  0.00000000 -0.05431796   -0.04569767 -0.00000000   -0.07392204 -0.00000000
  0.00000000  0.05431796   -0.07392204 -0.00000000   -0.04569767 -0.00000000
    2    2
  0.15550203  0.00000000    0.00000000 -0.00148500    0.00000000  0.00148500
  0.00000000  0.00148500    0.13880441  0.00000000   -0.00184346  0.00000000
  0.00000000 -0.00148500   -0.00184346  0.00000000    0.13880441  0.00000000

     Dynamical  Matrix in cartesian axes

     q = (    0.000000000  -0.600000000  -0.600000000 ) 

    1    1
  0.15550203  0.00000000    0.00000000  0.00148500    0.00000000  0.00148500
  0.00000000 -0.00148500    0.13880441  0.00000000    0.00184346  0.00000000
  0.00000000 -0.00148500    0.00184346  0.00000000    0.13880441  0.00000000
    1    2
  0.01796534 -0.05529164   -0.05165945 -0.01678517   -0.05165945 -0.01678517
 -0.05165945 -0.01678517    0.01412136 -0.04346106   -0.02284317  0.07030404
 -0.05165945 -0.01678517   -0.02284317  0.07030404    0.01412136 -0.04346106
    2    1
  0.01796534  0.05529164   -0.05165945  0.01678517   -0.05165945  0.01678517
 -0.05165945  0.01678517    0.01412136  0.04346106   -0.02284317 -0.07030404
 -0.05165945  0.01678517   -0.02284317 -0.07030404    0.01412136  0.04346106
    2    2
  0.15550203  0.00000000    0.00000000 -0.00148500    0.00000000 -0.00148500
  0.00000000  0.00148500    0.13880441  0.00000000    0.00184346  0.00000000
  0.00000000  0.00148500    0.00184346  0.00000000    0.13880441  0.00000000

     Dynamical  Matrix in cartesian axes

     q = (    0.600000000   0.600000000   0.000000000 ) 

    1    1
  0.13880441  0.00000000    0.00184346  0.00000000    0.00000000  0.00148500
  0.00184346  0.00000000    0.13880441  0.00000000    0.00000000  0.00148500
  0.00000000 -0.00148500    0.00000000 -0.00148500    0.15550203  0.00000000
    1    2
  0.01412136  0.04346106   -0.02284317 -0.07030404   -0.05165945  0.01678517
 -0.02284317 -0.07030404    0.01412136  0.04346106   -0.05165945  0.01678517
 -0.05165945  0.01678517   -0.05165945  0.01678517    0.01796534  0.05529164
    2    1
  0.01412136 -0.04346106   -0.02284317  0.07030404   -0.05165945 -0.01678517
 -0.02284317  0.07030404    0.01412136 -0.04346106   -0.05165945 -0.01678517
 -0.05165945 -0.01678517   -0.05165945 -0.01678517    0.01796534 -0.05529164
    2    2
  0.13880441  0.00000000    0.00184346  0.00000000    0.00000000 -0.00148500
  0.00184346  0.00000000    0.13880441  0.00000000    0.00000000 -0.00148500
  0.00000000  0.00148500    0.00000000  0.00148500    0.15550203  0.00000000

     Dynamical  Matrix in cartesian axes

     q = (    0.600000000  -0.600000000   0.000000000 ) 

    1    1
  0.13880441  0.00000000   -0.00184346  0.00000000    0.00000000 -0.00148500
 -0.00184346  0.00000000    0.13880441  0.00000000    0.00000000  0.00148500
 -0.00000000  0.00148500   -0.00000000 -0.00148500    0.15550203  0.00000000
    1    2
 -0.04569767  0.00000000   -0.07392204 -0.00000000    0.00000000  0.05431796
 -0.07392204 -0.00000000   -0.04569767  0.00000000   -0.00000000 -0.05431796
 -0.00000000  0.05431796   -0.00000000 -0.05431796   -0.05813708  0.00000000
    2    1
 -0.04569767  0.00000000   -0.07392204 -0.00000000    0.00000000 -0.05431796
 -0.07392204 -0.00000000   -0.04569767  0.00000000   -0.00000000  0.05431796
  0.00000000 -0.05431796   -0.00000000  0.05431796   -0.05813708 -0.00000000
    2    2
  0.13880441  0.00000000   -0.00184346  0.00000000   -0.00000000  0.00148500
 -0.00184346  0.00000000    0.13880441  0.00000000   -0.00000000 -0.00148500
  0.00000000 -0.00148500   -0.00000000  0.00148500    0.15550203  0.00000000

     Dynamical  Matrix in cartesian axes

     q = (   -0.600000000  -0.600000000   0.000000000 ) 

    1    1
  0.13880441  0.00000000    0.00184346  0.00000000    0.00000000 -0.00148500
  0.00184346  0.00000000    0.13880441  0.00000000    0.00000000 -0.00148500
  0.00000000  0.00148500    0.00000000  0.00148500    0.15550203  0.00000000
    1    2
  0.01412136 -0.04346106   -0.02284317  0.07030404   -0.05165945 -0.01678517
 -0.02284317  0.07030404    0.01412136 -0.04346106   -0.05165945 -0.01678517
 -0.05165945 -0.01678517   -0.05165945 -0.01678517    0.01796534 -0.05529164
    2    1
  0.01412136  0.04346106   -0.02284317 -0.07030404   -0.05165945  0.01678517
 -0.02284317 -0.07030404    0.01412136  0.04346106   -0.05165945  0.01678517
 -0.05165945  0.01678517   -0.05165945  0.01678517    0.01796534  0.05529164
    2    2
  0.13880441  0.00000000    0.00184346  0.00000000    0.00000000  0.00148500
  0.00184346  0.00000000    0.13880441  0.00000000    0.00000000  0.00148500
  0.00000000 -0.00148500    0.00000000 -0.00148500    0.15550203  0.00000000

     Dynamical  Matrix in cartesian axes

     q = (   -0.600000000   0.600000000   0.000000000 ) 

    1    1
  0.13880441  0.00000000   -0.00184346  0.00000000   -0.00000000  0.00148500
 -0.00184346  0.00000000    0.13880441  0.00000000   -0.00000000 -0.00148500
  0.00000000 -0.00148500   -0.00000000  0.00148500    0.15550203  0.00000000
    1    2
 -0.04569767  0.00000000   -0.07392204 -0.00000000    0.00000000 -0.05431796
 -0.07392204 -0.00000000   -0.04569767  0.00000000    0.00000000  0.05431796
  0.00000000 -0.05431796   -0.00000000  0.05431796   -0.05813708 -0.00000000
    2    1
 -0.04569767  0.00000000   -0.07392204  0.00000000    0.00000000  0.05431796
 -0.07392204 -0.00000000   -0.04569767  0.00000000    0.00000000 -0.05431796
  0.00000000  0.05431796    0.00000000 -0.05431796   -0.05813708  0.00000000
    2    2
  0.13880441  0.00000000   -0.00184346  0.00000000   -0.00000000 -0.00148500
 -0.00184346  0.00000000    0.13880441  0.00000000   -0.00000000  0.00148500
  0.00000000  0.00148500   -0.00000000 -0.00148500    0.15550203  0.00000000

     Dynamical  Matrix in cartesian axes

     q = (    0.000000000  -0.600000000   0.600000000 ) 

    1    1
  0.15550203  0.00000000    0.00000000 -0.00148500    0.00000000  0.00148500
  0.00000000  0.00148500    0.13880441  0.00000000   -0.00184346  0.00000000
  0.00000000 -0.00148500   -0.00184346  0.00000000    0.13880441  0.00000000
    1    2
 -0.05813708 -0.00000000   -0.00000000 -0.05431796    0.00000000  0.05431796
 -0.00000000 -0.05431796   -0.04569767  0.00000000   -0.07392204 -0.00000000
 -0.00000000  0.05431796   -0.07392204 -0.00000000   -0.04569767  0.00000000
    2    1
 -0.05813708  0.00000000   -0.00000000  0.05431796    0.00000000 -0.05431796
  0.00000000  0.05431796   -0.04569767  0.00000000   -0.07392204 -0.00000000
  0.00000000 -0.05431796   -0.07392204 -0.00000000   -0.04569767  0.00000000
    2    2
  0.15550203  0.00000000    0.00000000  0.00148500    0.00000000 -0.00148500
  0.00000000 -0.00148500    0.13880441  0.00000000   -0.00184346  0.00000000
  0.00000000  0.00148500   -0.00184346  0.00000000    0.13880441  0.00000000

     Diagonalizing the dynamical matrix

     q = (    0.600000000  -0.000000000   0.600000000 ) 

 **************************************************************************
     freq (    1) =       1.317062 [THz] =      43.932469 [cm-1]
 ( -0.154508 -0.475528  0.000000 -0.000000  0.154508  0.475528 ) 
 (  0.500000  0.000000 -0.000000  0.000000 -0.500000  0.000000 ) 
     freq (    2) =       1.726495 [THz] =      57.589666 [cm-1]
 (  0.103632  0.318948  0.498798 -0.162069  0.103632  0.318948 ) 
 (  0.335361  0.000000 -0.000000  0.524467  0.335361  0.000000 ) 
     freq (    3) =       3.305432 [THz] =     110.257346 [cm-1]
 (  0.123262  0.379361 -0.405493  0.131753  0.123262  0.379361 ) 
 ( -0.398884 -0.000000 -0.000000  0.426360 -0.398884  0.000000 ) 
     freq (    4) =       4.243167 [THz] =     141.536832 [cm-1]
 (  0.114600  0.352703 -0.451060  0.146558  0.114600  0.352703 ) 
 (  0.370854  0.000000  0.000000 -0.474272  0.370854  0.000000 ) 
     freq (    5) =       5.066153 [THz] =     168.988667 [cm-1]
 ( -0.154508 -0.475528  0.000000  0.000000  0.154508  0.475528 ) 
 ( -0.500000 -0.000000  0.000000 -0.000000  0.500000  0.000000 ) 
     freq (    6) =       5.228474 [THz] =     174.403119 [cm-1]
 ( -0.093163 -0.286727 -0.536498  0.174319 -0.093163 -0.286727 ) 
 (  0.301482  0.000000 -0.000000  0.564107  0.301482  0.000000 ) 
 **************************************************************************
