Dynamical matrix file
                                                                           
  1    2  2 12.5600000  0.0000000  0.0000000  0.0000000  0.0000000  0.0000000
           1  'Sn  '    108197.54598352207     
    1    1      0.0000000000      0.0000000000      0.0000000000
    2    1      0.2500000000      0.2500000000      0.2500000000

     Dynamical  Matrix in cartesian axes

     q = (    0.500000000  -0.100000000   0.500000000 ) 

    1    1
  0.14234289  0.00000000   -0.00182997  0.00177370    0.00055085  0.00000000
 -0.00182997 -0.00177370    0.15126233  0.00000000   -0.00182997 -0.00177370
  0.00055085  0.00000000   -0.00182997  0.00177370    0.14234289  0.00000000
    1    2
 -0.02182545  0.06475637   -0.05622803 -0.00021761    0.01925184 -0.05496795
 -0.05622803 -0.00021761   -0.02513181  0.07261654   -0.05622803 -0.00021761
  0.01925184 -0.05496795   -0.05622803 -0.00021761   -0.02182545  0.06475637
    2    1
 -0.02182545 -0.06475637   -0.05622803  0.00021761    0.01925184  0.05496795
 -0.05622803  0.00021761   -0.02513181 -0.07261654   -0.05622803  0.00021761
  0.01925184  0.05496795   -0.05622803  0.00021761   -0.02182545 -0.06475637
    2    2
  0.14234289  0.00000000   -0.00182997 -0.00177370    0.00055085  0.00000000
 -0.00182997  0.00177370    0.15126233  0.00000000   -0.00182997  0.00177370
  0.00055085  0.00000000   -0.00182997 -0.00177370    0.14234289  0.00000000

     Dynamical  Matrix in cartesian axes

     q = (    0.500000000   0.100000000  -0.500000000 ) 

    1    1
  0.14234289  0.00000000    0.00182997 -0.00177370   -0.00055085  0.00000000
  0.00182997  0.00177370    0.15126233  0.00000000   -0.00182997 -0.00177370
 -0.00055085  0.00000000   -0.00182997  0.00177370    0.14234289  0.00000000
    1    2
 -0.06833140 -0.00074642    0.01716846  0.05354328   -0.05822677 -0.00132356
  0.01716846  0.05354328   -0.07682859 -0.00146203   -0.01716846 -0.05354328
 -0.05822677 -0.00132356   -0.01716846 -0.05354328   -0.06833140 -0.00074642
    2    1
 -0.06833140  0.00074642    0.01716846 -0.05354328   -0.05822677  0.00132356
  0.01716846 -0.05354328   -0.07682859  0.00146203   -0.01716846  0.05354328
 -0.05822677  0.00132356   -0.01716846  0.05354328   -0.06833140  0.00074642
    2    2
  0.14234289  0.00000000    0.00182997  0.00177370   -0.00055085  0.00000000
  0.00182997 -0.00177370    0.15126233  0.00000000   -0.00182997  0.00177370
 -0.00055085  0.00000000   -0.00182997 -0.00177370    0.14234289  0.00000000

     Dynamical  Matrix in cartesian axes

     q = (    0.500000000  -0.100000000  -0.500000000 ) 

    1    1
  0.14234289  0.00000000   -0.00182997 -0.00177370   -0.00055085  0.00000000
 -0.00182997  0.00177370    0.15126233  0.00000000    0.00182997 -0.00177370
 -0.00055085  0.00000000    0.00182997  0.00177370    0.14234289  0.00000000
    1    2
 -0.06833140  0.00074642   -0.01716846  0.05354328   -0.05822677  0.00132356
 -0.01716846  0.05354328   -0.07682859  0.00146203    0.01716846 -0.05354328
 -0.05822677  0.00132356    0.01716846 -0.05354328   -0.06833140  0.00074642
    2    1
 -0.06833140 -0.00074642   -0.01716846 -0.05354328   -0.05822677 -0.00132356
 -0.01716846 -0.05354328   -0.07682859 -0.00146203    0.01716846  0.05354328
 -0.05822677 -0.00132356    0.01716846  0.05354328   -0.06833140 -0.00074642
    2    2
  0.14234289  0.00000000   -0.00182997  0.00177370   -0.00055085  0.00000000
 -0.00182997 -0.00177370    0.15126233  0.00000000    0.00182997  0.00177370
 -0.00055085  0.00000000    0.00182997 -0.00177370    0.14234289  0.00000000

     Dynamical  Matrix in cartesian axes

     q = (   -0.500000000  -0.100000000   0.500000000 ) 

    1    1
  0.14234289  0.00000000    0.00182997  0.00177370   -0.00055085  0.00000000
  0.00182997 -0.00177370    0.15126233  0.00000000   -0.00182997  0.00177370
 -0.00055085  0.00000000   -0.00182997 -0.00177370    0.14234289  0.00000000
    1    2
 -0.06833140  0.00074642    0.01716846 -0.05354328   -0.05822677  0.00132356
  0.01716846 -0.05354328   -0.07682859  0.00146203   -0.01716846  0.05354328
 -0.05822677  0.00132356   -0.01716846  0.05354328   -0.06833140  0.00074642
    2    1
 -0.06833140 -0.00074642    0.01716846  0.05354328   -0.05822677 -0.00132356
  0.01716846  0.05354328   -0.07682859 -0.00146203   -0.01716846 -0.05354328
 -0.05822677 -0.00132356   -0.01716846 -0.05354328   -0.06833140 -0.00074642
    2    2
  0.14234289  0.00000000    0.00182997 -0.00177370   -0.00055085  0.00000000
  0.00182997  0.00177370    0.15126233  0.00000000   -0.00182997 -0.00177370
 -0.00055085  0.00000000   -0.00182997  0.00177370    0.14234289  0.00000000

     Dynamical  Matrix in cartesian axes

     q = (   -0.500000000  -0.100000000  -0.500000000 ) 

    1    1
  0.14234289  0.00000000    0.00182997 -0.00177370    0.00055085  0.00000000
  0.00182997  0.00177370    0.15126233  0.00000000    0.00182997  0.00177370
  0.00055085  0.00000000    0.00182997 -0.00177370    0.14234289  0.00000000
    1    2
  0.02182545 -0.06475637   -0.05622803 -0.00021761   -0.01925184  0.05496795
 -0.05622803 -0.00021761    0.02513181 -0.07261654   -0.05622803 -0.00021761
 -0.01925184  0.05496795   -0.05622803 -0.00021761    0.02182545 -0.06475637
    2    1
  0.02182545  0.06475637   -0.05622803  0.00021761   -0.01925184 -0.05496795
 -0.05622803  0.00021761    0.02513181  0.07261654   -0.05622803  0.00021761
 -0.01925184 -0.05496795   -0.05622803  0.00021761    0.02182545  0.06475637
    2    2
  0.14234289  0.00000000    0.00182997  0.00177370    0.00055085  0.00000000
  0.00182997 -0.00177370    0.15126233  0.00000000    0.00182997 -0.00177370
  0.00055085  0.00000000    0.00182997  0.00177370    0.14234289  0.00000000

     Dynamical  Matrix in cartesian axes

     q = (   -0.500000000   0.100000000  -0.500000000 ) 

    1    1
  0.14234289  0.00000000   -0.00182997 -0.00177370    0.00055085  0.00000000
 -0.00182997  0.00177370    0.15126233  0.00000000   -0.00182997  0.00177370
  0.00055085  0.00000000   -0.00182997 -0.00177370    0.14234289  0.00000000
    1    2
 -0.02182545 -0.06475637   -0.05622803  0.00021761    0.01925184  0.05496795
 -0.05622803  0.00021761   -0.02513181 -0.07261654   -0.05622803  0.00021761
  0.01925184  0.05496795   -0.05622803  0.00021761   -0.02182545 -0.06475637
    2    1
 -0.02182545  0.06475637   -0.05622803 -0.00021761    0.01925184 -0.05496795
 -0.05622803 -0.00021761   -0.02513181  0.07261654   -0.05622803 -0.00021761
  0.01925184 -0.05496795   -0.05622803 -0.00021761   -0.02182545  0.06475637
    2    2
  0.14234289  0.00000000   -0.00182997  0.00177370    0.00055085  0.00000000
 -0.00182997 -0.00177370    0.15126233  0.00000000   -0.00182997 -0.00177370
  0.00055085  0.00000000   -0.00182997  0.00177370    0.14234289  0.00000000

     Dynamical  Matrix in cartesian axes

     q = (   -0.500000000   0.100000000   0.500000000 ) 

    1    1
  0.14234289  0.00000000   -0.00182997  0.00177370   -0.00055085  0.00000000
 -0.00182997 -0.00177370    0.15126233  0.00000000    0.00182997  0.00177370
 -0.00055085  0.00000000    0.00182997 -0.00177370    0.14234289  0.00000000
    1    2
 -0.06833140 -0.00074642   -0.01716846 -0.05354328   -0.05822677 -0.00132356
 -0.01716846 -0.05354328   -0.07682859 -0.00146203    0.01716846  0.05354328
 -0.05822677 -0.00132356    0.01716846  0.05354328   -0.06833140 -0.00074642
    2    1
 -0.06833140  0.00074642   -0.01716846  0.05354328   -0.05822677  0.00132356
 -0.01716846  0.05354328   -0.07682859  0.00146203    0.01716846 -0.05354328
 -0.05822677  0.00132356    0.01716846 -0.05354328   -0.06833140  0.00074642
    2    2
  0.14234289  0.00000000   -0.00182997 -0.00177370   -0.00055085  0.00000000
 -0.00182997  0.00177370    0.15126233  0.00000000    0.00182997 -0.00177370
 -0.00055085  0.00000000    0.00182997  0.00177370    0.14234289  0.00000000

     Dynamical  Matrix in cartesian axes

     q = (    0.500000000   0.100000000   0.500000000 ) 

    1    1
  0.14234289  0.00000000    0.00182997  0.00177370    0.00055085  0.00000000
  0.00182997 -0.00177370    0.15126233  0.00000000    0.00182997 -0.00177370
  0.00055085  0.00000000    0.00182997  0.00177370    0.14234289  0.00000000
    1    2
  0.02182545  0.06475637   -0.05622803  0.00021761   -0.01925184 -0.05496795
 -0.05622803  0.00021761    0.02513181  0.07261654   -0.05622803  0.00021761
 -0.01925184 -0.05496795   -0.05622803  0.00021761    0.02182545  0.06475637
    2    1
  0.02182545 -0.06475637   -0.05622803 -0.00021761   -0.01925184  0.05496795
 -0.05622803 -0.00021761    0.02513181 -0.07261654   -0.05622803 -0.00021761
 -0.01925184  0.05496795   -0.05622803 -0.00021761    0.02182545 -0.06475637
    2    2
  0.14234289  0.00000000    0.00182997 -0.00177370    0.00055085  0.00000000
  0.00182997  0.00177370    0.15126233  0.00000000    0.00182997  0.00177370
  0.00055085  0.00000000    0.00182997 -0.00177370    0.14234289  0.00000000

     Dynamical  Matrix in cartesian axes

     q = (   -0.100000000   0.500000000   0.500000000 ) 

    1    1
  0.15126233  0.00000000   -0.00182997 -0.00177370   -0.00182997 -0.00177370
 -0.00182997  0.00177370    0.14234289  0.00000000    0.00055085  0.00000000
 -0.00182997  0.00177370    0.00055085  0.00000000    0.14234289  0.00000000
    1    2
 -0.02513181  0.07261654   -0.05622803 -0.00021761   -0.05622803 -0.00021761
 -0.05622803 -0.00021761   -0.02182545  0.06475637    0.01925184 -0.05496795
 -0.05622803 -0.00021761    0.01925184 -0.05496795   -0.02182545  0.06475637
    2    1
 -0.02513181 -0.07261654   -0.05622803  0.00021761   -0.05622803  0.00021761
 -0.05622803  0.00021761   -0.02182545 -0.06475637    0.01925184  0.05496795
 -0.05622803  0.00021761    0.01925184  0.05496795   -0.02182545 -0.06475637
    2    2
  0.15126233  0.00000000   -0.00182997  0.00177370   -0.00182997  0.00177370
 -0.00182997 -0.00177370    0.14234289  0.00000000    0.00055085  0.00000000
 -0.00182997 -0.00177370    0.00055085  0.00000000    0.14234289  0.00000000

     Dynamical  Matrix in cartesian axes

     q = (    0.100000000   0.500000000  -0.500000000 ) 

    1    1
  0.15126233  0.00000000    0.00182997  0.00177370   -0.00182997 -0.00177370
  0.00182997 -0.00177370    0.14234289  0.00000000   -0.00055085  0.00000000
 -0.00182997  0.00177370   -0.00055085  0.00000000    0.14234289  0.00000000
    1    2
 -0.07682859 -0.00146203    0.01716846  0.05354328   -0.01716846 -0.05354328
  0.01716846  0.05354328   -0.06833140 -0.00074642   -0.05822677 -0.00132356
 -0.01716846 -0.05354328   -0.05822677 -0.00132356   -0.06833140 -0.00074642
    2    1
 -0.07682859  0.00146203    0.01716846 -0.05354328   -0.01716846  0.05354328
  0.01716846 -0.05354328   -0.06833140  0.00074642   -0.05822677  0.00132356
 -0.01716846  0.05354328   -0.05822677  0.00132356   -0.06833140  0.00074642
    2    2
  0.15126233  0.00000000    0.00182997 -0.00177370   -0.00182997  0.00177370
  0.00182997  0.00177370    0.14234289  0.00000000   -0.00055085  0.00000000
 -0.00182997 -0.00177370   -0.00055085  0.00000000    0.14234289  0.00000000

     Dynamical  Matrix in cartesian axes

     q = (   -0.100000000  -0.500000000  -0.500000000 ) 

    1    1
  0.15126233  0.00000000    0.00182997  0.00177370    0.00182997  0.00177370
  0.00182997 -0.00177370    0.14234289  0.00000000    0.00055085  0.00000000
  0.00182997 -0.00177370    0.00055085  0.00000000    0.14234289  0.00000000
    1    2
  0.02513181 -0.07261654   -0.05622803 -0.00021761   -0.05622803 -0.00021761
 -0.05622803 -0.00021761    0.02182545 -0.06475637   -0.01925184  0.05496795
 -0.05622803 -0.00021761   -0.01925184  0.05496795    0.02182545 -0.06475637
    2    1
  0.02513181  0.07261654   -0.05622803  0.00021761   -0.05622803  0.00021761
 -0.05622803  0.00021761    0.02182545  0.06475637   -0.01925184 -0.05496795
 -0.05622803  0.00021761   -0.01925184 -0.05496795    0.02182545  0.06475637
    2    2
  0.15126233  0.00000000    0.00182997 -0.00177370    0.00182997 -0.00177370
  0.00182997  0.00177370    0.14234289  0.00000000    0.00055085  0.00000000
  0.00182997  0.00177370    0.00055085  0.00000000    0.14234289  0.00000000

     Dynamical  Matrix in cartesian axes

     q = (   -0.100000000   0.500000000  -0.500000000 ) 

    1    1
  0.15126233  0.00000000   -0.00182997  0.00177370    0.00182997 -0.00177370
 -0.00182997 -0.00177370    0.14234289  0.00000000   -0.00055085  0.00000000
  0.00182997  0.00177370   -0.00055085  0.00000000    0.14234289  0.00000000
    1    2
 -0.07682859  0.00146203   -0.01716846  0.05354328    0.01716846 -0.05354328
 -0.01716846  0.05354328   -0.06833140  0.00074642   -0.05822677  0.00132356
  0.01716846 -0.05354328   -0.05822677  0.00132356   -0.06833140  0.00074642
    2    1
 -0.07682859 -0.00146203   -0.01716846 -0.05354328    0.01716846  0.05354328
 -0.01716846 -0.05354328   -0.06833140 -0.00074642   -0.05822677 -0.00132356
  0.01716846  0.05354328   -0.05822677 -0.00132356   -0.06833140 -0.00074642
    2    2
  0.15126233  0.00000000   -0.00182997 -0.00177370    0.00182997  0.00177370
 -0.00182997  0.00177370    0.14234289  0.00000000   -0.00055085  0.00000000
  0.00182997 -0.00177370   -0.00055085  0.00000000    0.14234289  0.00000000

     Dynamical  Matrix in cartesian axes

     q = (    0.500000000   0.500000000  -0.100000000 ) 

    1    1
  0.14234289  0.00000000    0.00055085  0.00000000   -0.00182997  0.00177370
  0.00055085  0.00000000    0.14234289  0.00000000   -0.00182997  0.00177370
 -0.00182997 -0.00177370   -0.00182997 -0.00177370    0.15126233  0.00000000
    1    2
 -0.02182545  0.06475637    0.01925184 -0.05496795   -0.05622803 -0.00021761
  0.01925184 -0.05496795   -0.02182545  0.06475637   -0.05622803 -0.00021761
 -0.05622803 -0.00021761   -0.05622803 -0.00021761   -0.02513181  0.07261654
    2    1
 -0.02182545 -0.06475637    0.01925184  0.05496795   -0.05622803  0.00021761
  0.01925184  0.05496795   -0.02182545 -0.06475637   -0.05622803  0.00021761
 -0.05622803  0.00021761   -0.05622803  0.00021761   -0.02513181 -0.07261654
    2    2
  0.14234289  0.00000000    0.00055085  0.00000000   -0.00182997 -0.00177370
  0.00055085  0.00000000    0.14234289  0.00000000   -0.00182997 -0.00177370
 -0.00182997  0.00177370   -0.00182997  0.00177370    0.15126233  0.00000000

     Dynamical  Matrix in cartesian axes

     q = (    0.500000000  -0.500000000   0.100000000 ) 

    1    1
  0.14234289  0.00000000   -0.00055085  0.00000000    0.00182997 -0.00177370
 -0.00055085  0.00000000    0.14234289  0.00000000   -0.00182997  0.00177370
  0.00182997  0.00177370   -0.00182997 -0.00177370    0.15126233  0.00000000
    1    2
 -0.06833140 -0.00074642   -0.05822677 -0.00132356    0.01716846  0.05354328
 -0.05822677 -0.00132356   -0.06833140 -0.00074642   -0.01716846 -0.05354328
  0.01716846  0.05354328   -0.01716846 -0.05354328   -0.07682859 -0.00146203
    2    1
 -0.06833140  0.00074642   -0.05822677  0.00132356    0.01716846 -0.05354328
 -0.05822677  0.00132356   -0.06833140  0.00074642   -0.01716846  0.05354328
  0.01716846 -0.05354328   -0.01716846  0.05354328   -0.07682859  0.00146203
    2    2
  0.14234289  0.00000000   -0.00055085  0.00000000    0.00182997  0.00177370
 -0.00055085  0.00000000    0.14234289  0.00000000   -0.00182997 -0.00177370
  0.00182997 -0.00177370   -0.00182997  0.00177370    0.15126233  0.00000000

     Dynamical  Matrix in cartesian axes

     q = (   -0.500000000  -0.500000000  -0.100000000 ) 

    1    1
  0.14234289  0.00000000    0.00055085  0.00000000    0.00182997 -0.00177370
  0.00055085  0.00000000    0.14234289  0.00000000    0.00182997 -0.00177370
  0.00182997  0.00177370    0.00182997  0.00177370    0.15126233  0.00000000
    1    2
  0.02182545 -0.06475637   -0.01925184  0.05496795   -0.05622803 -0.00021761
 -0.01925184  0.05496795    0.02182545 -0.06475637   -0.05622803 -0.00021761
 -0.05622803 -0.00021761   -0.05622803 -0.00021761    0.02513181 -0.07261654
    2    1
  0.02182545  0.06475637   -0.01925184 -0.05496795   -0.05622803  0.00021761
 -0.01925184 -0.05496795    0.02182545  0.06475637   -0.05622803  0.00021761
 -0.05622803  0.00021761   -0.05622803  0.00021761    0.02513181  0.07261654
    2    2
  0.14234289  0.00000000    0.00055085  0.00000000    0.00182997  0.00177370
  0.00055085  0.00000000    0.14234289  0.00000000    0.00182997  0.00177370
  0.00182997 -0.00177370    0.00182997 -0.00177370    0.15126233  0.00000000

     Dynamical  Matrix in cartesian axes

     q = (   -0.500000000   0.500000000   0.100000000 ) 

    1    1
  0.14234289  0.00000000   -0.00055085  0.00000000   -0.00182997  0.00177370
 -0.00055085  0.00000000    0.14234289  0.00000000    0.00182997 -0.00177370
 -0.00182997 -0.00177370    0.00182997  0.00177370    0.15126233  0.00000000
    1    2
 -0.06833140 -0.00074642   -0.05822677 -0.00132356   -0.01716846 -0.05354328
 -0.05822677 -0.00132356   -0.06833140 -0.00074642    0.01716846  0.05354328
 -0.01716846 -0.05354328    0.01716846  0.05354328   -0.07682859 -0.00146203
    2    1
 -0.06833140  0.00074642   -0.05822677  0.00132356   -0.01716846  0.05354328
 -0.05822677  0.00132356   -0.06833140  0.00074642    0.01716846 -0.05354328
 -0.01716846  0.05354328    0.01716846 -0.05354328   -0.07682859  0.00146203
    2    2
  0.14234289  0.00000000   -0.00055085  0.00000000   -0.00182997 -0.00177370
 -0.00055085  0.00000000    0.14234289  0.00000000    0.00182997  0.00177370
 -0.00182997  0.00177370    0.00182997 -0.00177370    0.15126233  0.00000000

     Dynamical  Matrix in cartesian axes

     q = (    0.100000000  -0.500000000   0.500000000 ) 

    1    1
  0.15126233  0.00000000   -0.00182997 -0.00177370    0.00182997  0.00177370
 -0.00182997  0.00177370    0.14234289  0.00000000   -0.00055085  0.00000000
  0.00182997 -0.00177370   -0.00055085  0.00000000    0.14234289  0.00000000
    1    2
 -0.07682859 -0.00146203   -0.01716846 -0.05354328    0.01716846  0.05354328
 -0.01716846 -0.05354328   -0.06833140 -0.00074642   -0.05822677 -0.00132356
  0.01716846  0.05354328   -0.05822677 -0.00132356   -0.06833140 -0.00074642
    2    1
 -0.07682859  0.00146203   -0.01716846  0.05354328    0.01716846 -0.05354328
 -0.01716846  0.05354328   -0.06833140  0.00074642   -0.05822677  0.00132356
  0.01716846 -0.05354328   -0.05822677  0.00132356   -0.06833140  0.00074642
    2    2
  0.15126233  0.00000000   -0.00182997  0.00177370    0.00182997 -0.00177370
 -0.00182997 -0.00177370    0.14234289  0.00000000   -0.00055085  0.00000000
  0.00182997  0.00177370   -0.00055085  0.00000000    0.14234289  0.00000000

     Dynamical  Matrix in cartesian axes

     q = (   -0.500000000   0.500000000  -0.100000000 ) 

    1    1
  0.14234289  0.00000000   -0.00055085  0.00000000    0.00182997  0.00177370
 -0.00055085  0.00000000    0.14234289  0.00000000   -0.00182997 -0.00177370
  0.00182997 -0.00177370   -0.00182997  0.00177370    0.15126233  0.00000000
    1    2
 -0.06833140  0.00074642   -0.05822677  0.00132356    0.01716846 -0.05354328
 -0.05822677  0.00132356   -0.06833140  0.00074642   -0.01716846  0.05354328
  0.01716846 -0.05354328   -0.01716846  0.05354328   -0.07682859  0.00146203
    2    1
 -0.06833140 -0.00074642   -0.05822677 -0.00132356    0.01716846  0.05354328
 -0.05822677 -0.00132356   -0.06833140 -0.00074642   -0.01716846 -0.05354328
  0.01716846  0.05354328   -0.01716846 -0.05354328   -0.07682859 -0.00146203
    2    2
  0.14234289  0.00000000   -0.00055085  0.00000000    0.00182997 -0.00177370
 -0.00055085  0.00000000    0.14234289  0.00000000   -0.00182997  0.00177370
  0.00182997  0.00177370   -0.00182997 -0.00177370    0.15126233  0.00000000

     Dynamical  Matrix in cartesian axes

     q = (    0.100000000   0.500000000   0.500000000 ) 

    1    1
  0.15126233  0.00000000    0.00182997 -0.00177370    0.00182997 -0.00177370
  0.00182997  0.00177370    0.14234289  0.00000000    0.00055085  0.00000000
  0.00182997  0.00177370    0.00055085  0.00000000    0.14234289  0.00000000
    1    2
  0.02513181  0.07261654   -0.05622803  0.00021761   -0.05622803  0.00021761
 -0.05622803  0.00021761    0.02182545  0.06475637   -0.01925184 -0.05496795
 -0.05622803  0.00021761   -0.01925184 -0.05496795    0.02182545  0.06475637
    2    1
  0.02513181 -0.07261654   -0.05622803 -0.00021761   -0.05622803 -0.00021761
 -0.05622803 -0.00021761    0.02182545 -0.06475637   -0.01925184  0.05496795
 -0.05622803 -0.00021761   -0.01925184  0.05496795    0.02182545 -0.06475637
    2    2
  0.15126233  0.00000000    0.00182997  0.00177370    0.00182997  0.00177370
  0.00182997 -0.00177370    0.14234289  0.00000000    0.00055085  0.00000000
  0.00182997 -0.00177370    0.00055085  0.00000000    0.14234289  0.00000000

     Dynamical  Matrix in cartesian axes

     q = (   -0.100000000  -0.500000000   0.500000000 ) 

    1    1
  0.15126233  0.00000000    0.00182997 -0.00177370   -0.00182997  0.00177370
  0.00182997  0.00177370    0.14234289  0.00000000   -0.00055085  0.00000000
 -0.00182997 -0.00177370   -0.00055085  0.00000000    0.14234289  0.00000000
    1    2
 -0.07682859  0.00146203    0.01716846 -0.05354328   -0.01716846  0.05354328
  0.01716846 -0.05354328   -0.06833140  0.00074642   -0.05822677  0.00132356
 -0.01716846  0.05354328   -0.05822677  0.00132356   -0.06833140  0.00074642
    2    1
 -0.07682859 -0.00146203    0.01716846  0.05354328   -0.01716846 -0.05354328
  0.01716846  0.05354328   -0.06833140 -0.00074642   -0.05822677 -0.00132356
 -0.01716846 -0.05354328   -0.05822677 -0.00132356   -0.06833140 -0.00074642
    2    2
  0.15126233  0.00000000    0.00182997  0.00177370   -0.00182997 -0.00177370
  0.00182997 -0.00177370    0.14234289  0.00000000   -0.00055085  0.00000000
 -0.00182997  0.00177370   -0.00055085  0.00000000    0.14234289  0.00000000

     Dynamical  Matrix in cartesian axes

     q = (   -0.500000000  -0.500000000   0.100000000 ) 

    1    1
  0.14234289  0.00000000    0.00055085  0.00000000   -0.00182997 -0.00177370
  0.00055085  0.00000000    0.14234289  0.00000000   -0.00182997 -0.00177370
 -0.00182997  0.00177370   -0.00182997  0.00177370    0.15126233  0.00000000
    1    2
 -0.02182545 -0.06475637    0.01925184  0.05496795   -0.05622803  0.00021761
  0.01925184  0.05496795   -0.02182545 -0.06475637   -0.05622803  0.00021761
 -0.05622803  0.00021761   -0.05622803  0.00021761   -0.02513181 -0.07261654
    2    1
 -0.02182545  0.06475637    0.01925184 -0.05496795   -0.05622803 -0.00021761
  0.01925184 -0.05496795   -0.02182545  0.06475637   -0.05622803 -0.00021761
 -0.05622803 -0.00021761   -0.05622803 -0.00021761   -0.02513181  0.07261654
    2    2
  0.14234289  0.00000000    0.00055085  0.00000000   -0.00182997  0.00177370
  0.00055085  0.00000000    0.14234289  0.00000000   -0.00182997  0.00177370
 -0.00182997 -0.00177370   -0.00182997 -0.00177370    0.15126233  0.00000000

     Dynamical  Matrix in cartesian axes

     q = (    0.500000000   0.500000000   0.100000000 ) 

    1    1
  0.14234289  0.00000000    0.00055085  0.00000000    0.00182997  0.00177370
  0.00055085  0.00000000    0.14234289  0.00000000    0.00182997  0.00177370
  0.00182997 -0.00177370    0.00182997 -0.00177370    0.15126233  0.00000000
    1    2
  0.02182545  0.06475637   -0.01925184 -0.05496795   -0.05622803  0.00021761
 -0.01925184 -0.05496795    0.02182545  0.06475637   -0.05622803  0.00021761
 -0.05622803  0.00021761   -0.05622803  0.00021761    0.02513181  0.07261654
    2    1
  0.02182545 -0.06475637   -0.01925184  0.05496795   -0.05622803 -0.00021761
 -0.01925184  0.05496795    0.02182545 -0.06475637   -0.05622803 -0.00021761
 -0.05622803 -0.00021761   -0.05622803 -0.00021761    0.02513181 -0.07261654
    2    2
  0.14234289  0.00000000    0.00055085  0.00000000    0.00182997 -0.00177370
  0.00055085  0.00000000    0.14234289  0.00000000    0.00182997 -0.00177370
  0.00182997  0.00177370    0.00182997  0.00177370    0.15126233  0.00000000

     Dynamical  Matrix in cartesian axes

     q = (    0.100000000  -0.500000000  -0.500000000 ) 

    1    1
  0.15126233  0.00000000   -0.00182997  0.00177370   -0.00182997  0.00177370
 -0.00182997 -0.00177370    0.14234289  0.00000000    0.00055085  0.00000000
 -0.00182997 -0.00177370    0.00055085  0.00000000    0.14234289  0.00000000
    1    2
 -0.02513181 -0.07261654   -0.05622803  0.00021761   -0.05622803  0.00021761
 -0.05622803  0.00021761   -0.02182545 -0.06475637    0.01925184  0.05496795
 -0.05622803  0.00021761    0.01925184  0.05496795   -0.02182545 -0.06475637
    2    1
 -0.02513181  0.07261654   -0.05622803 -0.00021761   -0.05622803 -0.00021761
 -0.05622803 -0.00021761   -0.02182545  0.06475637    0.01925184 -0.05496795
 -0.05622803 -0.00021761    0.01925184 -0.05496795   -0.02182545  0.06475637
    2    2
  0.15126233  0.00000000   -0.00182997 -0.00177370   -0.00182997 -0.00177370
 -0.00182997  0.00177370    0.14234289  0.00000000    0.00055085  0.00000000
 -0.00182997  0.00177370    0.00055085  0.00000000    0.14234289  0.00000000

     Dynamical  Matrix in cartesian axes

     q = (    0.500000000  -0.500000000  -0.100000000 ) 

    1    1
  0.14234289  0.00000000   -0.00055085  0.00000000   -0.00182997 -0.00177370
 -0.00055085  0.00000000    0.14234289  0.00000000    0.00182997  0.00177370
 -0.00182997  0.00177370    0.00182997 -0.00177370    0.15126233  0.00000000
    1    2
 -0.06833140  0.00074642   -0.05822677  0.00132356   -0.01716846  0.05354328
 -0.05822677  0.00132356   -0.06833140  0.00074642    0.01716846 -0.05354328
 -0.01716846  0.05354328    0.01716846 -0.05354328   -0.07682859  0.00146203
    2    1
 -0.06833140 -0.00074642   -0.05822677 -0.00132356   -0.01716846 -0.05354328
 -0.05822677 -0.00132356   -0.06833140 -0.00074642    0.01716846  0.05354328
 -0.01716846 -0.05354328    0.01716846  0.05354328   -0.07682859 -0.00146203
    2    2
  0.14234289  0.00000000   -0.00055085  0.00000000   -0.00182997  0.00177370
 -0.00055085  0.00000000    0.14234289  0.00000000    0.00182997 -0.00177370
 -0.00182997 -0.00177370    0.00182997  0.00177370    0.15126233  0.00000000

     Diagonalizing the dynamical matrix

     q = (    0.500000000  -0.100000000   0.500000000 ) 

 **************************************************************************
     freq (    1) =       1.233758 [THz] =      41.153750 [cm-1]
 (  0.162264 -0.472938 -0.000000  0.000000 -0.162264  0.472938 ) 
 (  0.500000 -0.000000 -0.000000 -0.000000 -0.500000  0.000000 ) 
     freq (    2) =       1.593399 [THz] =      53.150060 [cm-1]
 ( -0.159107 -0.214446 -0.594647  0.061566 -0.159107 -0.214446 ) 
 ( -0.267024  0.000000 -0.304879 -0.514242 -0.267024  0.000000 ) 
     freq (    3) =       2.967966 [THz] =      99.000685 [cm-1]
 (  0.155531  0.401739 -0.353415 -0.062690  0.155531  0.401739 ) 
 ( -0.430795  0.000000  0.186056  0.306945 -0.430795  0.000000 ) 
     freq (    4) =       4.472437 [THz] =     149.184447 [cm-1]
 ( -0.100606 -0.412967  0.371689  0.022803 -0.100606 -0.412967 ) 
 ( -0.425046  0.000000  0.110132  0.355729 -0.425046  0.000000 ) 
     freq (    5) =       5.181208 [THz] =     172.826487 [cm-1]
 (  0.162264 -0.472938  0.000000 -0.000000 -0.162264  0.472938 ) 
 ( -0.500000  0.000000 -0.000000 -0.000000  0.500000  0.000000 ) 
     freq (    6) =       5.243925 [THz] =     174.918521 [cm-1]
 ( -0.073013 -0.238996 -0.612444 -0.003500 -0.073013 -0.238996 ) 
 (  0.249900 -0.000000  0.182284  0.584699  0.249900 -0.000000 ) 
 **************************************************************************
