Dynamical matrix file
                                                                           
  1    2  2 12.5600000  0.0000000  0.0000000  0.0000000  0.0000000  0.0000000
           1  'Sn  '    108197.54598352207     
    1    1      0.0000000000      0.0000000000      0.0000000000
    2    1      0.2500000000      0.2500000000      0.2500000000

     Dynamical  Matrix in cartesian axes

     q = (   -0.200000000   0.400000000  -0.200000000 ) 

    1    1
  0.14421903  0.00000000   -0.00310776  0.00080257    0.00271764  0.00000000
 -0.00310776 -0.00080257    0.15301220  0.00000000   -0.00310776 -0.00080257
  0.00271764  0.00000000   -0.00310776  0.00080257    0.14421903  0.00000000
    1    2
 -0.10288008  0.00982394   -0.01830725  0.02438254    0.00899541 -0.05631808
 -0.01830725  0.02438254   -0.10930571  0.01361456   -0.01830725  0.02438254
  0.00899541 -0.05631808   -0.01830725  0.02438254   -0.10288008  0.00982394
    2    1
 -0.10288008 -0.00982394   -0.01830725 -0.02438254    0.00899541  0.05631808
 -0.01830725 -0.02438254   -0.10930571 -0.01361456   -0.01830725 -0.02438254
  0.00899541  0.05631808   -0.01830725 -0.02438254   -0.10288008 -0.00982394
    2    2
  0.14421903  0.00000000   -0.00310776 -0.00080257    0.00271764  0.00000000
 -0.00310776  0.00080257    0.15301220  0.00000000   -0.00310776  0.00080257
  0.00271764  0.00000000   -0.00310776 -0.00080257    0.14421903  0.00000000

     Dynamical  Matrix in cartesian axes

     q = (    0.200000000   0.400000000  -0.200000000 ) 

    1    1
  0.14421903  0.00000000    0.00310776  0.00080257   -0.00271764  0.00000000
  0.00310776 -0.00080257    0.15301220  0.00000000   -0.00310776  0.00080257
 -0.00271764  0.00000000   -0.00310776 -0.00080257    0.14421903  0.00000000
    1    2
 -0.08900610  0.05252367    0.02914257  0.00896516   -0.04038037 -0.04027492
  0.02914257  0.00896516   -0.09643261  0.05323387   -0.02914257 -0.00896516
 -0.04038037 -0.04027492   -0.02914257 -0.00896516   -0.08900610  0.05252367
    2    1
 -0.08900610 -0.05252367    0.02914257 -0.00896516   -0.04038037  0.04027492
  0.02914257 -0.00896516   -0.09643261 -0.05323387   -0.02914257  0.00896516
 -0.04038037  0.04027492   -0.02914257  0.00896516   -0.08900610 -0.05252367
    2    2
  0.14421903  0.00000000    0.00310776 -0.00080257   -0.00271764  0.00000000
  0.00310776  0.00080257    0.15301220  0.00000000   -0.00310776 -0.00080257
 -0.00271764  0.00000000   -0.00310776  0.00080257    0.14421903  0.00000000

     Dynamical  Matrix in cartesian axes

     q = (    0.200000000   0.400000000   0.200000000 ) 

    1    1
  0.14421903  0.00000000    0.00310776 -0.00080257    0.00271764  0.00000000
  0.00310776  0.00080257    0.15301220  0.00000000    0.00310776  0.00080257
  0.00271764  0.00000000    0.00310776 -0.00080257    0.14421903  0.00000000
    1    2
 -0.02244858  0.10088054   -0.01753192 -0.02494584   -0.05078194 -0.02595839
 -0.01753192 -0.02494584   -0.02082911  0.10816304   -0.01753192 -0.02494584
 -0.05078194 -0.02595839   -0.01753192 -0.02494584   -0.02244858  0.10088054
    2    1
 -0.02244858 -0.10088054   -0.01753192  0.02494584   -0.05078194  0.02595839
 -0.01753192  0.02494584   -0.02082911 -0.10816304   -0.01753192  0.02494584
 -0.05078194  0.02595839   -0.01753192  0.02494584   -0.02244858 -0.10088054
    2    2
  0.14421903  0.00000000    0.00310776  0.00080257    0.00271764  0.00000000
  0.00310776 -0.00080257    0.15301220  0.00000000    0.00310776 -0.00080257
  0.00271764  0.00000000    0.00310776  0.00080257    0.14421903  0.00000000

     Dynamical  Matrix in cartesian axes

     q = (   -0.200000000   0.400000000   0.200000000 ) 

    1    1
  0.14421903  0.00000000   -0.00310776 -0.00080257   -0.00271764  0.00000000
 -0.00310776  0.00080257    0.15301220  0.00000000    0.00310776 -0.00080257
 -0.00271764  0.00000000    0.00310776  0.00080257    0.14421903  0.00000000
    1    2
 -0.08900610  0.05252367   -0.02914257 -0.00896516   -0.04038037 -0.04027492
 -0.02914257 -0.00896516   -0.09643261  0.05323387    0.02914257  0.00896516
 -0.04038037 -0.04027492    0.02914257  0.00896516   -0.08900610  0.05252367
    2    1
 -0.08900610 -0.05252367   -0.02914257  0.00896516   -0.04038037  0.04027492
 -0.02914257  0.00896516   -0.09643261 -0.05323387    0.02914257 -0.00896516
 -0.04038037  0.04027492    0.02914257 -0.00896516   -0.08900610 -0.05252367
    2    2
  0.14421903  0.00000000   -0.00310776  0.00080257   -0.00271764  0.00000000
 -0.00310776 -0.00080257    0.15301220  0.00000000    0.00310776  0.00080257
 -0.00271764  0.00000000    0.00310776 -0.00080257    0.14421903  0.00000000

     Dynamical  Matrix in cartesian axes

     q = (    0.200000000  -0.400000000   0.200000000 ) 

    1    1
  0.14421903  0.00000000   -0.00310776 -0.00080257    0.00271764  0.00000000
 -0.00310776  0.00080257    0.15301220  0.00000000   -0.00310776  0.00080257
  0.00271764  0.00000000   -0.00310776 -0.00080257    0.14421903  0.00000000
    1    2
 -0.10288008 -0.00982394   -0.01830725 -0.02438254    0.00899541  0.05631808
 -0.01830725 -0.02438254   -0.10930571 -0.01361456   -0.01830725 -0.02438254
  0.00899541  0.05631808   -0.01830725 -0.02438254   -0.10288008 -0.00982394
    2    1
 -0.10288008  0.00982394   -0.01830725  0.02438254    0.00899541 -0.05631808
 -0.01830725  0.02438254   -0.10930571  0.01361456   -0.01830725  0.02438254
  0.00899541 -0.05631808   -0.01830725  0.02438254   -0.10288008  0.00982394
    2    2
  0.14421903  0.00000000   -0.00310776  0.00080257    0.00271764  0.00000000
 -0.00310776 -0.00080257    0.15301220  0.00000000   -0.00310776 -0.00080257
  0.00271764  0.00000000   -0.00310776  0.00080257    0.14421903  0.00000000

     Dynamical  Matrix in cartesian axes

     q = (    0.200000000  -0.400000000  -0.200000000 ) 

    1    1
  0.14421903  0.00000000   -0.00310776  0.00080257   -0.00271764  0.00000000
 -0.00310776 -0.00080257    0.15301220  0.00000000    0.00310776  0.00080257
 -0.00271764  0.00000000    0.00310776 -0.00080257    0.14421903  0.00000000
    1    2
 -0.08900610 -0.05252367   -0.02914257  0.00896516   -0.04038037  0.04027492
 -0.02914257  0.00896516   -0.09643261 -0.05323387    0.02914257 -0.00896516
 -0.04038037  0.04027492    0.02914257 -0.00896516   -0.08900610 -0.05252367
    2    1
 -0.08900610  0.05252367   -0.02914257 -0.00896516   -0.04038037 -0.04027492
 -0.02914257 -0.00896516   -0.09643261  0.05323387    0.02914257  0.00896516
 -0.04038037 -0.04027492    0.02914257  0.00896516   -0.08900610  0.05252367
    2    2
  0.14421903  0.00000000   -0.00310776 -0.00080257   -0.00271764  0.00000000
 -0.00310776  0.00080257    0.15301220  0.00000000    0.00310776 -0.00080257
 -0.00271764  0.00000000    0.00310776  0.00080257    0.14421903  0.00000000

     Dynamical  Matrix in cartesian axes

     q = (   -0.200000000  -0.400000000   0.200000000 ) 

    1    1
  0.14421903  0.00000000    0.00310776 -0.00080257   -0.00271764  0.00000000
  0.00310776  0.00080257    0.15301220  0.00000000   -0.00310776 -0.00080257
 -0.00271764  0.00000000   -0.00310776  0.00080257    0.14421903  0.00000000
    1    2
 -0.08900610 -0.05252367    0.02914257 -0.00896516   -0.04038037  0.04027492
  0.02914257 -0.00896516   -0.09643261 -0.05323387   -0.02914257  0.00896516
 -0.04038037  0.04027492   -0.02914257  0.00896516   -0.08900610 -0.05252367
    2    1
 -0.08900610  0.05252367    0.02914257  0.00896516   -0.04038037 -0.04027492
  0.02914257  0.00896516   -0.09643261  0.05323387   -0.02914257 -0.00896516
 -0.04038037 -0.04027492   -0.02914257 -0.00896516   -0.08900610  0.05252367
    2    2
  0.14421903  0.00000000    0.00310776  0.00080257   -0.00271764  0.00000000
  0.00310776 -0.00080257    0.15301220  0.00000000   -0.00310776  0.00080257
 -0.00271764  0.00000000   -0.00310776 -0.00080257    0.14421903  0.00000000

     Dynamical  Matrix in cartesian axes

     q = (   -0.200000000  -0.400000000  -0.200000000 ) 

    1    1
  0.14421903  0.00000000    0.00310776  0.00080257    0.00271764  0.00000000
  0.00310776 -0.00080257    0.15301220  0.00000000    0.00310776 -0.00080257
  0.00271764  0.00000000    0.00310776  0.00080257    0.14421903  0.00000000
    1    2
 -0.02244858 -0.10088054   -0.01753192  0.02494584   -0.05078194  0.02595839
 -0.01753192  0.02494584   -0.02082911 -0.10816304   -0.01753192  0.02494584
 -0.05078194  0.02595839   -0.01753192  0.02494584   -0.02244858 -0.10088054
    2    1
 -0.02244858  0.10088054   -0.01753192 -0.02494584   -0.05078194 -0.02595839
 -0.01753192 -0.02494584   -0.02082911  0.10816304   -0.01753192 -0.02494584
 -0.05078194 -0.02595839   -0.01753192 -0.02494584   -0.02244858  0.10088054
    2    2
  0.14421903  0.00000000    0.00310776 -0.00080257    0.00271764  0.00000000
  0.00310776  0.00080257    0.15301220  0.00000000    0.00310776  0.00080257
  0.00271764  0.00000000    0.00310776 -0.00080257    0.14421903  0.00000000

     Dynamical  Matrix in cartesian axes

     q = (    0.400000000  -0.200000000  -0.200000000 ) 

    1    1
  0.15301220  0.00000000   -0.00310776 -0.00080257   -0.00310776 -0.00080257
 -0.00310776  0.00080257    0.14421903  0.00000000    0.00271764  0.00000000
 -0.00310776  0.00080257    0.00271764  0.00000000    0.14421903  0.00000000
    1    2
 -0.10930571  0.01361456   -0.01830725  0.02438254   -0.01830725  0.02438254
 -0.01830725  0.02438254   -0.10288008  0.00982394    0.00899541 -0.05631808
 -0.01830725  0.02438254    0.00899541 -0.05631808   -0.10288008  0.00982394
    2    1
 -0.10930571 -0.01361456   -0.01830725 -0.02438254   -0.01830725 -0.02438254
 -0.01830725 -0.02438254   -0.10288008 -0.00982394    0.00899541  0.05631808
 -0.01830725 -0.02438254    0.00899541  0.05631808   -0.10288008 -0.00982394
    2    2
  0.15301220  0.00000000   -0.00310776  0.00080257   -0.00310776  0.00080257
 -0.00310776 -0.00080257    0.14421903  0.00000000    0.00271764  0.00000000
 -0.00310776 -0.00080257    0.00271764  0.00000000    0.14421903  0.00000000

     Dynamical  Matrix in cartesian axes

     q = (   -0.400000000  -0.200000000   0.200000000 ) 

    1    1
  0.15301220  0.00000000    0.00310776  0.00080257   -0.00310776 -0.00080257
  0.00310776 -0.00080257    0.14421903  0.00000000   -0.00271764  0.00000000
 -0.00310776  0.00080257   -0.00271764  0.00000000    0.14421903  0.00000000
    1    2
 -0.09643261 -0.05323387    0.02914257 -0.00896516   -0.02914257  0.00896516
  0.02914257 -0.00896516   -0.08900610 -0.05252367   -0.04038037  0.04027492
 -0.02914257  0.00896516   -0.04038037  0.04027492   -0.08900610 -0.05252367
    2    1
 -0.09643261  0.05323387    0.02914257  0.00896516   -0.02914257 -0.00896516
  0.02914257  0.00896516   -0.08900610  0.05252367   -0.04038037 -0.04027492
 -0.02914257 -0.00896516   -0.04038037 -0.04027492   -0.08900610  0.05252367
    2    2
  0.15301220  0.00000000    0.00310776 -0.00080257   -0.00310776  0.00080257
  0.00310776  0.00080257    0.14421903  0.00000000   -0.00271764  0.00000000
 -0.00310776 -0.00080257   -0.00271764  0.00000000    0.14421903  0.00000000

     Dynamical  Matrix in cartesian axes

     q = (    0.400000000   0.200000000   0.200000000 ) 

    1    1
  0.15301220  0.00000000    0.00310776  0.00080257    0.00310776  0.00080257
  0.00310776 -0.00080257    0.14421903  0.00000000    0.00271764  0.00000000
  0.00310776 -0.00080257    0.00271764  0.00000000    0.14421903  0.00000000
    1    2
 -0.02082911  0.10816304   -0.01753192 -0.02494584   -0.01753192 -0.02494584
 -0.01753192 -0.02494584   -0.02244858  0.10088054   -0.05078194 -0.02595839
 -0.01753192 -0.02494584   -0.05078194 -0.02595839   -0.02244858  0.10088054
    2    1
 -0.02082911 -0.10816304   -0.01753192  0.02494584   -0.01753192  0.02494584
 -0.01753192  0.02494584   -0.02244858 -0.10088054   -0.05078194  0.02595839
 -0.01753192  0.02494584   -0.05078194  0.02595839   -0.02244858 -0.10088054
    2    2
  0.15301220  0.00000000    0.00310776 -0.00080257    0.00310776 -0.00080257
  0.00310776  0.00080257    0.14421903  0.00000000    0.00271764  0.00000000
  0.00310776  0.00080257    0.00271764  0.00000000    0.14421903  0.00000000

     Dynamical  Matrix in cartesian axes

     q = (    0.400000000  -0.200000000   0.200000000 ) 

    1    1
  0.15301220  0.00000000   -0.00310776  0.00080257    0.00310776 -0.00080257
 -0.00310776 -0.00080257    0.14421903  0.00000000   -0.00271764  0.00000000
  0.00310776  0.00080257   -0.00271764  0.00000000    0.14421903  0.00000000
    1    2
 -0.09643261  0.05323387   -0.02914257 -0.00896516    0.02914257  0.00896516
 -0.02914257 -0.00896516   -0.08900610  0.05252367   -0.04038037 -0.04027492
  0.02914257  0.00896516   -0.04038037 -0.04027492   -0.08900610  0.05252367
    2    1
 -0.09643261 -0.05323387   -0.02914257  0.00896516    0.02914257 -0.00896516
 -0.02914257  0.00896516   -0.08900610 -0.05252367   -0.04038037  0.04027492
  0.02914257 -0.00896516   -0.04038037  0.04027492   -0.08900610 -0.05252367
    2    2
  0.15301220  0.00000000   -0.00310776 -0.00080257    0.00310776  0.00080257
 -0.00310776  0.00080257    0.14421903  0.00000000   -0.00271764  0.00000000
  0.00310776 -0.00080257   -0.00271764  0.00000000    0.14421903  0.00000000

     Dynamical  Matrix in cartesian axes

     q = (   -0.200000000  -0.200000000   0.400000000 ) 

    1    1
  0.14421903  0.00000000    0.00271764  0.00000000   -0.00310776  0.00080257
  0.00271764  0.00000000    0.14421903  0.00000000   -0.00310776  0.00080257
 -0.00310776 -0.00080257   -0.00310776 -0.00080257    0.15301220  0.00000000
    1    2
 -0.10288008  0.00982394    0.00899541 -0.05631808   -0.01830725  0.02438254
  0.00899541 -0.05631808   -0.10288008  0.00982394   -0.01830725  0.02438254
 -0.01830725  0.02438254   -0.01830725  0.02438254   -0.10930571  0.01361456
    2    1
 -0.10288008 -0.00982394    0.00899541  0.05631808   -0.01830725 -0.02438254
  0.00899541  0.05631808   -0.10288008 -0.00982394   -0.01830725 -0.02438254
 -0.01830725 -0.02438254   -0.01830725 -0.02438254   -0.10930571 -0.01361456
    2    2
  0.14421903  0.00000000    0.00271764  0.00000000   -0.00310776 -0.00080257
  0.00271764  0.00000000    0.14421903  0.00000000   -0.00310776 -0.00080257
 -0.00310776  0.00080257   -0.00310776  0.00080257    0.15301220  0.00000000

     Dynamical  Matrix in cartesian axes

     q = (   -0.200000000   0.200000000  -0.400000000 ) 

    1    1
  0.14421903  0.00000000   -0.00271764  0.00000000    0.00310776 -0.00080257
 -0.00271764  0.00000000    0.14421903  0.00000000   -0.00310776  0.00080257
  0.00310776  0.00080257   -0.00310776 -0.00080257    0.15301220  0.00000000
    1    2
 -0.08900610 -0.05252367   -0.04038037  0.04027492    0.02914257 -0.00896516
 -0.04038037  0.04027492   -0.08900610 -0.05252367   -0.02914257  0.00896516
  0.02914257 -0.00896516   -0.02914257  0.00896516   -0.09643261 -0.05323387
    2    1
 -0.08900610  0.05252367   -0.04038037 -0.04027492    0.02914257  0.00896516
 -0.04038037 -0.04027492   -0.08900610  0.05252367   -0.02914257 -0.00896516
  0.02914257  0.00896516   -0.02914257 -0.00896516   -0.09643261  0.05323387
    2    2
  0.14421903  0.00000000   -0.00271764  0.00000000    0.00310776  0.00080257
 -0.00271764  0.00000000    0.14421903  0.00000000   -0.00310776 -0.00080257
  0.00310776 -0.00080257   -0.00310776  0.00080257    0.15301220  0.00000000

     Dynamical  Matrix in cartesian axes

     q = (    0.200000000   0.200000000   0.400000000 ) 

    1    1
  0.14421903  0.00000000    0.00271764  0.00000000    0.00310776 -0.00080257
  0.00271764  0.00000000    0.14421903  0.00000000    0.00310776 -0.00080257
  0.00310776  0.00080257    0.00310776  0.00080257    0.15301220  0.00000000
    1    2
 -0.02244858  0.10088054   -0.05078194 -0.02595839   -0.01753192 -0.02494584
 -0.05078194 -0.02595839   -0.02244858  0.10088054   -0.01753192 -0.02494584
 -0.01753192 -0.02494584   -0.01753192 -0.02494584   -0.02082911  0.10816304
    2    1
 -0.02244858 -0.10088054   -0.05078194  0.02595839   -0.01753192  0.02494584
 -0.05078194  0.02595839   -0.02244858 -0.10088054   -0.01753192  0.02494584
 -0.01753192  0.02494584   -0.01753192  0.02494584   -0.02082911 -0.10816304
    2    2
  0.14421903  0.00000000    0.00271764  0.00000000    0.00310776  0.00080257
  0.00271764  0.00000000    0.14421903  0.00000000    0.00310776  0.00080257
  0.00310776 -0.00080257    0.00310776 -0.00080257    0.15301220  0.00000000

     Dynamical  Matrix in cartesian axes

     q = (    0.200000000  -0.200000000  -0.400000000 ) 

    1    1
  0.14421903  0.00000000   -0.00271764  0.00000000   -0.00310776  0.00080257
 -0.00271764  0.00000000    0.14421903  0.00000000    0.00310776 -0.00080257
 -0.00310776 -0.00080257    0.00310776  0.00080257    0.15301220  0.00000000
    1    2
 -0.08900610 -0.05252367   -0.04038037  0.04027492   -0.02914257  0.00896516
 -0.04038037  0.04027492   -0.08900610 -0.05252367    0.02914257 -0.00896516
 -0.02914257  0.00896516    0.02914257 -0.00896516   -0.09643261 -0.05323387
    2    1
 -0.08900610  0.05252367   -0.04038037 -0.04027492   -0.02914257 -0.00896516
 -0.04038037 -0.04027492   -0.08900610  0.05252367    0.02914257  0.00896516
 -0.02914257 -0.00896516    0.02914257  0.00896516   -0.09643261  0.05323387
    2    2
  0.14421903  0.00000000   -0.00271764  0.00000000   -0.00310776 -0.00080257
 -0.00271764  0.00000000    0.14421903  0.00000000    0.00310776  0.00080257
 -0.00310776  0.00080257    0.00310776 -0.00080257    0.15301220  0.00000000

     Dynamical  Matrix in cartesian axes

     q = (   -0.400000000   0.200000000  -0.200000000 ) 

    1    1
  0.15301220  0.00000000   -0.00310776 -0.00080257    0.00310776  0.00080257
 -0.00310776  0.00080257    0.14421903  0.00000000   -0.00271764  0.00000000
  0.00310776 -0.00080257   -0.00271764  0.00000000    0.14421903  0.00000000
    1    2
 -0.09643261 -0.05323387   -0.02914257  0.00896516    0.02914257 -0.00896516
 -0.02914257  0.00896516   -0.08900610 -0.05252367   -0.04038037  0.04027492
  0.02914257 -0.00896516   -0.04038037  0.04027492   -0.08900610 -0.05252367
    2    1
 -0.09643261  0.05323387   -0.02914257 -0.00896516    0.02914257  0.00896516
 -0.02914257 -0.00896516   -0.08900610  0.05252367   -0.04038037 -0.04027492
  0.02914257  0.00896516   -0.04038037 -0.04027492   -0.08900610  0.05252367
    2    2
  0.15301220  0.00000000   -0.00310776  0.00080257    0.00310776 -0.00080257
 -0.00310776 -0.00080257    0.14421903  0.00000000   -0.00271764  0.00000000
  0.00310776  0.00080257   -0.00271764  0.00000000    0.14421903  0.00000000

     Dynamical  Matrix in cartesian axes

     q = (    0.200000000  -0.200000000   0.400000000 ) 

    1    1
  0.14421903  0.00000000   -0.00271764  0.00000000    0.00310776  0.00080257
 -0.00271764  0.00000000    0.14421903  0.00000000   -0.00310776 -0.00080257
  0.00310776 -0.00080257   -0.00310776  0.00080257    0.15301220  0.00000000
    1    2
 -0.08900610  0.05252367   -0.04038037 -0.04027492    0.02914257  0.00896516
 -0.04038037 -0.04027492   -0.08900610  0.05252367   -0.02914257 -0.00896516
  0.02914257  0.00896516   -0.02914257 -0.00896516   -0.09643261  0.05323387
    2    1
 -0.08900610 -0.05252367   -0.04038037  0.04027492    0.02914257 -0.00896516
 -0.04038037  0.04027492   -0.08900610 -0.05252367   -0.02914257  0.00896516
  0.02914257 -0.00896516   -0.02914257  0.00896516   -0.09643261 -0.05323387
    2    2
  0.14421903  0.00000000   -0.00271764  0.00000000    0.00310776 -0.00080257
 -0.00271764  0.00000000    0.14421903  0.00000000   -0.00310776  0.00080257
  0.00310776  0.00080257   -0.00310776 -0.00080257    0.15301220  0.00000000

     Dynamical  Matrix in cartesian axes

     q = (   -0.400000000  -0.200000000  -0.200000000 ) 

    1    1
  0.15301220  0.00000000    0.00310776 -0.00080257    0.00310776 -0.00080257
  0.00310776  0.00080257    0.14421903  0.00000000    0.00271764  0.00000000
  0.00310776  0.00080257    0.00271764  0.00000000    0.14421903  0.00000000
    1    2
 -0.02082911 -0.10816304   -0.01753192  0.02494584   -0.01753192  0.02494584
 -0.01753192  0.02494584   -0.02244858 -0.10088054   -0.05078194  0.02595839
 -0.01753192  0.02494584   -0.05078194  0.02595839   -0.02244858 -0.10088054
    2    1
 -0.02082911  0.10816304   -0.01753192 -0.02494584   -0.01753192 -0.02494584
 -0.01753192 -0.02494584   -0.02244858  0.10088054   -0.05078194 -0.02595839
 -0.01753192 -0.02494584   -0.05078194 -0.02595839   -0.02244858  0.10088054
    2    2
  0.15301220  0.00000000    0.00310776  0.00080257    0.00310776  0.00080257
  0.00310776 -0.00080257    0.14421903  0.00000000    0.00271764  0.00000000
  0.00310776 -0.00080257    0.00271764  0.00000000    0.14421903  0.00000000

     Dynamical  Matrix in cartesian axes

     q = (    0.400000000   0.200000000  -0.200000000 ) 

    1    1
  0.15301220  0.00000000    0.00310776 -0.00080257   -0.00310776  0.00080257
  0.00310776  0.00080257    0.14421903  0.00000000   -0.00271764  0.00000000
 -0.00310776 -0.00080257   -0.00271764  0.00000000    0.14421903  0.00000000
    1    2
 -0.09643261  0.05323387    0.02914257  0.00896516   -0.02914257 -0.00896516
  0.02914257  0.00896516   -0.08900610  0.05252367   -0.04038037 -0.04027492
 -0.02914257 -0.00896516   -0.04038037 -0.04027492   -0.08900610  0.05252367
    2    1
 -0.09643261 -0.05323387    0.02914257 -0.00896516   -0.02914257  0.00896516
  0.02914257 -0.00896516   -0.08900610 -0.05252367   -0.04038037  0.04027492
 -0.02914257  0.00896516   -0.04038037  0.04027492   -0.08900610 -0.05252367
    2    2
  0.15301220  0.00000000    0.00310776  0.00080257   -0.00310776 -0.00080257
  0.00310776 -0.00080257    0.14421903  0.00000000   -0.00271764  0.00000000
 -0.00310776  0.00080257   -0.00271764  0.00000000    0.14421903  0.00000000

     Dynamical  Matrix in cartesian axes

     q = (    0.200000000   0.200000000  -0.400000000 ) 

    1    1
  0.14421903  0.00000000    0.00271764  0.00000000   -0.00310776 -0.00080257
  0.00271764  0.00000000    0.14421903  0.00000000   -0.00310776 -0.00080257
 -0.00310776  0.00080257   -0.00310776  0.00080257    0.15301220  0.00000000
    1    2
 -0.10288008 -0.00982394    0.00899541  0.05631808   -0.01830725 -0.02438254
  0.00899541  0.05631808   -0.10288008 -0.00982394   -0.01830725 -0.02438254
 -0.01830725 -0.02438254   -0.01830725 -0.02438254   -0.10930571 -0.01361456
    2    1
 -0.10288008  0.00982394    0.00899541 -0.05631808   -0.01830725  0.02438254
  0.00899541 -0.05631808   -0.10288008  0.00982394   -0.01830725  0.02438254
 -0.01830725  0.02438254   -0.01830725  0.02438254   -0.10930571  0.01361456
    2    2
  0.14421903  0.00000000    0.00271764  0.00000000   -0.00310776  0.00080257
  0.00271764  0.00000000    0.14421903  0.00000000   -0.00310776  0.00080257
 -0.00310776 -0.00080257   -0.00310776 -0.00080257    0.15301220  0.00000000

     Dynamical  Matrix in cartesian axes

     q = (   -0.200000000  -0.200000000  -0.400000000 ) 

    1    1
  0.14421903  0.00000000    0.00271764  0.00000000    0.00310776  0.00080257
  0.00271764  0.00000000    0.14421903  0.00000000    0.00310776  0.00080257
  0.00310776 -0.00080257    0.00310776 -0.00080257    0.15301220  0.00000000
    1    2
 -0.02244858 -0.10088054   -0.05078194  0.02595839   -0.01753192  0.02494584
 -0.05078194  0.02595839   -0.02244858 -0.10088054   -0.01753192  0.02494584
 -0.01753192  0.02494584   -0.01753192  0.02494584   -0.02082911 -0.10816304
    2    1
 -0.02244858  0.10088054   -0.05078194 -0.02595839   -0.01753192 -0.02494584
 -0.05078194 -0.02595839   -0.02244858  0.10088054   -0.01753192 -0.02494584
 -0.01753192 -0.02494584   -0.01753192 -0.02494584   -0.02082911  0.10816304
    2    2
  0.14421903  0.00000000    0.00271764  0.00000000    0.00310776 -0.00080257
  0.00271764  0.00000000    0.14421903  0.00000000    0.00310776 -0.00080257
  0.00310776  0.00080257    0.00310776  0.00080257    0.15301220  0.00000000

     Dynamical  Matrix in cartesian axes

     q = (   -0.400000000   0.200000000   0.200000000 ) 

    1    1
  0.15301220  0.00000000   -0.00310776  0.00080257   -0.00310776  0.00080257
 -0.00310776 -0.00080257    0.14421903  0.00000000    0.00271764  0.00000000
 -0.00310776 -0.00080257    0.00271764  0.00000000    0.14421903  0.00000000
    1    2
 -0.10930571 -0.01361456   -0.01830725 -0.02438254   -0.01830725 -0.02438254
 -0.01830725 -0.02438254   -0.10288008 -0.00982394    0.00899541  0.05631808
 -0.01830725 -0.02438254    0.00899541  0.05631808   -0.10288008 -0.00982394
    2    1
 -0.10930571  0.01361456   -0.01830725  0.02438254   -0.01830725  0.02438254
 -0.01830725  0.02438254   -0.10288008  0.00982394    0.00899541 -0.05631808
 -0.01830725  0.02438254    0.00899541 -0.05631808   -0.10288008  0.00982394
    2    2
  0.15301220  0.00000000   -0.00310776 -0.00080257   -0.00310776 -0.00080257
 -0.00310776  0.00080257    0.14421903  0.00000000    0.00271764  0.00000000
 -0.00310776  0.00080257    0.00271764  0.00000000    0.14421903  0.00000000

     Dynamical  Matrix in cartesian axes

     q = (   -0.200000000   0.200000000   0.400000000 ) 

    1    1
  0.14421903  0.00000000   -0.00271764  0.00000000   -0.00310776 -0.00080257
 -0.00271764  0.00000000    0.14421903  0.00000000    0.00310776  0.00080257
 -0.00310776  0.00080257    0.00310776 -0.00080257    0.15301220  0.00000000
    1    2
 -0.08900610  0.05252367   -0.04038037 -0.04027492   -0.02914257 -0.00896516
 -0.04038037 -0.04027492   -0.08900610  0.05252367    0.02914257  0.00896516
 -0.02914257 -0.00896516    0.02914257  0.00896516   -0.09643261  0.05323387
    2    1
 -0.08900610 -0.05252367   -0.04038037  0.04027492   -0.02914257  0.00896516
 -0.04038037  0.04027492   -0.08900610 -0.05252367    0.02914257 -0.00896516
 -0.02914257  0.00896516    0.02914257 -0.00896516   -0.09643261 -0.05323387
    2    2
  0.14421903  0.00000000   -0.00271764  0.00000000   -0.00310776  0.00080257
 -0.00271764  0.00000000    0.14421903  0.00000000    0.00310776 -0.00080257
 -0.00310776 -0.00080257    0.00310776  0.00080257    0.15301220  0.00000000

     Diagonalizing the dynamical matrix

     q = (   -0.200000000   0.400000000  -0.200000000 ) 

 **************************************************************************
     freq (    1) =       1.074242 [THz] =      35.832843 [cm-1]
 (  0.430406 -0.254461  0.000000  0.000000 -0.430406  0.254461 ) 
 (  0.500000  0.000000  0.000000  0.000000 -0.500000  0.000000 ) 
     freq (    2) =       1.147971 [THz] =      38.292182 [cm-1]
 (  0.347329  0.045946  0.500497 -0.063295  0.347329  0.045946 ) 
 (  0.350354  0.000000  0.487874  0.128384  0.350354  0.000000 ) 
     freq (    3) =       2.410935 [THz] =      80.420131 [cm-1]
 ( -0.226456 -0.280066  0.410289  0.268746 -0.226456 -0.280066 ) 
 ( -0.360166  0.000000  0.466949  0.150066 -0.360166  0.000000 ) 
     freq (    4) =       4.989368 [THz] =     166.427416 [cm-1]
 ( -0.289549 -0.275501  0.349509  0.241588 -0.289549 -0.275501 ) 
 (  0.399674 -0.000000 -0.419736 -0.065901  0.399674  0.000000 ) 
     freq (    5) =       5.211039 [THz] =     173.821556 [cm-1]
 (  0.430406 -0.254461  0.000000  0.000000 -0.430406  0.254461 ) 
 ( -0.500000  0.000000 -0.000000 -0.000000  0.500000 -0.000000 ) 
     freq (    6) =       5.289977 [THz] =     176.454652 [cm-1]
 ( -0.295394 -0.023141 -0.564528  0.075642 -0.295394 -0.023141 ) 
 (  0.296299 -0.000000  0.556897  0.119500  0.296299  0.000000 ) 
 **************************************************************************
