Dynamical matrix file
                                                                           
  1    2  2 12.5600000  0.0000000  0.0000000  0.0000000  0.0000000  0.0000000
           1  'Sn  '    108197.54598352207     
    1    1      0.0000000000      0.0000000000      0.0000000000
    2    1      0.2500000000      0.2500000000      0.2500000000

     Dynamical  Matrix in cartesian axes

     q = (    0.500000000  -0.300000000   0.500000000 ) 

    1    1
  0.14863997  0.00000000   -0.00619607  0.00149246    0.00373301  0.00000000
 -0.00619607 -0.00149246    0.15061974  0.00000000   -0.00619607 -0.00149246
  0.00373301  0.00000000   -0.00619607  0.00149246    0.14863997  0.00000000
    1    2
 -0.06098774  0.04111547   -0.05519555 -0.00038165    0.04624058 -0.03194296
 -0.05519555 -0.00038165   -0.06581899  0.04517463   -0.05519555 -0.00038165
  0.04624058 -0.03194296   -0.05519555 -0.00038165   -0.06098774  0.04111547
    2    1
 -0.06098774 -0.04111547   -0.05519555  0.00038165    0.04624058  0.03194296
 -0.05519555  0.00038165   -0.06581899 -0.04517463   -0.05519555  0.00038165
  0.04624058  0.03194296   -0.05519555  0.00038165   -0.06098774 -0.04111547
    2    2
  0.14863997  0.00000000   -0.00619607 -0.00149246    0.00373301  0.00000000
 -0.00619607  0.00149246    0.15061974  0.00000000   -0.00619607  0.00149246
  0.00373301  0.00000000   -0.00619607 -0.00149246    0.14863997  0.00000000

     Dynamical  Matrix in cartesian axes

     q = (    0.500000000   0.300000000  -0.500000000 ) 

    1    1
  0.14863997  0.00000000    0.00619607 -0.00149246   -0.00373301  0.00000000
  0.00619607  0.00149246    0.15061974  0.00000000   -0.00619607 -0.00149246
 -0.00373301  0.00000000   -0.00619607  0.00149246    0.14863997  0.00000000
    1    2
 -0.07350719 -0.00258458    0.04442981  0.03275189   -0.05618502 -0.00133713
  0.04442981  0.03275189   -0.07980166 -0.00214038   -0.04442981 -0.03275189
 -0.05618502 -0.00133713   -0.04442981 -0.03275189   -0.07350719 -0.00258458
    2    1
 -0.07350719  0.00258458    0.04442981 -0.03275189   -0.05618502  0.00133713
  0.04442981 -0.03275189   -0.07980166  0.00214038   -0.04442981  0.03275189
 -0.05618502  0.00133713   -0.04442981  0.03275189   -0.07350719  0.00258458
    2    2
  0.14863997  0.00000000    0.00619607  0.00149246   -0.00373301  0.00000000
  0.00619607 -0.00149246    0.15061974  0.00000000   -0.00619607  0.00149246
 -0.00373301  0.00000000   -0.00619607 -0.00149246    0.14863997  0.00000000

     Dynamical  Matrix in cartesian axes

     q = (    0.500000000  -0.300000000  -0.500000000 ) 

    1    1
  0.14863997  0.00000000   -0.00619607 -0.00149246   -0.00373301  0.00000000
 -0.00619607  0.00149246    0.15061974  0.00000000    0.00619607 -0.00149246
 -0.00373301  0.00000000    0.00619607  0.00149246    0.14863997  0.00000000
    1    2
 -0.07350719  0.00258458   -0.04442981  0.03275189   -0.05618502  0.00133713
 -0.04442981  0.03275189   -0.07980166  0.00214038    0.04442981 -0.03275189
 -0.05618502  0.00133713    0.04442981 -0.03275189   -0.07350719  0.00258458
    2    1
 -0.07350719 -0.00258458   -0.04442981 -0.03275189   -0.05618502 -0.00133713
 -0.04442981 -0.03275189   -0.07980166 -0.00214038    0.04442981  0.03275189
 -0.05618502 -0.00133713    0.04442981  0.03275189   -0.07350719 -0.00258458
    2    2
  0.14863997  0.00000000   -0.00619607  0.00149246   -0.00373301  0.00000000
 -0.00619607 -0.00149246    0.15061974  0.00000000    0.00619607  0.00149246
 -0.00373301  0.00000000    0.00619607 -0.00149246    0.14863997  0.00000000

     Dynamical  Matrix in cartesian axes

     q = (   -0.500000000  -0.300000000   0.500000000 ) 

    1    1
  0.14863997  0.00000000    0.00619607  0.00149246   -0.00373301  0.00000000
  0.00619607 -0.00149246    0.15061974  0.00000000   -0.00619607  0.00149246
 -0.00373301  0.00000000   -0.00619607 -0.00149246    0.14863997  0.00000000
    1    2
 -0.07350719  0.00258458    0.04442981 -0.03275189   -0.05618502  0.00133713
  0.04442981 -0.03275189   -0.07980166  0.00214038   -0.04442981  0.03275189
 -0.05618502  0.00133713   -0.04442981  0.03275189   -0.07350719  0.00258458
    2    1
 -0.07350719 -0.00258458    0.04442981  0.03275189   -0.05618502 -0.00133713
  0.04442981  0.03275189   -0.07980166 -0.00214038   -0.04442981 -0.03275189
 -0.05618502 -0.00133713   -0.04442981 -0.03275189   -0.07350719 -0.00258458
    2    2
  0.14863997  0.00000000    0.00619607 -0.00149246   -0.00373301  0.00000000
  0.00619607  0.00149246    0.15061974  0.00000000   -0.00619607 -0.00149246
 -0.00373301  0.00000000   -0.00619607  0.00149246    0.14863997  0.00000000

     Dynamical  Matrix in cartesian axes

     q = (   -0.500000000  -0.300000000  -0.500000000 ) 

    1    1
  0.14863997  0.00000000    0.00619607 -0.00149246    0.00373301  0.00000000
  0.00619607  0.00149246    0.15061974  0.00000000    0.00619607  0.00149246
  0.00373301  0.00000000    0.00619607 -0.00149246    0.14863997  0.00000000
    1    2
  0.06098774 -0.04111547   -0.05519555 -0.00038165   -0.04624058  0.03194296
 -0.05519555 -0.00038165    0.06581899 -0.04517463   -0.05519555 -0.00038165
 -0.04624058  0.03194296   -0.05519555 -0.00038165    0.06098774 -0.04111547
    2    1
  0.06098774  0.04111547   -0.05519555  0.00038165   -0.04624058 -0.03194296
 -0.05519555  0.00038165    0.06581899  0.04517463   -0.05519555  0.00038165
 -0.04624058 -0.03194296   -0.05519555  0.00038165    0.06098774  0.04111547
    2    2
  0.14863997  0.00000000    0.00619607  0.00149246    0.00373301  0.00000000
  0.00619607 -0.00149246    0.15061974  0.00000000    0.00619607 -0.00149246
  0.00373301  0.00000000    0.00619607  0.00149246    0.14863997  0.00000000

     Dynamical  Matrix in cartesian axes

     q = (   -0.500000000   0.300000000  -0.500000000 ) 

    1    1
  0.14863997  0.00000000   -0.00619607 -0.00149246    0.00373301  0.00000000
 -0.00619607  0.00149246    0.15061974  0.00000000   -0.00619607  0.00149246
  0.00373301  0.00000000   -0.00619607 -0.00149246    0.14863997  0.00000000
    1    2
 -0.06098774 -0.04111547   -0.05519555  0.00038165    0.04624058  0.03194296
 -0.05519555  0.00038165   -0.06581899 -0.04517463   -0.05519555  0.00038165
  0.04624058  0.03194296   -0.05519555  0.00038165   -0.06098774 -0.04111547
    2    1
 -0.06098774  0.04111547   -0.05519555 -0.00038165    0.04624058 -0.03194296
 -0.05519555 -0.00038165   -0.06581899  0.04517463   -0.05519555 -0.00038165
  0.04624058 -0.03194296   -0.05519555 -0.00038165   -0.06098774  0.04111547
    2    2
  0.14863997  0.00000000   -0.00619607  0.00149246    0.00373301  0.00000000
 -0.00619607 -0.00149246    0.15061974  0.00000000   -0.00619607 -0.00149246
  0.00373301  0.00000000   -0.00619607  0.00149246    0.14863997  0.00000000

     Dynamical  Matrix in cartesian axes

     q = (   -0.500000000   0.300000000   0.500000000 ) 

    1    1
  0.14863997  0.00000000   -0.00619607  0.00149246   -0.00373301  0.00000000
 -0.00619607 -0.00149246    0.15061974  0.00000000    0.00619607  0.00149246
 -0.00373301  0.00000000    0.00619607 -0.00149246    0.14863997  0.00000000
    1    2
 -0.07350719 -0.00258458   -0.04442981 -0.03275189   -0.05618502 -0.00133713
 -0.04442981 -0.03275189   -0.07980166 -0.00214038    0.04442981  0.03275189
 -0.05618502 -0.00133713    0.04442981  0.03275189   -0.07350719 -0.00258458
    2    1
 -0.07350719  0.00258458   -0.04442981  0.03275189   -0.05618502  0.00133713
 -0.04442981  0.03275189   -0.07980166  0.00214038    0.04442981 -0.03275189
 -0.05618502  0.00133713    0.04442981 -0.03275189   -0.07350719  0.00258458
    2    2
  0.14863997  0.00000000   -0.00619607 -0.00149246   -0.00373301  0.00000000
 -0.00619607  0.00149246    0.15061974  0.00000000    0.00619607 -0.00149246
 -0.00373301  0.00000000    0.00619607  0.00149246    0.14863997  0.00000000

     Dynamical  Matrix in cartesian axes

     q = (    0.500000000   0.300000000   0.500000000 ) 

    1    1
  0.14863997  0.00000000    0.00619607  0.00149246    0.00373301  0.00000000
  0.00619607 -0.00149246    0.15061974  0.00000000    0.00619607 -0.00149246
  0.00373301  0.00000000    0.00619607  0.00149246    0.14863997  0.00000000
    1    2
  0.06098774  0.04111547   -0.05519555  0.00038165   -0.04624058 -0.03194296
 -0.05519555  0.00038165    0.06581899  0.04517463   -0.05519555  0.00038165
 -0.04624058 -0.03194296   -0.05519555  0.00038165    0.06098774  0.04111547
    2    1
  0.06098774 -0.04111547   -0.05519555 -0.00038165   -0.04624058  0.03194296
 -0.05519555 -0.00038165    0.06581899 -0.04517463   -0.05519555 -0.00038165
 -0.04624058  0.03194296   -0.05519555 -0.00038165    0.06098774 -0.04111547
    2    2
  0.14863997  0.00000000    0.00619607 -0.00149246    0.00373301  0.00000000
  0.00619607  0.00149246    0.15061974  0.00000000    0.00619607  0.00149246
  0.00373301  0.00000000    0.00619607 -0.00149246    0.14863997  0.00000000

     Dynamical  Matrix in cartesian axes

     q = (   -0.300000000   0.500000000   0.500000000 ) 

    1    1
  0.15061974  0.00000000   -0.00619607 -0.00149246   -0.00619607 -0.00149246
 -0.00619607  0.00149246    0.14863997  0.00000000    0.00373301  0.00000000
 -0.00619607  0.00149246    0.00373301  0.00000000    0.14863997  0.00000000
    1    2
 -0.06581899  0.04517463   -0.05519555 -0.00038165   -0.05519555 -0.00038165
 -0.05519555 -0.00038165   -0.06098774  0.04111547    0.04624058 -0.03194296
 -0.05519555 -0.00038165    0.04624058 -0.03194296   -0.06098774  0.04111547
    2    1
 -0.06581899 -0.04517463   -0.05519555  0.00038165   -0.05519555  0.00038165
 -0.05519555  0.00038165   -0.06098774 -0.04111547    0.04624058  0.03194296
 -0.05519555  0.00038165    0.04624058  0.03194296   -0.06098774 -0.04111547
    2    2
  0.15061974  0.00000000   -0.00619607  0.00149246   -0.00619607  0.00149246
 -0.00619607 -0.00149246    0.14863997  0.00000000    0.00373301  0.00000000
 -0.00619607 -0.00149246    0.00373301  0.00000000    0.14863997  0.00000000

     Dynamical  Matrix in cartesian axes

     q = (    0.300000000   0.500000000  -0.500000000 ) 

    1    1
  0.15061974  0.00000000    0.00619607  0.00149246   -0.00619607 -0.00149246
  0.00619607 -0.00149246    0.14863997  0.00000000   -0.00373301  0.00000000
 -0.00619607  0.00149246   -0.00373301  0.00000000    0.14863997  0.00000000
    1    2
 -0.07980166 -0.00214038    0.04442981  0.03275189   -0.04442981 -0.03275189
  0.04442981  0.03275189   -0.07350719 -0.00258458   -0.05618502 -0.00133713
 -0.04442981 -0.03275189   -0.05618502 -0.00133713   -0.07350719 -0.00258458
    2    1
 -0.07980166  0.00214038    0.04442981 -0.03275189   -0.04442981  0.03275189
  0.04442981 -0.03275189   -0.07350719  0.00258458   -0.05618502  0.00133713
 -0.04442981  0.03275189   -0.05618502  0.00133713   -0.07350719  0.00258458
    2    2
  0.15061974  0.00000000    0.00619607 -0.00149246   -0.00619607  0.00149246
  0.00619607  0.00149246    0.14863997  0.00000000   -0.00373301  0.00000000
 -0.00619607 -0.00149246   -0.00373301  0.00000000    0.14863997  0.00000000

     Dynamical  Matrix in cartesian axes

     q = (   -0.300000000  -0.500000000  -0.500000000 ) 

    1    1
  0.15061974  0.00000000    0.00619607  0.00149246    0.00619607  0.00149246
  0.00619607 -0.00149246    0.14863997  0.00000000    0.00373301  0.00000000
  0.00619607 -0.00149246    0.00373301  0.00000000    0.14863997  0.00000000
    1    2
  0.06581899 -0.04517463   -0.05519555 -0.00038165   -0.05519555 -0.00038165
 -0.05519555 -0.00038165    0.06098774 -0.04111547   -0.04624058  0.03194296
 -0.05519555 -0.00038165   -0.04624058  0.03194296    0.06098774 -0.04111547
    2    1
  0.06581899  0.04517463   -0.05519555  0.00038165   -0.05519555  0.00038165
 -0.05519555  0.00038165    0.06098774  0.04111547   -0.04624058 -0.03194296
 -0.05519555  0.00038165   -0.04624058 -0.03194296    0.06098774  0.04111547
    2    2
  0.15061974  0.00000000    0.00619607 -0.00149246    0.00619607 -0.00149246
  0.00619607  0.00149246    0.14863997  0.00000000    0.00373301  0.00000000
  0.00619607  0.00149246    0.00373301  0.00000000    0.14863997  0.00000000

     Dynamical  Matrix in cartesian axes

     q = (   -0.300000000   0.500000000  -0.500000000 ) 

    1    1
  0.15061974  0.00000000   -0.00619607  0.00149246    0.00619607 -0.00149246
 -0.00619607 -0.00149246    0.14863997  0.00000000   -0.00373301  0.00000000
  0.00619607  0.00149246   -0.00373301  0.00000000    0.14863997  0.00000000
    1    2
 -0.07980166  0.00214038   -0.04442981  0.03275189    0.04442981 -0.03275189
 -0.04442981  0.03275189   -0.07350719  0.00258458   -0.05618502  0.00133713
  0.04442981 -0.03275189   -0.05618502  0.00133713   -0.07350719  0.00258458
    2    1
 -0.07980166 -0.00214038   -0.04442981 -0.03275189    0.04442981  0.03275189
 -0.04442981 -0.03275189   -0.07350719 -0.00258458   -0.05618502 -0.00133713
  0.04442981  0.03275189   -0.05618502 -0.00133713   -0.07350719 -0.00258458
    2    2
  0.15061974  0.00000000   -0.00619607 -0.00149246    0.00619607  0.00149246
 -0.00619607  0.00149246    0.14863997  0.00000000   -0.00373301  0.00000000
  0.00619607 -0.00149246   -0.00373301  0.00000000    0.14863997  0.00000000

     Dynamical  Matrix in cartesian axes

     q = (    0.500000000   0.500000000  -0.300000000 ) 

    1    1
  0.14863997  0.00000000    0.00373301  0.00000000   -0.00619607  0.00149246
  0.00373301  0.00000000    0.14863997  0.00000000   -0.00619607  0.00149246
 -0.00619607 -0.00149246   -0.00619607 -0.00149246    0.15061974  0.00000000
    1    2
 -0.06098774  0.04111547    0.04624058 -0.03194296   -0.05519555 -0.00038165
  0.04624058 -0.03194296   -0.06098774  0.04111547   -0.05519555 -0.00038165
 -0.05519555 -0.00038165   -0.05519555 -0.00038165   -0.06581899  0.04517463
    2    1
 -0.06098774 -0.04111547    0.04624058  0.03194296   -0.05519555  0.00038165
  0.04624058  0.03194296   -0.06098774 -0.04111547   -0.05519555  0.00038165
 -0.05519555  0.00038165   -0.05519555  0.00038165   -0.06581899 -0.04517463
    2    2
  0.14863997  0.00000000    0.00373301  0.00000000   -0.00619607 -0.00149246
  0.00373301  0.00000000    0.14863997  0.00000000   -0.00619607 -0.00149246
 -0.00619607  0.00149246   -0.00619607  0.00149246    0.15061974  0.00000000

     Dynamical  Matrix in cartesian axes

     q = (    0.500000000  -0.500000000   0.300000000 ) 

    1    1
  0.14863997  0.00000000   -0.00373301  0.00000000    0.00619607 -0.00149246
 -0.00373301  0.00000000    0.14863997  0.00000000   -0.00619607  0.00149246
  0.00619607  0.00149246   -0.00619607 -0.00149246    0.15061974  0.00000000
    1    2
 -0.07350719 -0.00258458   -0.05618502 -0.00133713    0.04442981  0.03275189
 -0.05618502 -0.00133713   -0.07350719 -0.00258458   -0.04442981 -0.03275189
  0.04442981  0.03275189   -0.04442981 -0.03275189   -0.07980166 -0.00214038
    2    1
 -0.07350719  0.00258458   -0.05618502  0.00133713    0.04442981 -0.03275189
 -0.05618502  0.00133713   -0.07350719  0.00258458   -0.04442981  0.03275189
  0.04442981 -0.03275189   -0.04442981  0.03275189   -0.07980166  0.00214038
    2    2
  0.14863997  0.00000000   -0.00373301  0.00000000    0.00619607  0.00149246
 -0.00373301  0.00000000    0.14863997  0.00000000   -0.00619607 -0.00149246
  0.00619607 -0.00149246   -0.00619607  0.00149246    0.15061974  0.00000000

     Dynamical  Matrix in cartesian axes

     q = (   -0.500000000  -0.500000000  -0.300000000 ) 

    1    1
  0.14863997  0.00000000    0.00373301  0.00000000    0.00619607 -0.00149246
  0.00373301  0.00000000    0.14863997  0.00000000    0.00619607 -0.00149246
  0.00619607  0.00149246    0.00619607  0.00149246    0.15061974  0.00000000
    1    2
  0.06098774 -0.04111547   -0.04624058  0.03194296   -0.05519555 -0.00038165
 -0.04624058  0.03194296    0.06098774 -0.04111547   -0.05519555 -0.00038165
 -0.05519555 -0.00038165   -0.05519555 -0.00038165    0.06581899 -0.04517463
    2    1
  0.06098774  0.04111547   -0.04624058 -0.03194296   -0.05519555  0.00038165
 -0.04624058 -0.03194296    0.06098774  0.04111547   -0.05519555  0.00038165
 -0.05519555  0.00038165   -0.05519555  0.00038165    0.06581899  0.04517463
    2    2
  0.14863997  0.00000000    0.00373301  0.00000000    0.00619607  0.00149246
  0.00373301  0.00000000    0.14863997  0.00000000    0.00619607  0.00149246
  0.00619607 -0.00149246    0.00619607 -0.00149246    0.15061974  0.00000000

     Dynamical  Matrix in cartesian axes

     q = (   -0.500000000   0.500000000   0.300000000 ) 

    1    1
  0.14863997  0.00000000   -0.00373301  0.00000000   -0.00619607  0.00149246
 -0.00373301  0.00000000    0.14863997  0.00000000    0.00619607 -0.00149246
 -0.00619607 -0.00149246    0.00619607  0.00149246    0.15061974  0.00000000
    1    2
 -0.07350719 -0.00258458   -0.05618502 -0.00133713   -0.04442981 -0.03275189
 -0.05618502 -0.00133713   -0.07350719 -0.00258458    0.04442981  0.03275189
 -0.04442981 -0.03275189    0.04442981  0.03275189   -0.07980166 -0.00214038
    2    1
 -0.07350719  0.00258458   -0.05618502  0.00133713   -0.04442981  0.03275189
 -0.05618502  0.00133713   -0.07350719  0.00258458    0.04442981 -0.03275189
 -0.04442981  0.03275189    0.04442981 -0.03275189   -0.07980166  0.00214038
    2    2
  0.14863997  0.00000000   -0.00373301  0.00000000   -0.00619607 -0.00149246
 -0.00373301  0.00000000    0.14863997  0.00000000    0.00619607  0.00149246
 -0.00619607  0.00149246    0.00619607 -0.00149246    0.15061974  0.00000000

     Dynamical  Matrix in cartesian axes

     q = (    0.300000000  -0.500000000   0.500000000 ) 

    1    1
  0.15061974  0.00000000   -0.00619607 -0.00149246    0.00619607  0.00149246
 -0.00619607  0.00149246    0.14863997  0.00000000   -0.00373301  0.00000000
  0.00619607 -0.00149246   -0.00373301  0.00000000    0.14863997  0.00000000
    1    2
 -0.07980166 -0.00214038   -0.04442981 -0.03275189    0.04442981  0.03275189
 -0.04442981 -0.03275189   -0.07350719 -0.00258458   -0.05618502 -0.00133713
  0.04442981  0.03275189   -0.05618502 -0.00133713   -0.07350719 -0.00258458
    2    1
 -0.07980166  0.00214038   -0.04442981  0.03275189    0.04442981 -0.03275189
 -0.04442981  0.03275189   -0.07350719  0.00258458   -0.05618502  0.00133713
  0.04442981 -0.03275189   -0.05618502  0.00133713   -0.07350719  0.00258458
    2    2
  0.15061974  0.00000000   -0.00619607  0.00149246    0.00619607 -0.00149246
 -0.00619607 -0.00149246    0.14863997  0.00000000   -0.00373301  0.00000000
  0.00619607  0.00149246   -0.00373301  0.00000000    0.14863997  0.00000000

     Dynamical  Matrix in cartesian axes

     q = (   -0.500000000   0.500000000  -0.300000000 ) 

    1    1
  0.14863997  0.00000000   -0.00373301  0.00000000    0.00619607  0.00149246
 -0.00373301  0.00000000    0.14863997  0.00000000   -0.00619607 -0.00149246
  0.00619607 -0.00149246   -0.00619607  0.00149246    0.15061974  0.00000000
    1    2
 -0.07350719  0.00258458   -0.05618502  0.00133713    0.04442981 -0.03275189
 -0.05618502  0.00133713   -0.07350719  0.00258458   -0.04442981  0.03275189
  0.04442981 -0.03275189   -0.04442981  0.03275189   -0.07980166  0.00214038
    2    1
 -0.07350719 -0.00258458   -0.05618502 -0.00133713    0.04442981  0.03275189
 -0.05618502 -0.00133713   -0.07350719 -0.00258458   -0.04442981 -0.03275189
  0.04442981  0.03275189   -0.04442981 -0.03275189   -0.07980166 -0.00214038
    2    2
  0.14863997  0.00000000   -0.00373301  0.00000000    0.00619607 -0.00149246
 -0.00373301  0.00000000    0.14863997  0.00000000   -0.00619607  0.00149246
  0.00619607  0.00149246   -0.00619607 -0.00149246    0.15061974  0.00000000

     Dynamical  Matrix in cartesian axes

     q = (    0.300000000   0.500000000   0.500000000 ) 

    1    1
  0.15061974  0.00000000    0.00619607 -0.00149246    0.00619607 -0.00149246
  0.00619607  0.00149246    0.14863997  0.00000000    0.00373301  0.00000000
  0.00619607  0.00149246    0.00373301  0.00000000    0.14863997  0.00000000
    1    2
  0.06581899  0.04517463   -0.05519555  0.00038165   -0.05519555  0.00038165
 -0.05519555  0.00038165    0.06098774  0.04111547   -0.04624058 -0.03194296
 -0.05519555  0.00038165   -0.04624058 -0.03194296    0.06098774  0.04111547
    2    1
  0.06581899 -0.04517463   -0.05519555 -0.00038165   -0.05519555 -0.00038165
 -0.05519555 -0.00038165    0.06098774 -0.04111547   -0.04624058  0.03194296
 -0.05519555 -0.00038165   -0.04624058  0.03194296    0.06098774 -0.04111547
    2    2
  0.15061974  0.00000000    0.00619607  0.00149246    0.00619607  0.00149246
  0.00619607 -0.00149246    0.14863997  0.00000000    0.00373301  0.00000000
  0.00619607 -0.00149246    0.00373301  0.00000000    0.14863997  0.00000000

     Dynamical  Matrix in cartesian axes

     q = (   -0.300000000  -0.500000000   0.500000000 ) 

    1    1
  0.15061974  0.00000000    0.00619607 -0.00149246   -0.00619607  0.00149246
  0.00619607  0.00149246    0.14863997  0.00000000   -0.00373301  0.00000000
 -0.00619607 -0.00149246   -0.00373301  0.00000000    0.14863997  0.00000000
    1    2
 -0.07980166  0.00214038    0.04442981 -0.03275189   -0.04442981  0.03275189
  0.04442981 -0.03275189   -0.07350719  0.00258458   -0.05618502  0.00133713
 -0.04442981  0.03275189   -0.05618502  0.00133713   -0.07350719  0.00258458
    2    1
 -0.07980166 -0.00214038    0.04442981  0.03275189   -0.04442981 -0.03275189
  0.04442981  0.03275189   -0.07350719 -0.00258458   -0.05618502 -0.00133713
 -0.04442981 -0.03275189   -0.05618502 -0.00133713   -0.07350719 -0.00258458
    2    2
  0.15061974  0.00000000    0.00619607  0.00149246   -0.00619607 -0.00149246
  0.00619607 -0.00149246    0.14863997  0.00000000   -0.00373301  0.00000000
 -0.00619607  0.00149246   -0.00373301  0.00000000    0.14863997  0.00000000

     Dynamical  Matrix in cartesian axes

     q = (   -0.500000000  -0.500000000   0.300000000 ) 

    1    1
  0.14863997  0.00000000    0.00373301  0.00000000   -0.00619607 -0.00149246
  0.00373301  0.00000000    0.14863997  0.00000000   -0.00619607 -0.00149246
 -0.00619607  0.00149246   -0.00619607  0.00149246    0.15061974  0.00000000
    1    2
 -0.06098774 -0.04111547    0.04624058  0.03194296   -0.05519555  0.00038165
  0.04624058  0.03194296   -0.06098774 -0.04111547   -0.05519555  0.00038165
 -0.05519555  0.00038165   -0.05519555  0.00038165   -0.06581899 -0.04517463
    2    1
 -0.06098774  0.04111547    0.04624058 -0.03194296   -0.05519555 -0.00038165
  0.04624058 -0.03194296   -0.06098774  0.04111547   -0.05519555 -0.00038165
 -0.05519555 -0.00038165   -0.05519555 -0.00038165   -0.06581899  0.04517463
    2    2
  0.14863997  0.00000000    0.00373301  0.00000000   -0.00619607  0.00149246
  0.00373301  0.00000000    0.14863997  0.00000000   -0.00619607  0.00149246
 -0.00619607 -0.00149246   -0.00619607 -0.00149246    0.15061974  0.00000000

     Dynamical  Matrix in cartesian axes

     q = (    0.500000000   0.500000000   0.300000000 ) 

    1    1
  0.14863997  0.00000000    0.00373301  0.00000000    0.00619607  0.00149246
  0.00373301  0.00000000    0.14863997  0.00000000    0.00619607  0.00149246
  0.00619607 -0.00149246    0.00619607 -0.00149246    0.15061974  0.00000000
    1    2
  0.06098774  0.04111547   -0.04624058 -0.03194296   -0.05519555  0.00038165
 -0.04624058 -0.03194296    0.06098774  0.04111547   -0.05519555  0.00038165
 -0.05519555  0.00038165   -0.05519555  0.00038165    0.06581899  0.04517463
    2    1
  0.06098774 -0.04111547   -0.04624058  0.03194296   -0.05519555 -0.00038165
 -0.04624058  0.03194296    0.06098774 -0.04111547   -0.05519555 -0.00038165
 -0.05519555 -0.00038165   -0.05519555 -0.00038165    0.06581899 -0.04517463
    2    2
  0.14863997  0.00000000    0.00373301  0.00000000    0.00619607 -0.00149246
  0.00373301  0.00000000    0.14863997  0.00000000    0.00619607 -0.00149246
  0.00619607  0.00149246    0.00619607  0.00149246    0.15061974  0.00000000

     Dynamical  Matrix in cartesian axes

     q = (    0.300000000  -0.500000000  -0.500000000 ) 

    1    1
  0.15061974  0.00000000   -0.00619607  0.00149246   -0.00619607  0.00149246
 -0.00619607 -0.00149246    0.14863997  0.00000000    0.00373301  0.00000000
 -0.00619607 -0.00149246    0.00373301  0.00000000    0.14863997  0.00000000
    1    2
 -0.06581899 -0.04517463   -0.05519555  0.00038165   -0.05519555  0.00038165
 -0.05519555  0.00038165   -0.06098774 -0.04111547    0.04624058  0.03194296
 -0.05519555  0.00038165    0.04624058  0.03194296   -0.06098774 -0.04111547
    2    1
 -0.06581899  0.04517463   -0.05519555 -0.00038165   -0.05519555 -0.00038165
 -0.05519555 -0.00038165   -0.06098774  0.04111547    0.04624058 -0.03194296
 -0.05519555 -0.00038165    0.04624058 -0.03194296   -0.06098774  0.04111547
    2    2
  0.15061974  0.00000000   -0.00619607 -0.00149246   -0.00619607 -0.00149246
 -0.00619607  0.00149246    0.14863997  0.00000000    0.00373301  0.00000000
 -0.00619607  0.00149246    0.00373301  0.00000000    0.14863997  0.00000000

     Dynamical  Matrix in cartesian axes

     q = (    0.500000000  -0.500000000  -0.300000000 ) 

    1    1
  0.14863997  0.00000000   -0.00373301  0.00000000   -0.00619607 -0.00149246
 -0.00373301  0.00000000    0.14863997  0.00000000    0.00619607  0.00149246
 -0.00619607  0.00149246    0.00619607 -0.00149246    0.15061974  0.00000000
    1    2
 -0.07350719  0.00258458   -0.05618502  0.00133713   -0.04442981  0.03275189
 -0.05618502  0.00133713   -0.07350719  0.00258458    0.04442981 -0.03275189
 -0.04442981  0.03275189    0.04442981 -0.03275189   -0.07980166  0.00214038
    2    1
 -0.07350719 -0.00258458   -0.05618502 -0.00133713   -0.04442981 -0.03275189
 -0.05618502 -0.00133713   -0.07350719 -0.00258458    0.04442981  0.03275189
 -0.04442981 -0.03275189    0.04442981  0.03275189   -0.07980166 -0.00214038
    2    2
  0.14863997  0.00000000   -0.00373301  0.00000000   -0.00619607  0.00149246
 -0.00373301  0.00000000    0.14863997  0.00000000    0.00619607 -0.00149246
 -0.00619607 -0.00149246    0.00619607  0.00149246    0.15061974  0.00000000

     Diagonalizing the dynamical matrix

     q = (    0.500000000  -0.300000000   0.500000000 ) 

 **************************************************************************
     freq (    1) =       1.188654 [THz] =      39.649231 [cm-1]
 ( -0.277285 -0.042945 -0.578553  0.088393 -0.277285 -0.042945 ) 
 ( -0.280591  0.000000 -0.558208 -0.175900 -0.280591  0.000000 ) 
     freq (    2) =       1.231264 [THz] =      41.070536 [cm-1]
 (  0.413207 -0.281532  0.000000 -0.000000 -0.413207  0.281532 ) 
 (  0.500000 -0.000000  0.000000 -0.000000 -0.500000  0.000000 ) 
     freq (    3) =       3.390278 [THz] =     113.087497 [cm-1]
 ( -0.320362 -0.265839  0.361847  0.149876 -0.320362 -0.265839 ) 
 (  0.416296 -0.000000 -0.374169 -0.115731  0.416296  0.000000 ) 
     freq (    4) =       4.491501 [THz] =     149.820361 [cm-1]
 ( -0.271909 -0.322536  0.365785  0.101360 -0.271909 -0.322536 ) 
 ( -0.421857  0.000000  0.313263  0.214334 -0.421857  0.000000 ) 
     freq (    5) =       5.241587 [THz] =     174.840526 [cm-1]
 (  0.413207 -0.281532  0.000000 -0.000000 -0.413207  0.281532 ) 
 ( -0.500000  0.000000 -0.000000 -0.000000  0.500000  0.000000 ) 
     freq (    6) =       5.247532 [THz] =     175.038818 [cm-1]
 ( -0.223544 -0.141531 -0.599677  0.019536 -0.223544 -0.141531 ) 
 (  0.264581 -0.000000  0.496215  0.337290  0.264581  0.000000 ) 
 **************************************************************************
