Dynamical matrix file
                                                                           
  1    2  2 12.5600000  0.0000000  0.0000000  0.0000000  0.0000000  0.0000000
           1  'Sn  '    108197.54598352207     
    1    1      0.0000000000      0.0000000000      0.0000000000
    2    1      0.2500000000      0.2500000000      0.2500000000

     Dynamical  Matrix in cartesian axes

     q = (    0.000000000   0.600000000   0.000000000 ) 

    1    1
  0.13414979  0.00000000   -0.00000000  0.00000000   -0.00000000  0.00000000
 -0.00000000  0.00000000    0.17060316  0.00000000    0.00000000  0.00000000
 -0.00000000  0.00000000    0.00000000  0.00000000    0.13414979  0.00000000
    1    2
 -0.04603086  0.06335604    0.00000000 -0.00000000   -0.07426857 -0.05395927
  0.00000000  0.00000000   -0.05267120  0.07249569    0.00000000  0.00000000
 -0.07426857 -0.05395927   -0.00000000 -0.00000000   -0.04603086  0.06335604
    2    1
 -0.04603086 -0.06335604    0.00000000  0.00000000   -0.07426857  0.05395927
  0.00000000  0.00000000   -0.05267120 -0.07249569    0.00000000  0.00000000
 -0.07426857  0.05395927   -0.00000000  0.00000000   -0.04603086 -0.06335604
    2    2
  0.13414979  0.00000000   -0.00000000  0.00000000   -0.00000000  0.00000000
 -0.00000000  0.00000000    0.17060316  0.00000000    0.00000000  0.00000000
 -0.00000000  0.00000000    0.00000000  0.00000000    0.13414979  0.00000000

     Dynamical  Matrix in cartesian axes

     q = (    0.000000000  -0.600000000   0.000000000 ) 

    1    1
  0.13414979  0.00000000   -0.00000000  0.00000000   -0.00000000  0.00000000
 -0.00000000  0.00000000    0.17060316  0.00000000    0.00000000  0.00000000
 -0.00000000  0.00000000   -0.00000000  0.00000000    0.13414979  0.00000000
    1    2
 -0.04603086 -0.06335604   -0.00000000  0.00000000   -0.07426857  0.05395927
  0.00000000 -0.00000000   -0.05267120 -0.07249569   -0.00000000 -0.00000000
 -0.07426857  0.05395927   -0.00000000  0.00000000   -0.04603086 -0.06335604
    2    1
 -0.04603086  0.06335604   -0.00000000 -0.00000000   -0.07426857 -0.05395927
  0.00000000  0.00000000   -0.05267120  0.07249569   -0.00000000  0.00000000
 -0.07426857 -0.05395927   -0.00000000 -0.00000000   -0.04603086  0.06335604
    2    2
  0.13414979  0.00000000   -0.00000000  0.00000000   -0.00000000  0.00000000
 -0.00000000  0.00000000    0.17060316  0.00000000    0.00000000  0.00000000
 -0.00000000  0.00000000   -0.00000000  0.00000000    0.13414979  0.00000000

     Dynamical  Matrix in cartesian axes

     q = (    0.600000000   0.000000000   0.000000000 ) 

    1    1
  0.17060316  0.00000000    0.00000000  0.00000000   -0.00000000  0.00000000
  0.00000000  0.00000000    0.13414979  0.00000000    0.00000000  0.00000000
 -0.00000000  0.00000000    0.00000000  0.00000000    0.13414979  0.00000000
    1    2
 -0.05267120  0.07249569    0.00000000  0.00000000   -0.00000000  0.00000000
 -0.00000000 -0.00000000   -0.04603086  0.06335604   -0.07426857 -0.05395927
  0.00000000 -0.00000000   -0.07426857 -0.05395927   -0.04603086  0.06335604
    2    1
 -0.05267120 -0.07249569    0.00000000 -0.00000000   -0.00000000 -0.00000000
 -0.00000000  0.00000000   -0.04603086 -0.06335604   -0.07426857  0.05395927
  0.00000000  0.00000000   -0.07426857  0.05395927   -0.04603086 -0.06335604
    2    2
  0.17060316  0.00000000    0.00000000  0.00000000   -0.00000000  0.00000000
  0.00000000  0.00000000    0.13414979  0.00000000    0.00000000  0.00000000
 -0.00000000  0.00000000    0.00000000  0.00000000    0.13414979  0.00000000

     Dynamical  Matrix in cartesian axes

     q = (   -0.600000000   0.000000000   0.000000000 ) 

    1    1
  0.17060316  0.00000000   -0.00000000  0.00000000   -0.00000000  0.00000000
 -0.00000000  0.00000000    0.13414979  0.00000000    0.00000000  0.00000000
 -0.00000000  0.00000000    0.00000000  0.00000000    0.13414979  0.00000000
    1    2
 -0.05267120 -0.07249569   -0.00000000 -0.00000000    0.00000000 -0.00000000
 -0.00000000  0.00000000   -0.04603086 -0.06335604   -0.07426857  0.05395927
 -0.00000000  0.00000000   -0.07426857  0.05395927   -0.04603086 -0.06335604
    2    1
 -0.05267120  0.07249569   -0.00000000  0.00000000    0.00000000  0.00000000
 -0.00000000 -0.00000000   -0.04603086  0.06335604   -0.07426857 -0.05395927
 -0.00000000 -0.00000000   -0.07426857 -0.05395927   -0.04603086  0.06335604
    2    2
  0.17060316  0.00000000   -0.00000000  0.00000000   -0.00000000  0.00000000
 -0.00000000  0.00000000    0.13414979  0.00000000    0.00000000  0.00000000
 -0.00000000  0.00000000    0.00000000  0.00000000    0.13414979  0.00000000

     Dynamical  Matrix in cartesian axes

     q = (    0.000000000   0.000000000   0.600000000 ) 

    1    1
  0.13414979  0.00000000   -0.00000000  0.00000000   -0.00000000  0.00000000
 -0.00000000  0.00000000    0.13414979  0.00000000    0.00000000  0.00000000
 -0.00000000  0.00000000    0.00000000  0.00000000    0.17060316  0.00000000
    1    2
 -0.04603086  0.06335604   -0.07426857 -0.05395927    0.00000000  0.00000000
 -0.07426857 -0.05395927   -0.04603086  0.06335604    0.00000000  0.00000000
  0.00000000  0.00000000   -0.00000000 -0.00000000   -0.05267120  0.07249569
    2    1
 -0.04603086 -0.06335604   -0.07426857  0.05395927    0.00000000 -0.00000000
 -0.07426857  0.05395927   -0.04603086 -0.06335604    0.00000000 -0.00000000
  0.00000000 -0.00000000   -0.00000000  0.00000000   -0.05267120 -0.07249569
    2    2
  0.13414979  0.00000000   -0.00000000  0.00000000   -0.00000000  0.00000000
 -0.00000000  0.00000000    0.13414979  0.00000000    0.00000000  0.00000000
 -0.00000000  0.00000000    0.00000000  0.00000000    0.17060316  0.00000000

     Dynamical  Matrix in cartesian axes

     q = (    0.000000000   0.000000000  -0.600000000 ) 

    1    1
  0.13414979  0.00000000   -0.00000000  0.00000000    0.00000000  0.00000000
 -0.00000000  0.00000000    0.13414979  0.00000000    0.00000000  0.00000000
  0.00000000  0.00000000    0.00000000  0.00000000    0.17060316  0.00000000
    1    2
 -0.04603086 -0.06335604   -0.07426857  0.05395927   -0.00000000 -0.00000000
 -0.07426857  0.05395927   -0.04603086 -0.06335604   -0.00000000 -0.00000000
  0.00000000 -0.00000000   -0.00000000 -0.00000000   -0.05267120 -0.07249569
    2    1
 -0.04603086  0.06335604   -0.07426857 -0.05395927   -0.00000000  0.00000000
 -0.07426857 -0.05395927   -0.04603086  0.06335604   -0.00000000  0.00000000
  0.00000000  0.00000000   -0.00000000  0.00000000   -0.05267120  0.07249569
    2    2
  0.13414979  0.00000000   -0.00000000  0.00000000    0.00000000  0.00000000
 -0.00000000  0.00000000    0.13414979  0.00000000    0.00000000  0.00000000
  0.00000000  0.00000000    0.00000000  0.00000000    0.17060316  0.00000000

     Diagonalizing the dynamical matrix

     q = (    0.000000000   0.600000000   0.000000000 ) 

 **************************************************************************
     freq (    1) =       1.161380 [THz] =      38.739473 [cm-1]
 (  0.404698  0.417900  0.000000 -0.000000 -0.320995  0.241953 ) 
 ( -0.154411  0.664368  0.000000  0.000000  0.186474  0.000000 ) 
     freq (    2) =       1.161380 [THz] =      38.739473 [cm-1]
 (  0.340547  0.213557 -0.000000  0.000000  0.367399 -0.451042 ) 
 (  0.042215 -0.181633 -0.000000 -0.000000  0.682076  0.000000 ) 
     freq (    3) =       2.846371 [THz] =      94.944729 [cm-1]
 ( -0.000000 -0.000000 -0.383131  0.594315 -0.000000  0.000000 ) 
 (  0.000000  0.000000 -0.706010  0.039370 -0.000000  0.000000 ) 
     freq (    4) =       5.048698 [THz] =     168.406435 [cm-1]
 (  0.356306  0.205547 -0.000000  0.000000  0.377667 -0.433779 ) 
 ( -0.066471  0.170381  0.000000  0.000000 -0.683046  0.000000 ) 
     freq (    5) =       5.048698 [THz] =     168.406435 [cm-1]
 (  0.351973  0.454876 -0.000000  0.000000 -0.367587  0.184617 ) 
 (  0.248255 -0.636334  0.000000 -0.000000 -0.182888  0.000000 ) 
     freq (    6) =       5.101885 [THz] =     170.180549 [cm-1]
 ( -0.000000 -0.000000 -0.418544  0.569930  0.000000  0.000000 ) 
 ( -0.000000  0.000000  0.707098  0.003613  0.000000  0.000000 ) 
 **************************************************************************
