Dynamical matrix file
                                                                           
  1    2  2 12.5600000  0.0000000  0.0000000  0.0000000  0.0000000  0.0000000
           1  'Sn  '    108197.54598352207     
    1    1      0.0000000000      0.0000000000      0.0000000000
    2    1      0.2500000000      0.2500000000      0.2500000000

     Dynamical  Matrix in cartesian axes

     q = (    0.000000000   0.800000000   0.000000000 ) 

    1    1
  0.13226762  0.00000000    0.00000000  0.00000000    0.00000000  0.00000000
 -0.00000000  0.00000000    0.17904531  0.00000000    0.00000000  0.00000000
  0.00000000  0.00000000   -0.00000000  0.00000000    0.13226762  0.00000000
    1    2
 -0.01242460  0.03823900    0.00000000 -0.00000000   -0.10637183 -0.03456230
  0.00000000  0.00000000   -0.01479118  0.04552258    0.00000000 -0.00000000
 -0.10637183 -0.03456230   -0.00000000  0.00000000   -0.01242460  0.03823900
    2    1
 -0.01242460 -0.03823900    0.00000000  0.00000000   -0.10637183  0.03456230
  0.00000000  0.00000000   -0.01479118 -0.04552258    0.00000000  0.00000000
 -0.10637183  0.03456230   -0.00000000 -0.00000000   -0.01242460 -0.03823900
    2    2
  0.13226762  0.00000000    0.00000000  0.00000000    0.00000000  0.00000000
 -0.00000000  0.00000000    0.17904531  0.00000000    0.00000000  0.00000000
  0.00000000  0.00000000   -0.00000000  0.00000000    0.13226762  0.00000000

     Dynamical  Matrix in cartesian axes

     q = (    0.000000000  -0.800000000   0.000000000 ) 

    1    1
  0.13226762  0.00000000   -0.00000000  0.00000000    0.00000000  0.00000000
  0.00000000  0.00000000    0.17904531  0.00000000    0.00000000  0.00000000
  0.00000000  0.00000000   -0.00000000  0.00000000    0.13226762  0.00000000
    1    2
 -0.01242460 -0.03823900    0.00000000 -0.00000000   -0.10637183  0.03456230
  0.00000000  0.00000000   -0.01479118 -0.04552258   -0.00000000 -0.00000000
 -0.10637183  0.03456230   -0.00000000 -0.00000000   -0.01242460 -0.03823900
    2    1
 -0.01242460  0.03823900    0.00000000  0.00000000   -0.10637183 -0.03456230
  0.00000000 -0.00000000   -0.01479118  0.04552258   -0.00000000  0.00000000
 -0.10637183 -0.03456230   -0.00000000  0.00000000   -0.01242460  0.03823900
    2    2
  0.13226762  0.00000000   -0.00000000  0.00000000    0.00000000  0.00000000
  0.00000000  0.00000000    0.17904531  0.00000000    0.00000000  0.00000000
  0.00000000  0.00000000   -0.00000000  0.00000000    0.13226762  0.00000000

     Dynamical  Matrix in cartesian axes

     q = (    0.800000000   0.000000000   0.000000000 ) 

    1    1
  0.17904531  0.00000000   -0.00000000  0.00000000    0.00000000  0.00000000
  0.00000000  0.00000000    0.13226762  0.00000000    0.00000000  0.00000000
  0.00000000  0.00000000   -0.00000000  0.00000000    0.13226762  0.00000000
    1    2
 -0.01479118  0.04552258   -0.00000000  0.00000000    0.00000000  0.00000000
  0.00000000  0.00000000   -0.01242460  0.03823900   -0.10637183 -0.03456230
 -0.00000000  0.00000000   -0.10637183 -0.03456230   -0.01242460  0.03823900
    2    1
 -0.01479118 -0.04552258   -0.00000000  0.00000000    0.00000000  0.00000000
  0.00000000  0.00000000   -0.01242460 -0.03823900   -0.10637183  0.03456230
 -0.00000000  0.00000000   -0.10637183  0.03456230   -0.01242460 -0.03823900
    2    2
  0.17904531  0.00000000   -0.00000000  0.00000000    0.00000000  0.00000000
  0.00000000  0.00000000    0.13226762  0.00000000    0.00000000  0.00000000
  0.00000000  0.00000000   -0.00000000  0.00000000    0.13226762  0.00000000

     Dynamical  Matrix in cartesian axes

     q = (   -0.800000000   0.000000000   0.000000000 ) 

    1    1
  0.17904531  0.00000000   -0.00000000  0.00000000    0.00000000  0.00000000
  0.00000000  0.00000000    0.13226762  0.00000000    0.00000000  0.00000000
  0.00000000  0.00000000   -0.00000000  0.00000000    0.13226762  0.00000000
    1    2
 -0.01479118 -0.04552258   -0.00000000  0.00000000    0.00000000  0.00000000
  0.00000000  0.00000000   -0.01242460 -0.03823900   -0.10637183  0.03456230
 -0.00000000  0.00000000   -0.10637183  0.03456230   -0.01242460 -0.03823900
    2    1
 -0.01479118  0.04552258   -0.00000000  0.00000000    0.00000000  0.00000000
  0.00000000  0.00000000   -0.01242460  0.03823900   -0.10637183 -0.03456230
 -0.00000000  0.00000000   -0.10637183 -0.03456230   -0.01242460  0.03823900
    2    2
  0.17904531  0.00000000   -0.00000000  0.00000000    0.00000000  0.00000000
  0.00000000  0.00000000    0.13226762  0.00000000    0.00000000  0.00000000
  0.00000000  0.00000000   -0.00000000  0.00000000    0.13226762  0.00000000

     Dynamical  Matrix in cartesian axes

     q = (    0.000000000   0.000000000   0.800000000 ) 

    1    1
  0.13226762  0.00000000    0.00000000  0.00000000    0.00000000  0.00000000
  0.00000000  0.00000000    0.13226762  0.00000000    0.00000000  0.00000000
  0.00000000  0.00000000    0.00000000  0.00000000    0.17904531  0.00000000
    1    2
 -0.01242460  0.03823900   -0.10637183 -0.03456230    0.00000000  0.00000000
 -0.10637183 -0.03456230   -0.01242460  0.03823900    0.00000000  0.00000000
  0.00000000 -0.00000000   -0.00000000  0.00000000   -0.01479118  0.04552258
    2    1
 -0.01242460 -0.03823900   -0.10637183  0.03456230    0.00000000  0.00000000
 -0.10637183  0.03456230   -0.01242460 -0.03823900    0.00000000  0.00000000
  0.00000000  0.00000000   -0.00000000 -0.00000000   -0.01479118 -0.04552258
    2    2
  0.13226762  0.00000000    0.00000000  0.00000000    0.00000000  0.00000000
  0.00000000  0.00000000    0.13226762  0.00000000    0.00000000  0.00000000
  0.00000000  0.00000000    0.00000000  0.00000000    0.17904531  0.00000000

     Dynamical  Matrix in cartesian axes

     q = (    0.000000000   0.000000000  -0.800000000 ) 

    1    1
  0.13226762  0.00000000    0.00000000  0.00000000    0.00000000  0.00000000
  0.00000000  0.00000000    0.13226762  0.00000000   -0.00000000  0.00000000
  0.00000000  0.00000000    0.00000000  0.00000000    0.17904531  0.00000000
    1    2
 -0.01242460 -0.03823900   -0.10637183  0.03456230    0.00000000 -0.00000000
 -0.10637183  0.03456230   -0.01242460 -0.03823900    0.00000000  0.00000000
  0.00000000  0.00000000    0.00000000  0.00000000   -0.01479118 -0.04552258
    2    1
 -0.01242460  0.03823900   -0.10637183 -0.03456230    0.00000000  0.00000000
 -0.10637183 -0.03456230   -0.01242460  0.03823900    0.00000000  0.00000000
  0.00000000 -0.00000000    0.00000000 -0.00000000   -0.01479118  0.04552258
    2    2
  0.13226762  0.00000000    0.00000000  0.00000000    0.00000000  0.00000000
  0.00000000  0.00000000    0.13226762  0.00000000   -0.00000000  0.00000000
  0.00000000  0.00000000    0.00000000  0.00000000    0.17904531  0.00000000

     Diagonalizing the dynamical matrix

     q = (    0.000000000   0.800000000   0.000000000 ) 

 **************************************************************************
     freq (    1) =       1.158378 [THz] =      38.639342 [cm-1]
 (  0.525367  0.045720  0.000000 -0.000000  0.418150 -0.216909 ) 
 (  0.351371 -0.141920 -0.000000 -0.000000  0.596990  0.000000 ) 
     freq (    2) =       1.158378 [THz] =      38.639342 [cm-1]
 ( -0.353221 -0.311663  0.000000 -0.000000  0.520814  0.082791 ) 
 (  0.553543 -0.223578 -0.000000  0.000000 -0.378950  0.000000 ) 
     freq (    3) =       3.622432 [THz] =     120.831319 [cm-1]
 ( -0.000000 -0.000000 -0.669922 -0.226284 -0.000000  0.000000 ) 
 (  0.000000  0.000000  0.008191 -0.707059  0.000000  0.000000 ) 
     freq (    4) =       4.764241 [THz] =     158.917968 [cm-1]
 ( -0.000000 -0.000000  0.641184 -0.298133  0.000000  0.000000 ) 
 ( -0.000000  0.000000 -0.481678 -0.517674  0.000000  0.000000 ) 
     freq (    5) =       5.011962 [THz] =     167.181067 [cm-1]
 (  0.632849  0.205625 -0.000000 -0.000000  0.073919 -0.227499 ) 
 ( -0.000000  0.000000 -0.000000 -0.000000 -0.707107  0.000000 ) 
     freq (    6) =       5.011962 [THz] =     167.181067 [cm-1]
 ( -0.217617  0.099312 -0.000000  0.000000 -0.276262 -0.605359 ) 
 (  0.477988  0.521083  0.000000 -0.000000  0.000000  0.000000 ) 
 **************************************************************************
