Dynamical matrix file
                                                                           
  1    2  2 12.5600000  0.0000000  0.0000000  0.0000000  0.0000000  0.0000000
           1  'Sn  '    108197.54598352207     
    1    1      0.0000000000      0.0000000000      0.0000000000
    2    1      0.2500000000      0.2500000000      0.2500000000

     Dynamical  Matrix in cartesian axes

     q = (    0.600000000  -0.200000000   1.000000000 ) 

    1    1
  0.13365722 -0.00000000   -0.00075279  0.00000000    0.00000000  0.00068242
 -0.00075279 -0.00000000    0.15035368  0.00000000    0.00000000 -0.00392778
  0.00000000 -0.00068242    0.00000000  0.00392778    0.14179097 -0.00000000
    1    2
 -0.02542200  0.01847016   -0.05087127  0.03696014   -0.05231452 -0.07200476
 -0.05087127  0.03696014   -0.02857403  0.02076024    0.01178880  0.01622589
 -0.05231452 -0.07200476    0.01178880  0.01622589   -0.03029668  0.02201183
    2    1
 -0.02542200 -0.01847016   -0.05087127 -0.03696014   -0.05231452  0.07200476
 -0.05087127 -0.03696014   -0.02857403 -0.02076024    0.01178880 -0.01622589
 -0.05231452  0.07200476    0.01178880 -0.01622589   -0.03029668 -0.02201183
    2    2
  0.13365722  0.00000000   -0.00075279  0.00000000    0.00000000 -0.00068242
 -0.00075279  0.00000000    0.15035368  0.00000000    0.00000000  0.00392778
  0.00000000  0.00068242    0.00000000 -0.00392778    0.14179097  0.00000000

     Dynamical  Matrix in cartesian axes

     q = (    0.600000000   0.200000000  -1.000000000 ) 

    1    1
  0.13365722 -0.00000000    0.00075279 -0.00000000   -0.00000000 -0.00068242
  0.00075279 -0.00000000    0.15035368 -0.00000000   -0.00000000 -0.00392778
  0.00000000  0.00068242    0.00000000  0.00392778    0.14179097  0.00000000
    1    2
  0.00971034 -0.02988535   -0.01943110  0.05980277   -0.08464668 -0.02750337
 -0.01943110  0.05980277    0.01091431 -0.03359078   -0.01907467 -0.00619774
 -0.08464668 -0.02750337   -0.01907467 -0.00619774    0.01157230 -0.03561589
    2    1
  0.00971034  0.02988535   -0.01943110 -0.05980277   -0.08464668  0.02750337
 -0.01943110 -0.05980277    0.01091431  0.03359078   -0.01907467  0.00619774
 -0.08464668  0.02750337   -0.01907467  0.00619774    0.01157230  0.03561589
    2    2
  0.13365722  0.00000000    0.00075279  0.00000000   -0.00000000  0.00068242
  0.00075279  0.00000000    0.15035368  0.00000000   -0.00000000  0.00392778
  0.00000000 -0.00068242    0.00000000 -0.00392778    0.14179097  0.00000000

     Dynamical  Matrix in cartesian axes

     q = (   -0.600000000  -0.200000000   1.000000000 ) 

    1    1
  0.13365722  0.00000000    0.00075279  0.00000000   -0.00000000  0.00068242
  0.00075279  0.00000000    0.15035368  0.00000000   -0.00000000  0.00392778
  0.00000000 -0.00068242    0.00000000 -0.00392778    0.14179097  0.00000000
    1    2
  0.00971034  0.02988535   -0.01943110 -0.05980277   -0.08464668  0.02750337
 -0.01943110 -0.05980277    0.01091431  0.03359078   -0.01907467  0.00619774
 -0.08464668  0.02750337   -0.01907467  0.00619774    0.01157230  0.03561589
    2    1
  0.00971034 -0.02988535   -0.01943110  0.05980277   -0.08464668 -0.02750337
 -0.01943110  0.05980277    0.01091431 -0.03359078   -0.01907467 -0.00619774
 -0.08464668 -0.02750337   -0.01907467 -0.00619774    0.01157230 -0.03561589
    2    2
  0.13365722 -0.00000000    0.00075279 -0.00000000   -0.00000000 -0.00068242
  0.00075279 -0.00000000    0.15035368 -0.00000000   -0.00000000 -0.00392778
  0.00000000  0.00068242    0.00000000  0.00392778    0.14179097  0.00000000

     Dynamical  Matrix in cartesian axes

     q = (   -1.000000000  -0.200000000  -0.600000000 ) 

    1    1
  0.14179097  0.00000000   -0.00000000 -0.00392778    0.00000000 -0.00068242
  0.00000000  0.00392778    0.15035368  0.00000000    0.00075279 -0.00000000
  0.00000000  0.00068242    0.00075279 -0.00000000    0.13365722  0.00000000
    1    2
  0.01157230  0.03561589   -0.01907467  0.00619774   -0.08464668  0.02750337
 -0.01907467  0.00619774    0.01091431  0.03359078   -0.01943110 -0.05980277
 -0.08464668  0.02750337   -0.01943110 -0.05980277    0.00971034  0.02988535
    2    1
  0.01157230 -0.03561589   -0.01907467 -0.00619774   -0.08464668 -0.02750337
 -0.01907467 -0.00619774    0.01091431 -0.03359078   -0.01943110  0.05980277
 -0.08464668 -0.02750337   -0.01943110  0.05980277    0.00971034 -0.02988535
    2    2
  0.14179097 -0.00000000   -0.00000000  0.00392778    0.00000000  0.00068242
  0.00000000 -0.00392778    0.15035368 -0.00000000    0.00075279  0.00000000
  0.00000000 -0.00068242    0.00075279  0.00000000    0.13365722 -0.00000000

     Dynamical  Matrix in cartesian axes

     q = (   -1.000000000  -0.200000000   0.600000000 ) 

    1    1
  0.14179097 -0.00000000    0.00000000  0.00392778    0.00000000 -0.00068242
  0.00000000 -0.00392778    0.15035368  0.00000000   -0.00075279 -0.00000000
  0.00000000  0.00068242   -0.00075279 -0.00000000    0.13365722  0.00000000
    1    2
 -0.03029668  0.02201183    0.01178880  0.01622589   -0.05231452 -0.07200476
  0.01178880  0.01622589   -0.02857403  0.02076024   -0.05087127  0.03696014
 -0.05231452 -0.07200476   -0.05087127  0.03696014   -0.02542200  0.01847016
    2    1
 -0.03029668 -0.02201183    0.01178880 -0.01622589   -0.05231452  0.07200476
  0.01178880 -0.01622589   -0.02857403 -0.02076024   -0.05087127 -0.03696014
 -0.05231452  0.07200476   -0.05087127 -0.03696014   -0.02542200 -0.01847016
    2    2
  0.14179097  0.00000000    0.00000000 -0.00392778    0.00000000  0.00068242
  0.00000000  0.00392778    0.15035368 -0.00000000   -0.00075279  0.00000000
  0.00000000 -0.00068242   -0.00075279  0.00000000    0.13365722 -0.00000000

     Dynamical  Matrix in cartesian axes

     q = (   -0.600000000   0.200000000  -1.000000000 ) 

    1    1
  0.13365722  0.00000000   -0.00075279  0.00000000    0.00000000 -0.00068242
 -0.00075279  0.00000000    0.15035368  0.00000000    0.00000000  0.00392778
  0.00000000  0.00068242    0.00000000 -0.00392778    0.14179097  0.00000000
    1    2
 -0.02542200 -0.01847016   -0.05087127 -0.03696014   -0.05231452  0.07200476
 -0.05087127 -0.03696014   -0.02857403 -0.02076024    0.01178880 -0.01622589
 -0.05231452  0.07200476    0.01178880 -0.01622589   -0.03029668 -0.02201183
    2    1
 -0.02542200  0.01847016   -0.05087127  0.03696014   -0.05231452 -0.07200476
 -0.05087127  0.03696014   -0.02857403  0.02076024    0.01178880  0.01622589
 -0.05231452 -0.07200476    0.01178880  0.01622589   -0.03029668  0.02201183
    2    2
  0.13365722 -0.00000000   -0.00075279  0.00000000    0.00000000  0.00068242
 -0.00075279 -0.00000000    0.15035368  0.00000000    0.00000000 -0.00392778
  0.00000000 -0.00068242    0.00000000  0.00392778    0.14179097 -0.00000000

     Dynamical  Matrix in cartesian axes

     q = (    1.000000000   0.200000000   0.600000000 ) 

    1    1
  0.14179097 -0.00000000   -0.00000000  0.00392778    0.00000000  0.00068242
  0.00000000 -0.00392778    0.15035368 -0.00000000    0.00075279  0.00000000
  0.00000000 -0.00068242    0.00075279  0.00000000    0.13365722 -0.00000000
    1    2
  0.01157230 -0.03561589   -0.01907467 -0.00619774   -0.08464668 -0.02750337
 -0.01907467 -0.00619774    0.01091431 -0.03359078   -0.01943110  0.05980277
 -0.08464668 -0.02750337   -0.01943110  0.05980277    0.00971034 -0.02988535
    2    1
  0.01157230  0.03561589   -0.01907467  0.00619774   -0.08464668  0.02750337
 -0.01907467  0.00619774    0.01091431  0.03359078   -0.01943110 -0.05980277
 -0.08464668  0.02750337   -0.01943110 -0.05980277    0.00971034  0.02988535
    2    2
  0.14179097  0.00000000   -0.00000000 -0.00392778    0.00000000 -0.00068242
  0.00000000  0.00392778    0.15035368  0.00000000    0.00075279 -0.00000000
  0.00000000  0.00068242    0.00075279 -0.00000000    0.13365722  0.00000000

     Dynamical  Matrix in cartesian axes

     q = (    1.000000000   0.200000000  -0.600000000 ) 

    1    1
  0.14179097  0.00000000    0.00000000 -0.00392778    0.00000000  0.00068242
  0.00000000  0.00392778    0.15035368 -0.00000000   -0.00075279  0.00000000
  0.00000000 -0.00068242   -0.00075279  0.00000000    0.13365722 -0.00000000
    1    2
 -0.03029668 -0.02201183    0.01178880 -0.01622589   -0.05231452  0.07200476
  0.01178880 -0.01622589   -0.02857403 -0.02076024   -0.05087127 -0.03696014
 -0.05231452  0.07200476   -0.05087127 -0.03696014   -0.02542200 -0.01847016
    2    1
 -0.03029668  0.02201183    0.01178880  0.01622589   -0.05231452 -0.07200476
  0.01178880  0.01622589   -0.02857403  0.02076024   -0.05087127  0.03696014
 -0.05231452 -0.07200476   -0.05087127  0.03696014   -0.02542200  0.01847016
    2    2
  0.14179097 -0.00000000    0.00000000  0.00392778    0.00000000 -0.00068242
  0.00000000 -0.00392778    0.15035368  0.00000000   -0.00075279 -0.00000000
  0.00000000  0.00068242   -0.00075279 -0.00000000    0.13365722  0.00000000

     Dynamical  Matrix in cartesian axes

     q = (   -0.200000000   1.000000000   0.600000000 ) 

    1    1
  0.15035368 -0.00000000   -0.00000000 -0.00392778   -0.00075279 -0.00000000
  0.00000000  0.00392778    0.14179097 -0.00000000   -0.00000000 -0.00068242
 -0.00075279 -0.00000000   -0.00000000  0.00068242    0.13365722 -0.00000000
    1    2
 -0.02857403  0.02076024    0.01178880  0.01622589   -0.05087127  0.03696014
  0.01178880  0.01622589   -0.03029668  0.02201183   -0.05231452 -0.07200476
 -0.05087127  0.03696014   -0.05231452 -0.07200476   -0.02542200  0.01847016
    2    1
 -0.02857403 -0.02076024    0.01178880 -0.01622589   -0.05087127 -0.03696014
  0.01178880 -0.01622589   -0.03029668 -0.02201183   -0.05231452  0.07200476
 -0.05087127 -0.03696014   -0.05231452  0.07200476   -0.02542200 -0.01847016
    2    2
  0.15035368  0.00000000   -0.00000000  0.00392778   -0.00075279  0.00000000
  0.00000000 -0.00392778    0.14179097  0.00000000   -0.00000000  0.00068242
 -0.00075279  0.00000000   -0.00000000 -0.00068242    0.13365722  0.00000000

     Dynamical  Matrix in cartesian axes

     q = (    0.200000000   1.000000000  -0.600000000 ) 

    1    1
  0.15035368  0.00000000   -0.00000000  0.00392778   -0.00075279  0.00000000
  0.00000000 -0.00392778    0.14179097  0.00000000   -0.00000000  0.00068242
 -0.00075279  0.00000000   -0.00000000 -0.00068242    0.13365722  0.00000000
    1    2
 -0.02857403 -0.02076024    0.01178880 -0.01622589   -0.05087127 -0.03696014
  0.01178880 -0.01622589   -0.03029668 -0.02201183   -0.05231452  0.07200476
 -0.05087127 -0.03696014   -0.05231452  0.07200476   -0.02542200 -0.01847016
    2    1
 -0.02857403  0.02076024    0.01178880  0.01622589   -0.05087127  0.03696014
  0.01178880  0.01622589   -0.03029668  0.02201183   -0.05231452 -0.07200476
 -0.05087127  0.03696014   -0.05231452 -0.07200476   -0.02542200  0.01847016
    2    2
  0.15035368 -0.00000000   -0.00000000 -0.00392778   -0.00075279 -0.00000000
  0.00000000  0.00392778    0.14179097 -0.00000000   -0.00000000 -0.00068242
 -0.00075279 -0.00000000   -0.00000000  0.00068242    0.13365722 -0.00000000

     Dynamical  Matrix in cartesian axes

     q = (   -0.200000000  -1.000000000  -0.600000000 ) 

    1    1
  0.15035368 -0.00000000    0.00000000  0.00392778    0.00075279 -0.00000000
  0.00000000 -0.00392778    0.14179097  0.00000000    0.00000000 -0.00068242
  0.00075279 -0.00000000    0.00000000  0.00068242    0.13365722 -0.00000000
    1    2
  0.01091431  0.03359078   -0.01907467  0.00619774   -0.01943110 -0.05980277
 -0.01907467  0.00619774    0.01157230  0.03561589   -0.08464668  0.02750337
 -0.01943110 -0.05980277   -0.08464668  0.02750337    0.00971034  0.02988535
    2    1
  0.01091431 -0.03359078   -0.01907467 -0.00619774   -0.01943110  0.05980277
 -0.01907467 -0.00619774    0.01157230 -0.03561589   -0.08464668 -0.02750337
 -0.01943110  0.05980277   -0.08464668 -0.02750337    0.00971034 -0.02988535
    2    2
  0.15035368  0.00000000    0.00000000 -0.00392778    0.00075279  0.00000000
  0.00000000  0.00392778    0.14179097 -0.00000000    0.00000000  0.00068242
  0.00075279  0.00000000    0.00000000 -0.00068242    0.13365722  0.00000000

     Dynamical  Matrix in cartesian axes

     q = (   -0.200000000   0.600000000  -1.000000000 ) 

    1    1
  0.15035368  0.00000000   -0.00075279  0.00000000    0.00000000 -0.00392778
 -0.00075279  0.00000000    0.13365722  0.00000000    0.00000000  0.00068242
 -0.00000000  0.00392778   -0.00000000 -0.00068242    0.14179097  0.00000000
    1    2
 -0.02857403  0.02076024   -0.05087127  0.03696014    0.01178880  0.01622589
 -0.05087127  0.03696014   -0.02542200  0.01847016   -0.05231452 -0.07200476
  0.01178880  0.01622589   -0.05231452 -0.07200476   -0.03029668  0.02201183
    2    1
 -0.02857403 -0.02076024   -0.05087127 -0.03696014    0.01178880 -0.01622589
 -0.05087127 -0.03696014   -0.02542200 -0.01847016   -0.05231452  0.07200476
  0.01178880 -0.01622589   -0.05231452  0.07200476   -0.03029668 -0.02201183
    2    2
  0.15035368  0.00000000   -0.00075279  0.00000000    0.00000000  0.00392778
 -0.00075279  0.00000000    0.13365722  0.00000000    0.00000000 -0.00068242
 -0.00000000 -0.00392778   -0.00000000  0.00068242    0.14179097  0.00000000

     Dynamical  Matrix in cartesian axes

     q = (    1.000000000   0.600000000  -0.200000000 ) 

    1    1
  0.14179097 -0.00000000    0.00000000 -0.00068242    0.00000000  0.00392778
  0.00000000  0.00068242    0.13365722  0.00000000   -0.00075279  0.00000000
  0.00000000 -0.00392778   -0.00075279  0.00000000    0.15035368  0.00000000
    1    2
 -0.03029668  0.02201183   -0.05231452 -0.07200476    0.01178880  0.01622589
 -0.05231452 -0.07200476   -0.02542200  0.01847016   -0.05087127  0.03696014
  0.01178880  0.01622589   -0.05087127  0.03696014   -0.02857403  0.02076024
    2    1
 -0.03029668 -0.02201183   -0.05231452  0.07200476    0.01178880 -0.01622589
 -0.05231452  0.07200476   -0.02542200 -0.01847016   -0.05087127 -0.03696014
  0.01178880 -0.01622589   -0.05087127 -0.03696014   -0.02857403 -0.02076024
    2    2
  0.14179097  0.00000000    0.00000000  0.00068242    0.00000000 -0.00392778
  0.00000000 -0.00068242    0.13365722  0.00000000   -0.00075279  0.00000000
  0.00000000  0.00392778   -0.00075279  0.00000000    0.15035368  0.00000000

     Dynamical  Matrix in cartesian axes

     q = (    1.000000000  -0.600000000   0.200000000 ) 

    1    1
  0.14179097  0.00000000    0.00000000  0.00068242    0.00000000 -0.00392778
  0.00000000 -0.00068242    0.13365722  0.00000000   -0.00075279  0.00000000
  0.00000000  0.00392778   -0.00075279  0.00000000    0.15035368  0.00000000
    1    2
 -0.03029668 -0.02201183   -0.05231452  0.07200476    0.01178880 -0.01622589
 -0.05231452  0.07200476   -0.02542200 -0.01847016   -0.05087127 -0.03696014
  0.01178880 -0.01622589   -0.05087127 -0.03696014   -0.02857403 -0.02076024
    2    1
 -0.03029668  0.02201183   -0.05231452 -0.07200476    0.01178880  0.01622589
 -0.05231452 -0.07200476   -0.02542200  0.01847016   -0.05087127  0.03696014
  0.01178880  0.01622589   -0.05087127  0.03696014   -0.02857403  0.02076024
    2    2
  0.14179097 -0.00000000    0.00000000 -0.00068242    0.00000000  0.00392778
  0.00000000  0.00068242    0.13365722  0.00000000   -0.00075279  0.00000000
  0.00000000 -0.00392778   -0.00075279  0.00000000    0.15035368  0.00000000

     Dynamical  Matrix in cartesian axes

     q = (   -1.000000000  -0.600000000  -0.200000000 ) 

    1    1
  0.14179097 -0.00000000    0.00000000 -0.00068242    0.00000000 -0.00392778
  0.00000000  0.00068242    0.13365722 -0.00000000    0.00075279  0.00000000
  0.00000000  0.00392778    0.00075279  0.00000000    0.15035368 -0.00000000
    1    2
  0.01157230  0.03561589   -0.08464668  0.02750337   -0.01907467  0.00619774
 -0.08464668  0.02750337    0.00971034  0.02988535   -0.01943110 -0.05980277
 -0.01907467  0.00619774   -0.01943110 -0.05980277    0.01091431  0.03359078
    2    1
  0.01157230 -0.03561589   -0.08464668 -0.02750337   -0.01907467 -0.00619774
 -0.08464668 -0.02750337    0.00971034 -0.02988535   -0.01943110  0.05980277
 -0.01907467 -0.00619774   -0.01943110  0.05980277    0.01091431 -0.03359078
    2    2
  0.14179097  0.00000000    0.00000000  0.00068242    0.00000000  0.00392778
  0.00000000 -0.00068242    0.13365722  0.00000000    0.00075279 -0.00000000
  0.00000000 -0.00392778    0.00075279 -0.00000000    0.15035368  0.00000000

     Dynamical  Matrix in cartesian axes

     q = (   -1.000000000   0.600000000   0.200000000 ) 

    1    1
  0.14179097  0.00000000    0.00000000  0.00068242    0.00000000  0.00392778
  0.00000000 -0.00068242    0.13365722  0.00000000    0.00075279 -0.00000000
  0.00000000 -0.00392778    0.00075279 -0.00000000    0.15035368  0.00000000
    1    2
  0.01157230 -0.03561589   -0.08464668 -0.02750337   -0.01907467 -0.00619774
 -0.08464668 -0.02750337    0.00971034 -0.02988535   -0.01943110  0.05980277
 -0.01907467 -0.00619774   -0.01943110  0.05980277    0.01091431 -0.03359078
    2    1
  0.01157230  0.03561589   -0.08464668  0.02750337   -0.01907467  0.00619774
 -0.08464668  0.02750337    0.00971034  0.02988535   -0.01943110 -0.05980277
 -0.01907467  0.00619774   -0.01943110 -0.05980277    0.01091431  0.03359078
    2    2
  0.14179097 -0.00000000    0.00000000 -0.00068242    0.00000000 -0.00392778
  0.00000000  0.00068242    0.13365722 -0.00000000    0.00075279  0.00000000
  0.00000000  0.00392778    0.00075279  0.00000000    0.15035368 -0.00000000

     Dynamical  Matrix in cartesian axes

     q = (    0.200000000  -0.600000000   1.000000000 ) 

    1    1
  0.15035368  0.00000000   -0.00075279  0.00000000    0.00000000  0.00392778
 -0.00075279  0.00000000    0.13365722  0.00000000    0.00000000 -0.00068242
 -0.00000000 -0.00392778   -0.00000000  0.00068242    0.14179097  0.00000000
    1    2
 -0.02857403 -0.02076024   -0.05087127 -0.03696014    0.01178880 -0.01622589
 -0.05087127 -0.03696014   -0.02542200 -0.01847016   -0.05231452  0.07200476
  0.01178880 -0.01622589   -0.05231452  0.07200476   -0.03029668 -0.02201183
    2    1
 -0.02857403  0.02076024   -0.05087127  0.03696014    0.01178880  0.01622589
 -0.05087127  0.03696014   -0.02542200  0.01847016   -0.05231452 -0.07200476
  0.01178880  0.01622589   -0.05231452 -0.07200476   -0.03029668  0.02201183
    2    2
  0.15035368  0.00000000   -0.00075279  0.00000000    0.00000000 -0.00392778
 -0.00075279  0.00000000    0.13365722  0.00000000    0.00000000  0.00068242
 -0.00000000  0.00392778   -0.00000000 -0.00068242    0.14179097  0.00000000

     Dynamical  Matrix in cartesian axes

     q = (    0.200000000  -1.000000000   0.600000000 ) 

    1    1
  0.15035368  0.00000000    0.00000000 -0.00392778    0.00075279  0.00000000
  0.00000000  0.00392778    0.14179097 -0.00000000    0.00000000  0.00068242
  0.00075279  0.00000000    0.00000000 -0.00068242    0.13365722  0.00000000
    1    2
  0.01091431 -0.03359078   -0.01907467 -0.00619774   -0.01943110  0.05980277
 -0.01907467 -0.00619774    0.01157230 -0.03561589   -0.08464668 -0.02750337
 -0.01943110  0.05980277   -0.08464668 -0.02750337    0.00971034 -0.02988535
    2    1
  0.01091431  0.03359078   -0.01907467  0.00619774   -0.01943110 -0.05980277
 -0.01907467  0.00619774    0.01157230  0.03561589   -0.08464668  0.02750337
 -0.01943110 -0.05980277   -0.08464668  0.02750337    0.00971034  0.02988535
    2    2
  0.15035368 -0.00000000    0.00000000  0.00392778    0.00075279 -0.00000000
  0.00000000 -0.00392778    0.14179097  0.00000000    0.00000000 -0.00068242
  0.00075279 -0.00000000    0.00000000  0.00068242    0.13365722 -0.00000000

     Dynamical  Matrix in cartesian axes

     q = (    0.200000000   0.600000000   1.000000000 ) 

    1    1
  0.15035368  0.00000000    0.00075279  0.00000000    0.00000000 -0.00392778
  0.00075279  0.00000000    0.13365722  0.00000000    0.00000000 -0.00068242
 -0.00000000  0.00392778    0.00000000  0.00068242    0.14179097  0.00000000
    1    2
  0.01091431 -0.03359078   -0.01943110  0.05980277   -0.01907467 -0.00619774
 -0.01943110  0.05980277    0.00971034 -0.02988535   -0.08464668 -0.02750337
 -0.01907467 -0.00619774   -0.08464668 -0.02750337    0.01157230 -0.03561589
    2    1
  0.01091431  0.03359078   -0.01943110 -0.05980277   -0.01907467  0.00619774
 -0.01943110 -0.05980277    0.00971034  0.02988535   -0.08464668  0.02750337
 -0.01907467  0.00619774   -0.08464668  0.02750337    0.01157230  0.03561589
    2    2
  0.15035368  0.00000000    0.00075279 -0.00000000    0.00000000  0.00392778
  0.00075279  0.00000000    0.13365722 -0.00000000    0.00000000  0.00068242
 -0.00000000 -0.00392778    0.00000000 -0.00068242    0.14179097  0.00000000

     Dynamical  Matrix in cartesian axes

     q = (   -0.200000000  -0.600000000  -1.000000000 ) 

    1    1
  0.15035368  0.00000000    0.00075279 -0.00000000    0.00000000  0.00392778
  0.00075279  0.00000000    0.13365722 -0.00000000    0.00000000  0.00068242
 -0.00000000 -0.00392778    0.00000000 -0.00068242    0.14179097  0.00000000
    1    2
  0.01091431  0.03359078   -0.01943110 -0.05980277   -0.01907467  0.00619774
 -0.01943110 -0.05980277    0.00971034  0.02988535   -0.08464668  0.02750337
 -0.01907467  0.00619774   -0.08464668  0.02750337    0.01157230  0.03561589
    2    1
  0.01091431 -0.03359078   -0.01943110  0.05980277   -0.01907467 -0.00619774
 -0.01943110  0.05980277    0.00971034 -0.02988535   -0.08464668 -0.02750337
 -0.01907467 -0.00619774   -0.08464668 -0.02750337    0.01157230 -0.03561589
    2    2
  0.15035368  0.00000000    0.00075279  0.00000000    0.00000000 -0.00392778
  0.00075279  0.00000000    0.13365722  0.00000000    0.00000000 -0.00068242
 -0.00000000  0.00392778    0.00000000  0.00068242    0.14179097  0.00000000

     Dynamical  Matrix in cartesian axes

     q = (    0.600000000  -1.000000000   0.200000000 ) 

    1    1
  0.13365722  0.00000000    0.00000000 -0.00068242    0.00075279  0.00000000
  0.00000000  0.00068242    0.14179097  0.00000000    0.00000000  0.00392778
  0.00075279  0.00000000    0.00000000 -0.00392778    0.15035368  0.00000000
    1    2
  0.00971034 -0.02988535   -0.08464668 -0.02750337   -0.01943110  0.05980277
 -0.08464668 -0.02750337    0.01157230 -0.03561589   -0.01907467 -0.00619774
 -0.01943110  0.05980277   -0.01907467 -0.00619774    0.01091431 -0.03359078
    2    1
  0.00971034  0.02988535   -0.08464668  0.02750337   -0.01943110 -0.05980277
 -0.08464668  0.02750337    0.01157230  0.03561589   -0.01907467  0.00619774
 -0.01943110 -0.05980277   -0.01907467  0.00619774    0.01091431  0.03359078
    2    2
  0.13365722 -0.00000000    0.00000000  0.00068242    0.00075279 -0.00000000
  0.00000000 -0.00068242    0.14179097 -0.00000000    0.00000000 -0.00392778
  0.00075279 -0.00000000    0.00000000  0.00392778    0.15035368 -0.00000000

     Dynamical  Matrix in cartesian axes

     q = (   -0.600000000  -1.000000000   0.200000000 ) 

    1    1
  0.13365722  0.00000000   -0.00000000 -0.00068242   -0.00075279  0.00000000
  0.00000000  0.00068242    0.14179097  0.00000000    0.00000000 -0.00392778
 -0.00075279  0.00000000   -0.00000000  0.00392778    0.15035368  0.00000000
    1    2
 -0.02542200 -0.01847016   -0.05231452  0.07200476   -0.05087127 -0.03696014
 -0.05231452  0.07200476   -0.03029668 -0.02201183    0.01178880 -0.01622589
 -0.05087127 -0.03696014    0.01178880 -0.01622589   -0.02857403 -0.02076024
    2    1
 -0.02542200  0.01847016   -0.05231452 -0.07200476   -0.05087127  0.03696014
 -0.05231452 -0.07200476   -0.03029668  0.02201183    0.01178880  0.01622589
 -0.05087127  0.03696014    0.01178880  0.01622589   -0.02857403  0.02076024
    2    2
  0.13365722 -0.00000000   -0.00000000  0.00068242   -0.00075279 -0.00000000
  0.00000000 -0.00068242    0.14179097 -0.00000000    0.00000000  0.00392778
 -0.00075279 -0.00000000   -0.00000000 -0.00392778    0.15035368 -0.00000000

     Dynamical  Matrix in cartesian axes

     q = (    0.600000000   1.000000000  -0.200000000 ) 

    1    1
  0.13365722 -0.00000000   -0.00000000  0.00068242   -0.00075279 -0.00000000
  0.00000000 -0.00068242    0.14179097 -0.00000000    0.00000000  0.00392778
 -0.00075279 -0.00000000   -0.00000000 -0.00392778    0.15035368 -0.00000000
    1    2
 -0.02542200  0.01847016   -0.05231452 -0.07200476   -0.05087127  0.03696014
 -0.05231452 -0.07200476   -0.03029668  0.02201183    0.01178880  0.01622589
 -0.05087127  0.03696014    0.01178880  0.01622589   -0.02857403  0.02076024
    2    1
 -0.02542200 -0.01847016   -0.05231452  0.07200476   -0.05087127 -0.03696014
 -0.05231452  0.07200476   -0.03029668 -0.02201183    0.01178880 -0.01622589
 -0.05087127 -0.03696014    0.01178880 -0.01622589   -0.02857403 -0.02076024
    2    2
  0.13365722  0.00000000   -0.00000000 -0.00068242   -0.00075279  0.00000000
  0.00000000  0.00068242    0.14179097  0.00000000    0.00000000 -0.00392778
 -0.00075279  0.00000000   -0.00000000  0.00392778    0.15035368  0.00000000

     Dynamical  Matrix in cartesian axes

     q = (   -0.600000000  -1.000000000  -0.200000000 ) 

    1    1
  0.13365722 -0.00000000    0.00000000  0.00068242    0.00075279 -0.00000000
  0.00000000 -0.00068242    0.14179097 -0.00000000    0.00000000 -0.00392778
  0.00075279 -0.00000000    0.00000000  0.00392778    0.15035368 -0.00000000
    1    2
  0.00971034  0.02988535   -0.08464668  0.02750337   -0.01943110 -0.05980277
 -0.08464668  0.02750337    0.01157230  0.03561589   -0.01907467  0.00619774
 -0.01943110 -0.05980277   -0.01907467  0.00619774    0.01091431  0.03359078
    2    1
  0.00971034 -0.02988535   -0.08464668 -0.02750337   -0.01943110  0.05980277
 -0.08464668 -0.02750337    0.01157230 -0.03561589   -0.01907467 -0.00619774
 -0.01943110  0.05980277   -0.01907467 -0.00619774    0.01091431 -0.03359078
    2    2
  0.13365722  0.00000000    0.00000000 -0.00068242    0.00075279  0.00000000
  0.00000000  0.00068242    0.14179097  0.00000000    0.00000000  0.00392778
  0.00075279  0.00000000    0.00000000 -0.00392778    0.15035368  0.00000000

     Diagonalizing the dynamical matrix

     q = (    0.600000000  -0.200000000   1.000000000 ) 

 **************************************************************************
     freq (    1) =       1.508483 [THz] =      50.317587 [cm-1]
 (  0.333414  0.458905  0.187713  0.258365 -0.223401  0.162310 ) 
 ( -0.000000  0.567238 -0.000000  0.319357  0.276139  0.000000 ) 
     freq (    2) =       1.593096 [THz] =      53.139951 [cm-1]
 (  0.250376  0.344613 -0.127838 -0.175954  0.421350 -0.306129 ) 
 (  0.000000 -0.425965  0.000000  0.217492  0.520818  0.000000 ) 
     freq (    3) =       3.368862 [THz] =     112.373153 [cm-1]
 ( -0.078199 -0.107632  0.337474  0.464493  0.316095 -0.229657 ) 
 (  0.000000 -0.133040 -0.000000  0.574144 -0.390715  0.000000 ) 
     freq (    4) =       4.161810 [THz] =     138.823037 [cm-1]
 ( -0.125368 -0.172554  0.318629  0.438555  0.324267 -0.235594 ) 
 (  0.000000  0.213289  0.000000 -0.542083  0.400816  0.000000 ) 
     freq (    5) =       5.066051 [THz] =     168.985276 [cm-1]
 ( -0.307149 -0.422754 -0.234263 -0.322435  0.211113 -0.153383 ) 
 (  0.000000  0.522553 -0.000000  0.398551  0.260951  0.000000 ) 
     freq (    6) =       5.102759 [THz] =     170.209706 [cm-1]
 ( -0.235512 -0.324154  0.153691  0.211538 -0.421224  0.306037 ) 
 ( -0.000000 -0.400677  0.000000  0.261475  0.520662  0.000000 ) 
 **************************************************************************
