Dynamical matrix file
                                                                           
  1    2  2 12.5600000  0.0000000  0.0000000  0.0000000  0.0000000  0.0000000
           1  'Sn  '    108197.54598352207     
    1    1      0.0000000000      0.0000000000      0.0000000000
    2    1      0.2500000000      0.2500000000      0.2500000000

     Dynamical  Matrix in cartesian axes

     q = (    0.800000000   0.000000000   0.800000000 ) 

    1    1
  0.13483951  0.00000000    0.00000000  0.00145047    0.00122595  0.00000000
  0.00000000 -0.00145047    0.16661376  0.00000000    0.00000000 -0.00145047
  0.00122595  0.00000000    0.00000000  0.00145047    0.13483951  0.00000000
    1    2
  0.00991370  0.00720272   -0.01952652  0.02687595   -0.08502168 -0.06177187
 -0.01952652  0.02687595    0.01733900  0.01259752   -0.01952652  0.02687595
 -0.08502168 -0.06177187   -0.01952652  0.02687595    0.00991370  0.00720272
    2    1
  0.00991370 -0.00720272   -0.01952652 -0.02687595   -0.08502168  0.06177187
 -0.01952652 -0.02687595    0.01733900 -0.01259752   -0.01952652 -0.02687595
 -0.08502168  0.06177187   -0.01952652 -0.02687595    0.00991370 -0.00720272
    2    2
  0.13483951  0.00000000    0.00000000 -0.00145047    0.00122595  0.00000000
  0.00000000  0.00145047    0.16661376  0.00000000    0.00000000  0.00145047
  0.00122595  0.00000000    0.00000000 -0.00145047    0.13483951  0.00000000

     Dynamical  Matrix in cartesian axes

     q = (    0.800000000   0.000000000  -0.800000000 ) 

    1    1
  0.13483951  0.00000000    0.00000000 -0.00145047   -0.00122595  0.00000000
  0.00000000  0.00145047    0.16661376  0.00000000    0.00000000 -0.00145047
 -0.00122595  0.00000000    0.00000000  0.00145047    0.13483951  0.00000000
    1    2
 -0.01225400  0.00000000   -0.00000000  0.03322050   -0.10509258 -0.00000000
  0.00000000  0.03322050   -0.02143219 -0.00000000   -0.00000000 -0.03322050
 -0.10509258 -0.00000000    0.00000000 -0.03322050   -0.01225400  0.00000000
    2    1
 -0.01225400  0.00000000   -0.00000000 -0.03322050   -0.10509258  0.00000000
  0.00000000 -0.03322050   -0.02143219  0.00000000    0.00000000  0.03322050
 -0.10509258  0.00000000    0.00000000  0.03322050   -0.01225400  0.00000000
    2    2
  0.13483951  0.00000000    0.00000000  0.00145047   -0.00122595  0.00000000
  0.00000000 -0.00145047    0.16661376  0.00000000    0.00000000  0.00145047
 -0.00122595  0.00000000    0.00000000 -0.00145047    0.13483951  0.00000000

     Dynamical  Matrix in cartesian axes

     q = (   -0.800000000   0.000000000   0.800000000 ) 

    1    1
  0.13483951  0.00000000    0.00000000  0.00145047   -0.00122595  0.00000000
  0.00000000 -0.00145047    0.16661376  0.00000000    0.00000000  0.00145047
 -0.00122595  0.00000000    0.00000000 -0.00145047    0.13483951  0.00000000
    1    2
 -0.01225400  0.00000000   -0.00000000 -0.03322050   -0.10509258  0.00000000
  0.00000000 -0.03322050   -0.02143219  0.00000000   -0.00000000  0.03322050
 -0.10509258  0.00000000    0.00000000  0.03322050   -0.01225400  0.00000000
    2    1
 -0.01225400  0.00000000   -0.00000000  0.03322050   -0.10509258 -0.00000000
  0.00000000  0.03322050   -0.02143219 -0.00000000   -0.00000000 -0.03322050
 -0.10509258 -0.00000000    0.00000000 -0.03322050   -0.01225400  0.00000000
    2    2
  0.13483951  0.00000000    0.00000000 -0.00145047   -0.00122595  0.00000000
  0.00000000  0.00145047    0.16661376  0.00000000    0.00000000 -0.00145047
 -0.00122595  0.00000000    0.00000000  0.00145047    0.13483951  0.00000000

     Dynamical  Matrix in cartesian axes

     q = (   -0.800000000   0.000000000  -0.800000000 ) 

    1    1
  0.13483951  0.00000000    0.00000000 -0.00145047    0.00122595  0.00000000
  0.00000000  0.00145047    0.16661376  0.00000000    0.00000000  0.00145047
  0.00122595  0.00000000    0.00000000 -0.00145047    0.13483951  0.00000000
    1    2
  0.00991370 -0.00720272   -0.01952652 -0.02687595   -0.08502168  0.06177187
 -0.01952652 -0.02687595    0.01733900 -0.01259752   -0.01952652 -0.02687595
 -0.08502168  0.06177187   -0.01952652 -0.02687595    0.00991370 -0.00720272
    2    1
  0.00991370  0.00720272   -0.01952652  0.02687595   -0.08502168 -0.06177187
 -0.01952652  0.02687595    0.01733900  0.01259752   -0.01952652  0.02687595
 -0.08502168 -0.06177187   -0.01952652  0.02687595    0.00991370  0.00720272
    2    2
  0.13483951  0.00000000    0.00000000  0.00145047    0.00122595  0.00000000
  0.00000000 -0.00145047    0.16661376  0.00000000    0.00000000 -0.00145047
  0.00122595  0.00000000    0.00000000  0.00145047    0.13483951  0.00000000

     Dynamical  Matrix in cartesian axes

     q = (    0.000000000   0.800000000   0.800000000 ) 

    1    1
  0.16661376  0.00000000    0.00000000 -0.00145047    0.00000000 -0.00145047
  0.00000000  0.00145047    0.13483951  0.00000000    0.00122595  0.00000000
  0.00000000  0.00145047    0.00122595  0.00000000    0.13483951  0.00000000
    1    2
  0.01733900  0.01259752   -0.01952652  0.02687595   -0.01952652  0.02687595
 -0.01952652  0.02687595    0.00991370  0.00720272   -0.08502168 -0.06177187
 -0.01952652  0.02687595   -0.08502168 -0.06177187    0.00991370  0.00720272
    2    1
  0.01733900 -0.01259752   -0.01952652 -0.02687595   -0.01952652 -0.02687595
 -0.01952652 -0.02687595    0.00991370 -0.00720272   -0.08502168  0.06177187
 -0.01952652 -0.02687595   -0.08502168  0.06177187    0.00991370 -0.00720272
    2    2
  0.16661376  0.00000000    0.00000000  0.00145047    0.00000000  0.00145047
  0.00000000 -0.00145047    0.13483951  0.00000000    0.00122595  0.00000000
  0.00000000 -0.00145047    0.00122595  0.00000000    0.13483951  0.00000000

     Dynamical  Matrix in cartesian axes

     q = (    0.000000000   0.800000000  -0.800000000 ) 

    1    1
  0.16661376  0.00000000    0.00000000  0.00145047    0.00000000 -0.00145047
  0.00000000 -0.00145047    0.13483951  0.00000000   -0.00122595  0.00000000
  0.00000000  0.00145047   -0.00122595  0.00000000    0.13483951  0.00000000
    1    2
 -0.02143219  0.00000000    0.00000000  0.03322050   -0.00000000 -0.03322050
 -0.00000000  0.03322050   -0.01225400  0.00000000   -0.10509258  0.00000000
  0.00000000 -0.03322050   -0.10509258  0.00000000   -0.01225400  0.00000000
    2    1
 -0.02143219  0.00000000   -0.00000000 -0.03322050    0.00000000  0.03322050
  0.00000000 -0.03322050   -0.01225400  0.00000000   -0.10509258  0.00000000
 -0.00000000  0.03322050   -0.10509258  0.00000000   -0.01225400  0.00000000
    2    2
  0.16661376  0.00000000    0.00000000 -0.00145047    0.00000000  0.00145047
  0.00000000  0.00145047    0.13483951  0.00000000   -0.00122595  0.00000000
  0.00000000 -0.00145047   -0.00122595  0.00000000    0.13483951  0.00000000

     Dynamical  Matrix in cartesian axes

     q = (    0.000000000  -0.800000000  -0.800000000 ) 

    1    1
  0.16661376  0.00000000    0.00000000  0.00145047    0.00000000  0.00145047
  0.00000000 -0.00145047    0.13483951  0.00000000    0.00122595  0.00000000
  0.00000000 -0.00145047    0.00122595  0.00000000    0.13483951  0.00000000
    1    2
  0.01733900 -0.01259752   -0.01952652 -0.02687595   -0.01952652 -0.02687595
 -0.01952652 -0.02687595    0.00991370 -0.00720272   -0.08502168  0.06177187
 -0.01952652 -0.02687595   -0.08502168  0.06177187    0.00991370 -0.00720272
    2    1
  0.01733900  0.01259752   -0.01952652  0.02687595   -0.01952652  0.02687595
 -0.01952652  0.02687595    0.00991370  0.00720272   -0.08502168 -0.06177187
 -0.01952652  0.02687595   -0.08502168 -0.06177187    0.00991370  0.00720272
    2    2
  0.16661376  0.00000000    0.00000000 -0.00145047    0.00000000 -0.00145047
  0.00000000  0.00145047    0.13483951  0.00000000    0.00122595  0.00000000
  0.00000000  0.00145047    0.00122595  0.00000000    0.13483951  0.00000000

     Dynamical  Matrix in cartesian axes

     q = (    0.800000000   0.800000000   0.000000000 ) 

    1    1
  0.13483951  0.00000000    0.00122595  0.00000000    0.00000000  0.00145047
  0.00122595  0.00000000    0.13483951  0.00000000    0.00000000  0.00145047
  0.00000000 -0.00145047    0.00000000 -0.00145047    0.16661376  0.00000000
    1    2
  0.00991370  0.00720272   -0.08502168 -0.06177187   -0.01952652  0.02687595
 -0.08502168 -0.06177187    0.00991370  0.00720272   -0.01952652  0.02687595
 -0.01952652  0.02687595   -0.01952652  0.02687595    0.01733900  0.01259752
    2    1
  0.00991370 -0.00720272   -0.08502168  0.06177187   -0.01952652 -0.02687595
 -0.08502168  0.06177187    0.00991370 -0.00720272   -0.01952652 -0.02687595
 -0.01952652 -0.02687595   -0.01952652 -0.02687595    0.01733900 -0.01259752
    2    2
  0.13483951  0.00000000    0.00122595  0.00000000    0.00000000 -0.00145047
  0.00122595  0.00000000    0.13483951  0.00000000    0.00000000 -0.00145047
  0.00000000  0.00145047    0.00000000  0.00145047    0.16661376  0.00000000

     Dynamical  Matrix in cartesian axes

     q = (    0.800000000  -0.800000000   0.000000000 ) 

    1    1
  0.13483951  0.00000000   -0.00122595  0.00000000    0.00000000 -0.00145047
 -0.00122595  0.00000000    0.13483951  0.00000000    0.00000000  0.00145047
  0.00000000  0.00145047    0.00000000 -0.00145047    0.16661376  0.00000000
    1    2
 -0.01225400  0.00000000   -0.10509258  0.00000000   -0.00000000  0.03322050
 -0.10509258  0.00000000   -0.01225400  0.00000000   -0.00000000 -0.03322050
  0.00000000  0.03322050   -0.00000000 -0.03322050   -0.02143219 -0.00000000
    2    1
 -0.01225400 -0.00000000   -0.10509258 -0.00000000    0.00000000 -0.03322050
 -0.10509258 -0.00000000   -0.01225400 -0.00000000    0.00000000  0.03322050
  0.00000000 -0.03322050   -0.00000000  0.03322050   -0.02143219  0.00000000
    2    2
  0.13483951  0.00000000   -0.00122595  0.00000000    0.00000000  0.00145047
 -0.00122595  0.00000000    0.13483951  0.00000000    0.00000000 -0.00145047
  0.00000000 -0.00145047    0.00000000  0.00145047    0.16661376  0.00000000

     Dynamical  Matrix in cartesian axes

     q = (   -0.800000000  -0.800000000   0.000000000 ) 

    1    1
  0.13483951  0.00000000    0.00122595  0.00000000    0.00000000 -0.00145047
  0.00122595  0.00000000    0.13483951  0.00000000    0.00000000 -0.00145047
  0.00000000  0.00145047    0.00000000  0.00145047    0.16661376  0.00000000
    1    2
  0.00991370 -0.00720272   -0.08502168  0.06177187   -0.01952652 -0.02687595
 -0.08502168  0.06177187    0.00991370 -0.00720272   -0.01952652 -0.02687595
 -0.01952652 -0.02687595   -0.01952652 -0.02687595    0.01733900 -0.01259752
    2    1
  0.00991370  0.00720272   -0.08502168 -0.06177187   -0.01952652  0.02687595
 -0.08502168 -0.06177187    0.00991370  0.00720272   -0.01952652  0.02687595
 -0.01952652  0.02687595   -0.01952652  0.02687595    0.01733900  0.01259752
    2    2
  0.13483951  0.00000000    0.00122595  0.00000000    0.00000000  0.00145047
  0.00122595  0.00000000    0.13483951  0.00000000    0.00000000  0.00145047
  0.00000000 -0.00145047    0.00000000 -0.00145047    0.16661376  0.00000000

     Dynamical  Matrix in cartesian axes

     q = (   -0.800000000   0.800000000   0.000000000 ) 

    1    1
  0.13483951  0.00000000   -0.00122595  0.00000000    0.00000000  0.00145047
 -0.00122595  0.00000000    0.13483951  0.00000000    0.00000000 -0.00145047
  0.00000000 -0.00145047    0.00000000  0.00145047    0.16661376  0.00000000
    1    2
 -0.01225400 -0.00000000   -0.10509258 -0.00000000    0.00000000 -0.03322050
 -0.10509258  0.00000000   -0.01225400 -0.00000000   -0.00000000  0.03322050
  0.00000000 -0.03322050    0.00000000  0.03322050   -0.02143219  0.00000000
    2    1
 -0.01225400  0.00000000   -0.10509258  0.00000000   -0.00000000  0.03322050
 -0.10509258  0.00000000   -0.01225400  0.00000000    0.00000000 -0.03322050
 -0.00000000  0.03322050   -0.00000000 -0.03322050   -0.02143219 -0.00000000
    2    2
  0.13483951  0.00000000   -0.00122595  0.00000000    0.00000000 -0.00145047
 -0.00122595  0.00000000    0.13483951  0.00000000    0.00000000  0.00145047
  0.00000000  0.00145047    0.00000000 -0.00145047    0.16661376  0.00000000

     Dynamical  Matrix in cartesian axes

     q = (    0.000000000  -0.800000000   0.800000000 ) 

    1    1
  0.16661376  0.00000000    0.00000000 -0.00145047    0.00000000  0.00145047
  0.00000000  0.00145047    0.13483951  0.00000000   -0.00122595  0.00000000
  0.00000000 -0.00145047   -0.00122595  0.00000000    0.13483951  0.00000000
    1    2
 -0.02143219  0.00000000    0.00000000 -0.03322050    0.00000000  0.03322050
  0.00000000 -0.03322050   -0.01225400  0.00000000   -0.10509258  0.00000000
 -0.00000000  0.03322050   -0.10509258  0.00000000   -0.01225400  0.00000000
    2    1
 -0.02143219 -0.00000000   -0.00000000  0.03322050    0.00000000 -0.03322050
 -0.00000000  0.03322050   -0.01225400 -0.00000000   -0.10509258  0.00000000
  0.00000000 -0.03322050   -0.10509258  0.00000000   -0.01225400 -0.00000000
    2    2
  0.16661376  0.00000000    0.00000000  0.00145047    0.00000000 -0.00145047
  0.00000000 -0.00145047    0.13483951  0.00000000   -0.00122595  0.00000000
  0.00000000  0.00145047   -0.00122595  0.00000000    0.13483951  0.00000000

     Diagonalizing the dynamical matrix

     q = (    0.800000000   0.000000000   0.800000000 ) 

 **************************************************************************
     freq (    1) =       1.275616 [THz] =      42.549953 [cm-1]
 (  0.404508  0.293893  0.000000 -0.000000 -0.404508 -0.293893 ) 
 ( -0.500000  0.000000 -0.000000  0.000000  0.500000  0.000000 ) 
     freq (    2) =       1.620528 [THz] =      54.054980 [cm-1]
 ( -0.378405 -0.274928 -0.146886  0.202171 -0.378405 -0.274928 ) 
 ( -0.467735  0.000000 -0.000000 -0.249897 -0.467735  0.000000 ) 
     freq (    3) =       3.942140 [THz] =     131.495631 [cm-1]
 ( -0.224384 -0.163024  0.345820 -0.475981 -0.224384 -0.163024 ) 
 (  0.277354  0.000000  0.000000 -0.588345  0.277354  0.000000 ) 
     freq (    4) =       4.027467 [THz] =     134.341846 [cm-1]
 ( -0.142956 -0.103864  0.388806 -0.535146 -0.142956 -0.103864 ) 
 ( -0.176704  0.000000  0.000000  0.661477 -0.176704  0.000000 ) 
     freq (    5) =       5.010357 [THz] =     167.127535 [cm-1]
 ( -0.404508 -0.293893 -0.000000 -0.000000  0.404508  0.293893 ) 
 ( -0.500000  0.000000 -0.000000  0.000000  0.500000  0.000000 ) 
     freq (    6) =       5.115395 [THz] =     170.631221 [cm-1]
 ( -0.336569 -0.244532 -0.230551  0.317327 -0.336569 -0.244532 ) 
 (  0.416023 -0.000000  0.000000  0.392237  0.416023 -0.000000 ) 
 **************************************************************************
