Dynamical matrix file
                                                                           
  1    2  2 12.5600000  0.0000000  0.0000000  0.0000000  0.0000000  0.0000000
           1  'Sn  '    108197.54598352207     
    1    1      0.0000000000      0.0000000000      0.0000000000
    2    1      0.2500000000      0.2500000000      0.2500000000

     Dynamical  Matrix in cartesian axes

     q = (    0.600000000   0.000000000   0.800000000 ) 

    1    1
  0.13432332  0.00000000    0.00000000  0.00127903    0.00052074  0.00000000
  0.00000000 -0.00127903    0.15622497  0.00000000    0.00000000 -0.00354233
  0.00052074  0.00000000    0.00000000  0.00354233    0.14159198  0.00000000
    1    2
  0.01362745  0.01875657   -0.05187513  0.03768949   -0.05324869 -0.07329054
 -0.05187513  0.03768949    0.01920391  0.02643192   -0.02321427  0.01686616
 -0.05324869 -0.07329054   -0.02321427  0.01686616    0.01475446  0.02030778
    2    1
  0.01362745 -0.01875657   -0.05187513 -0.03768949   -0.05324869  0.07329054
 -0.05187513 -0.03768949    0.01920391 -0.02643192   -0.02321427 -0.01686616
 -0.05324869  0.07329054   -0.02321427 -0.01686616    0.01475446 -0.02030778
    2    2
  0.13432332  0.00000000    0.00000000 -0.00127903    0.00052074  0.00000000
  0.00000000  0.00127903    0.15622497  0.00000000    0.00000000  0.00354233
  0.00052074  0.00000000    0.00000000 -0.00354233    0.14159198  0.00000000

     Dynamical  Matrix in cartesian axes

     q = (    0.600000000   0.000000000  -0.800000000 ) 

    1    1
  0.13432332  0.00000000    0.00000000 -0.00127903   -0.00052074  0.00000000
  0.00000000  0.00127903    0.15622497  0.00000000   -0.00000000 -0.00354233
 -0.00052074  0.00000000    0.00000000  0.00354233    0.14159198  0.00000000
    1    2
 -0.02204967 -0.00716437   -0.01981454  0.06098288   -0.08615819 -0.02799449
 -0.01981454  0.06098288   -0.03107258 -0.01009609    0.00886706 -0.02729002
 -0.08615819 -0.02799449    0.00886706 -0.02729002   -0.02387322 -0.00775688
    2    1
 -0.02204967  0.00716437   -0.01981454 -0.06098288   -0.08615819  0.02799449
 -0.01981454 -0.06098288   -0.03107258  0.01009609    0.00886706  0.02729002
 -0.08615819  0.02799449    0.00886706  0.02729002   -0.02387322  0.00775688
    2    2
  0.13432332  0.00000000    0.00000000  0.00127903   -0.00052074  0.00000000
  0.00000000 -0.00127903    0.15622497  0.00000000   -0.00000000  0.00354233
 -0.00052074  0.00000000    0.00000000 -0.00354233    0.14159198  0.00000000

     Dynamical  Matrix in cartesian axes

     q = (   -0.600000000   0.000000000   0.800000000 ) 

    1    1
  0.13432332  0.00000000    0.00000000  0.00127903   -0.00052074  0.00000000
  0.00000000 -0.00127903    0.15622497  0.00000000   -0.00000000  0.00354233
 -0.00052074  0.00000000    0.00000000 -0.00354233    0.14159198  0.00000000
    1    2
 -0.02204967  0.00716437   -0.01981454 -0.06098288   -0.08615819  0.02799449
 -0.01981454 -0.06098288   -0.03107258  0.01009609    0.00886706  0.02729002
 -0.08615819  0.02799449    0.00886706  0.02729002   -0.02387322  0.00775688
    2    1
 -0.02204967 -0.00716437   -0.01981454  0.06098288   -0.08615819 -0.02799449
 -0.01981454  0.06098288   -0.03107258 -0.01009609    0.00886706 -0.02729002
 -0.08615819 -0.02799449    0.00886706 -0.02729002   -0.02387322 -0.00775688
    2    2
  0.13432332  0.00000000    0.00000000 -0.00127903   -0.00052074  0.00000000
  0.00000000  0.00127903    0.15622497  0.00000000   -0.00000000 -0.00354233
 -0.00052074  0.00000000    0.00000000  0.00354233    0.14159198  0.00000000

     Dynamical  Matrix in cartesian axes

     q = (   -0.800000000   0.000000000  -0.600000000 ) 

    1    1
  0.14159198  0.00000000    0.00000000 -0.00354233    0.00052074  0.00000000
  0.00000000  0.00354233    0.15622497  0.00000000   -0.00000000  0.00127903
  0.00052074  0.00000000    0.00000000 -0.00127903    0.13432332  0.00000000
    1    2
  0.01475446 -0.02030778   -0.02321427 -0.01686616   -0.05324869  0.07329054
 -0.02321427 -0.01686616    0.01920391 -0.02643192   -0.05187513 -0.03768949
 -0.05324869  0.07329054   -0.05187513 -0.03768949    0.01362745 -0.01875657
    2    1
  0.01475446  0.02030778   -0.02321427  0.01686616   -0.05324869 -0.07329054
 -0.02321427  0.01686616    0.01920391  0.02643192   -0.05187513  0.03768949
 -0.05324869 -0.07329054   -0.05187513  0.03768949    0.01362745  0.01875657
    2    2
  0.14159198  0.00000000    0.00000000  0.00354233    0.00052074  0.00000000
  0.00000000 -0.00354233    0.15622497  0.00000000   -0.00000000 -0.00127903
  0.00052074  0.00000000    0.00000000  0.00127903    0.13432332  0.00000000

     Dynamical  Matrix in cartesian axes

     q = (    0.800000000   0.000000000  -0.600000000 ) 

    1    1
  0.14159198  0.00000000    0.00000000 -0.00354233   -0.00052074  0.00000000
  0.00000000  0.00354233    0.15622497  0.00000000   -0.00000000 -0.00127903
 -0.00052074  0.00000000    0.00000000  0.00127903    0.13432332  0.00000000
    1    2
 -0.02387322  0.00775688    0.00886706  0.02729002   -0.08615819  0.02799449
  0.00886706  0.02729002   -0.03107258  0.01009609   -0.01981454 -0.06098288
 -0.08615819  0.02799449   -0.01981454 -0.06098288   -0.02204967  0.00716437
    2    1
 -0.02387322 -0.00775688    0.00886706 -0.02729002   -0.08615819 -0.02799449
  0.00886706 -0.02729002   -0.03107258 -0.01009609   -0.01981454  0.06098288
 -0.08615819 -0.02799449   -0.01981454  0.06098288   -0.02204967 -0.00716437
    2    2
  0.14159198  0.00000000    0.00000000  0.00354233   -0.00052074  0.00000000
  0.00000000 -0.00354233    0.15622497  0.00000000   -0.00000000  0.00127903
 -0.00052074  0.00000000    0.00000000 -0.00127903    0.13432332  0.00000000

     Dynamical  Matrix in cartesian axes

     q = (   -0.800000000   0.000000000   0.600000000 ) 

    1    1
  0.14159198  0.00000000    0.00000000  0.00354233   -0.00052074  0.00000000
  0.00000000 -0.00354233    0.15622497  0.00000000   -0.00000000  0.00127903
 -0.00052074  0.00000000    0.00000000 -0.00127903    0.13432332  0.00000000
    1    2
 -0.02387322 -0.00775688    0.00886706 -0.02729002   -0.08615819 -0.02799449
  0.00886706 -0.02729002   -0.03107258 -0.01009609   -0.01981454  0.06098288
 -0.08615819 -0.02799449   -0.01981454  0.06098288   -0.02204967 -0.00716437
    2    1
 -0.02387322  0.00775688    0.00886706  0.02729002   -0.08615819  0.02799449
  0.00886706  0.02729002   -0.03107258  0.01009609   -0.01981454 -0.06098288
 -0.08615819  0.02799449   -0.01981454 -0.06098288   -0.02204967  0.00716437
    2    2
  0.14159198  0.00000000    0.00000000 -0.00354233   -0.00052074  0.00000000
  0.00000000  0.00354233    0.15622497  0.00000000   -0.00000000 -0.00127903
 -0.00052074  0.00000000    0.00000000  0.00127903    0.13432332  0.00000000

     Dynamical  Matrix in cartesian axes

     q = (   -0.600000000   0.000000000  -0.800000000 ) 

    1    1
  0.13432332  0.00000000    0.00000000 -0.00127903    0.00052074  0.00000000
  0.00000000  0.00127903    0.15622497  0.00000000    0.00000000  0.00354233
  0.00052074  0.00000000    0.00000000 -0.00354233    0.14159198  0.00000000
    1    2
  0.01362745 -0.01875657   -0.05187513 -0.03768949   -0.05324869  0.07329054
 -0.05187513 -0.03768949    0.01920391 -0.02643192   -0.02321427 -0.01686616
 -0.05324869  0.07329054   -0.02321427 -0.01686616    0.01475446 -0.02030778
    2    1
  0.01362745  0.01875657   -0.05187513  0.03768949   -0.05324869 -0.07329054
 -0.05187513  0.03768949    0.01920391  0.02643192   -0.02321427  0.01686616
 -0.05324869 -0.07329054   -0.02321427  0.01686616    0.01475446  0.02030778
    2    2
  0.13432332  0.00000000    0.00000000  0.00127903    0.00052074  0.00000000
  0.00000000 -0.00127903    0.15622497  0.00000000    0.00000000 -0.00354233
  0.00052074  0.00000000    0.00000000  0.00354233    0.14159198  0.00000000

     Dynamical  Matrix in cartesian axes

     q = (    0.800000000   0.000000000   0.600000000 ) 

    1    1
  0.14159198  0.00000000    0.00000000  0.00354233    0.00052074  0.00000000
  0.00000000 -0.00354233    0.15622497  0.00000000   -0.00000000 -0.00127903
  0.00052074  0.00000000    0.00000000  0.00127903    0.13432332  0.00000000
    1    2
  0.01475446  0.02030778   -0.02321427  0.01686616   -0.05324869 -0.07329054
 -0.02321427  0.01686616    0.01920391  0.02643192   -0.05187513  0.03768949
 -0.05324869 -0.07329054   -0.05187513  0.03768949    0.01362745  0.01875657
    2    1
  0.01475446 -0.02030778   -0.02321427 -0.01686616   -0.05324869  0.07329054
 -0.02321427 -0.01686616    0.01920391 -0.02643192   -0.05187513 -0.03768949
 -0.05324869  0.07329054   -0.05187513 -0.03768949    0.01362745 -0.01875657
    2    2
  0.14159198  0.00000000    0.00000000 -0.00354233    0.00052074  0.00000000
  0.00000000  0.00354233    0.15622497  0.00000000   -0.00000000  0.00127903
  0.00052074  0.00000000    0.00000000 -0.00127903    0.13432332  0.00000000

     Dynamical  Matrix in cartesian axes

     q = (    0.000000000   0.800000000   0.600000000 ) 

    1    1
  0.15622497  0.00000000    0.00000000 -0.00354233    0.00000000 -0.00127903
  0.00000000  0.00354233    0.14159198  0.00000000    0.00052074  0.00000000
  0.00000000  0.00127903    0.00052074  0.00000000    0.13432332  0.00000000
    1    2
  0.01920391  0.02643192   -0.02321427  0.01686616   -0.05187513  0.03768949
 -0.02321427  0.01686616    0.01475446  0.02030778   -0.05324869 -0.07329054
 -0.05187513  0.03768949   -0.05324869 -0.07329054    0.01362745  0.01875657
    2    1
  0.01920391 -0.02643192   -0.02321427 -0.01686616   -0.05187513 -0.03768949
 -0.02321427 -0.01686616    0.01475446 -0.02030778   -0.05324869  0.07329054
 -0.05187513 -0.03768949   -0.05324869  0.07329054    0.01362745 -0.01875657
    2    2
  0.15622497  0.00000000    0.00000000  0.00354233    0.00000000  0.00127903
  0.00000000 -0.00354233    0.14159198  0.00000000    0.00052074  0.00000000
  0.00000000 -0.00127903    0.00052074  0.00000000    0.13432332  0.00000000

     Dynamical  Matrix in cartesian axes

     q = (    0.000000000   0.800000000  -0.600000000 ) 

    1    1
  0.15622497  0.00000000    0.00000000  0.00354233   -0.00000000 -0.00127903
  0.00000000 -0.00354233    0.14159198  0.00000000   -0.00052074  0.00000000
  0.00000000  0.00127903   -0.00052074  0.00000000    0.13432332  0.00000000
    1    2
 -0.03107258  0.01009609    0.00886706  0.02729002   -0.01981454 -0.06098288
  0.00886706  0.02729002   -0.02387322  0.00775688   -0.08615819  0.02799449
 -0.01981454 -0.06098288   -0.08615819  0.02799449   -0.02204967  0.00716437
    2    1
 -0.03107258 -0.01009609    0.00886706 -0.02729002   -0.01981454  0.06098288
  0.00886706 -0.02729002   -0.02387322 -0.00775688   -0.08615819 -0.02799449
 -0.01981454  0.06098288   -0.08615819 -0.02799449   -0.02204967 -0.00716437
    2    2
  0.15622497  0.00000000    0.00000000 -0.00354233   -0.00000000  0.00127903
  0.00000000  0.00354233    0.14159198  0.00000000   -0.00052074  0.00000000
  0.00000000 -0.00127903   -0.00052074  0.00000000    0.13432332  0.00000000

     Dynamical  Matrix in cartesian axes

     q = (    0.000000000  -0.800000000  -0.600000000 ) 

    1    1
  0.15622497  0.00000000    0.00000000  0.00354233    0.00000000  0.00127903
  0.00000000 -0.00354233    0.14159198  0.00000000    0.00052074  0.00000000
  0.00000000 -0.00127903    0.00052074  0.00000000    0.13432332  0.00000000
    1    2
  0.01920391 -0.02643192   -0.02321427 -0.01686616   -0.05187513 -0.03768949
 -0.02321427 -0.01686616    0.01475446 -0.02030778   -0.05324869  0.07329054
 -0.05187513 -0.03768949   -0.05324869  0.07329054    0.01362745 -0.01875657
    2    1
  0.01920391  0.02643192   -0.02321427  0.01686616   -0.05187513  0.03768949
 -0.02321427  0.01686616    0.01475446  0.02030778   -0.05324869 -0.07329054
 -0.05187513  0.03768949   -0.05324869 -0.07329054    0.01362745  0.01875657
    2    2
  0.15622497  0.00000000    0.00000000 -0.00354233    0.00000000 -0.00127903
  0.00000000  0.00354233    0.14159198  0.00000000    0.00052074  0.00000000
  0.00000000  0.00127903    0.00052074  0.00000000    0.13432332  0.00000000

     Dynamical  Matrix in cartesian axes

     q = (    0.000000000   0.600000000  -0.800000000 ) 

    1    1
  0.15622497  0.00000000   -0.00000000  0.00127903    0.00000000 -0.00354233
  0.00000000 -0.00127903    0.13432332  0.00000000   -0.00052074  0.00000000
  0.00000000  0.00354233   -0.00052074  0.00000000    0.14159198  0.00000000
    1    2
 -0.03107258 -0.01009609   -0.01981454  0.06098288    0.00886706 -0.02729002
 -0.01981454  0.06098288   -0.02204967 -0.00716437   -0.08615819 -0.02799449
  0.00886706 -0.02729002   -0.08615819 -0.02799449   -0.02387322 -0.00775688
    2    1
 -0.03107258  0.01009609   -0.01981454 -0.06098288    0.00886706  0.02729002
 -0.01981454 -0.06098288   -0.02204967  0.00716437   -0.08615819  0.02799449
  0.00886706  0.02729002   -0.08615819  0.02799449   -0.02387322  0.00775688
    2    2
  0.15622497  0.00000000   -0.00000000 -0.00127903    0.00000000  0.00354233
  0.00000000  0.00127903    0.13432332  0.00000000   -0.00052074  0.00000000
  0.00000000 -0.00354233   -0.00052074  0.00000000    0.14159198  0.00000000

     Dynamical  Matrix in cartesian axes

     q = (    0.800000000   0.600000000   0.000000000 ) 

    1    1
  0.14159198  0.00000000    0.00052074  0.00000000    0.00000000  0.00354233
  0.00052074  0.00000000    0.13432332  0.00000000    0.00000000  0.00127903
  0.00000000 -0.00354233    0.00000000 -0.00127903    0.15622497  0.00000000
    1    2
  0.01475446  0.02030778   -0.05324869 -0.07329054   -0.02321427  0.01686616
 -0.05324869 -0.07329054    0.01362745  0.01875657   -0.05187513  0.03768949
 -0.02321427  0.01686616   -0.05187513  0.03768949    0.01920391  0.02643192
    2    1
  0.01475446 -0.02030778   -0.05324869  0.07329054   -0.02321427 -0.01686616
 -0.05324869  0.07329054    0.01362745 -0.01875657   -0.05187513 -0.03768949
 -0.02321427 -0.01686616   -0.05187513 -0.03768949    0.01920391 -0.02643192
    2    2
  0.14159198  0.00000000    0.00052074  0.00000000    0.00000000 -0.00354233
  0.00052074  0.00000000    0.13432332  0.00000000    0.00000000 -0.00127903
  0.00000000  0.00354233    0.00000000  0.00127903    0.15622497  0.00000000

     Dynamical  Matrix in cartesian axes

     q = (    0.800000000  -0.600000000   0.000000000 ) 

    1    1
  0.14159198  0.00000000   -0.00052074  0.00000000    0.00000000 -0.00354233
 -0.00052074  0.00000000    0.13432332  0.00000000    0.00000000  0.00127903
  0.00000000  0.00354233    0.00000000 -0.00127903    0.15622497  0.00000000
    1    2
 -0.02387322  0.00775688   -0.08615819  0.02799449    0.00886706  0.02729002
 -0.08615819  0.02799449   -0.02204967  0.00716437   -0.01981454 -0.06098288
  0.00886706  0.02729002   -0.01981454 -0.06098288   -0.03107258  0.01009609
    2    1
 -0.02387322 -0.00775688   -0.08615819 -0.02799449    0.00886706 -0.02729002
 -0.08615819 -0.02799449   -0.02204967 -0.00716437   -0.01981454  0.06098288
  0.00886706 -0.02729002   -0.01981454  0.06098288   -0.03107258 -0.01009609
    2    2
  0.14159198  0.00000000   -0.00052074  0.00000000    0.00000000  0.00354233
 -0.00052074  0.00000000    0.13432332  0.00000000    0.00000000 -0.00127903
  0.00000000 -0.00354233    0.00000000  0.00127903    0.15622497  0.00000000

     Dynamical  Matrix in cartesian axes

     q = (   -0.800000000  -0.600000000   0.000000000 ) 

    1    1
  0.14159198  0.00000000    0.00052074  0.00000000    0.00000000 -0.00354233
  0.00052074  0.00000000    0.13432332  0.00000000    0.00000000 -0.00127903
  0.00000000  0.00354233    0.00000000  0.00127903    0.15622497  0.00000000
    1    2
  0.01475446 -0.02030778   -0.05324869  0.07329054   -0.02321427 -0.01686616
 -0.05324869  0.07329054    0.01362745 -0.01875657   -0.05187513 -0.03768949
 -0.02321427 -0.01686616   -0.05187513 -0.03768949    0.01920391 -0.02643192
    2    1
  0.01475446  0.02030778   -0.05324869 -0.07329054   -0.02321427  0.01686616
 -0.05324869 -0.07329054    0.01362745  0.01875657   -0.05187513  0.03768949
 -0.02321427  0.01686616   -0.05187513  0.03768949    0.01920391  0.02643192
    2    2
  0.14159198  0.00000000    0.00052074  0.00000000    0.00000000  0.00354233
  0.00052074  0.00000000    0.13432332  0.00000000    0.00000000  0.00127903
  0.00000000 -0.00354233    0.00000000 -0.00127903    0.15622497  0.00000000

     Dynamical  Matrix in cartesian axes

     q = (   -0.800000000   0.600000000   0.000000000 ) 

    1    1
  0.14159198  0.00000000   -0.00052074  0.00000000    0.00000000  0.00354233
 -0.00052074  0.00000000    0.13432332  0.00000000    0.00000000 -0.00127903
  0.00000000 -0.00354233    0.00000000  0.00127903    0.15622497  0.00000000
    1    2
 -0.02387322 -0.00775688   -0.08615819 -0.02799449    0.00886706 -0.02729002
 -0.08615819 -0.02799449   -0.02204967 -0.00716437   -0.01981454  0.06098288
  0.00886706 -0.02729002   -0.01981454  0.06098288   -0.03107258 -0.01009609
    2    1
 -0.02387322  0.00775688   -0.08615819  0.02799449    0.00886706  0.02729002
 -0.08615819  0.02799449   -0.02204967  0.00716437   -0.01981454 -0.06098288
  0.00886706  0.02729002   -0.01981454 -0.06098288   -0.03107258  0.01009609
    2    2
  0.14159198  0.00000000   -0.00052074  0.00000000    0.00000000 -0.00354233
 -0.00052074  0.00000000    0.13432332  0.00000000    0.00000000  0.00127903
  0.00000000  0.00354233    0.00000000 -0.00127903    0.15622497  0.00000000

     Dynamical  Matrix in cartesian axes

     q = (    0.000000000  -0.600000000   0.800000000 ) 

    1    1
  0.15622497  0.00000000   -0.00000000 -0.00127903    0.00000000  0.00354233
  0.00000000  0.00127903    0.13432332  0.00000000   -0.00052074  0.00000000
  0.00000000 -0.00354233   -0.00052074  0.00000000    0.14159198  0.00000000
    1    2
 -0.03107258  0.01009609   -0.01981454 -0.06098288    0.00886706  0.02729002
 -0.01981454 -0.06098288   -0.02204967  0.00716437   -0.08615819  0.02799449
  0.00886706  0.02729002   -0.08615819  0.02799449   -0.02387322  0.00775688
    2    1
 -0.03107258 -0.01009609   -0.01981454  0.06098288    0.00886706 -0.02729002
 -0.01981454  0.06098288   -0.02204967 -0.00716437   -0.08615819 -0.02799449
  0.00886706 -0.02729002   -0.08615819 -0.02799449   -0.02387322 -0.00775688
    2    2
  0.15622497  0.00000000   -0.00000000  0.00127903    0.00000000 -0.00354233
  0.00000000 -0.00127903    0.13432332  0.00000000   -0.00052074  0.00000000
  0.00000000  0.00354233   -0.00052074  0.00000000    0.14159198  0.00000000

     Dynamical  Matrix in cartesian axes

     q = (    0.000000000  -0.800000000   0.600000000 ) 

    1    1
  0.15622497  0.00000000    0.00000000 -0.00354233   -0.00000000  0.00127903
  0.00000000  0.00354233    0.14159198  0.00000000   -0.00052074  0.00000000
  0.00000000 -0.00127903   -0.00052074  0.00000000    0.13432332  0.00000000
    1    2
 -0.03107258 -0.01009609    0.00886706 -0.02729002   -0.01981454  0.06098288
  0.00886706 -0.02729002   -0.02387322 -0.00775688   -0.08615819 -0.02799449
 -0.01981454  0.06098288   -0.08615819 -0.02799449   -0.02204967 -0.00716437
    2    1
 -0.03107258  0.01009609    0.00886706  0.02729002   -0.01981454 -0.06098288
  0.00886706  0.02729002   -0.02387322  0.00775688   -0.08615819  0.02799449
 -0.01981454 -0.06098288   -0.08615819  0.02799449   -0.02204967  0.00716437
    2    2
  0.15622497  0.00000000    0.00000000  0.00354233   -0.00000000 -0.00127903
  0.00000000 -0.00354233    0.14159198  0.00000000   -0.00052074  0.00000000
  0.00000000  0.00127903   -0.00052074  0.00000000    0.13432332  0.00000000

     Dynamical  Matrix in cartesian axes

     q = (    0.000000000   0.600000000   0.800000000 ) 

    1    1
  0.15622497  0.00000000    0.00000000 -0.00127903    0.00000000 -0.00354233
  0.00000000  0.00127903    0.13432332  0.00000000    0.00052074  0.00000000
  0.00000000  0.00354233    0.00052074  0.00000000    0.14159198  0.00000000
    1    2
  0.01920391  0.02643192   -0.05187513  0.03768949   -0.02321427  0.01686616
 -0.05187513  0.03768949    0.01362745  0.01875657   -0.05324869 -0.07329054
 -0.02321427  0.01686616   -0.05324869 -0.07329054    0.01475446  0.02030778
    2    1
  0.01920391 -0.02643192   -0.05187513 -0.03768949   -0.02321427 -0.01686616
 -0.05187513 -0.03768949    0.01362745 -0.01875657   -0.05324869  0.07329054
 -0.02321427 -0.01686616   -0.05324869  0.07329054    0.01475446 -0.02030778
    2    2
  0.15622497  0.00000000    0.00000000  0.00127903    0.00000000  0.00354233
  0.00000000 -0.00127903    0.13432332  0.00000000    0.00052074  0.00000000
  0.00000000 -0.00354233    0.00052074  0.00000000    0.14159198  0.00000000

     Dynamical  Matrix in cartesian axes

     q = (    0.000000000  -0.600000000  -0.800000000 ) 

    1    1
  0.15622497  0.00000000    0.00000000  0.00127903    0.00000000  0.00354233
  0.00000000 -0.00127903    0.13432332  0.00000000    0.00052074  0.00000000
  0.00000000 -0.00354233    0.00052074  0.00000000    0.14159198  0.00000000
    1    2
  0.01920391 -0.02643192   -0.05187513 -0.03768949   -0.02321427 -0.01686616
 -0.05187513 -0.03768949    0.01362745 -0.01875657   -0.05324869  0.07329054
 -0.02321427 -0.01686616   -0.05324869  0.07329054    0.01475446 -0.02030778
    2    1
  0.01920391  0.02643192   -0.05187513  0.03768949   -0.02321427  0.01686616
 -0.05187513  0.03768949    0.01362745  0.01875657   -0.05324869 -0.07329054
 -0.02321427  0.01686616   -0.05324869 -0.07329054    0.01475446  0.02030778
    2    2
  0.15622497  0.00000000    0.00000000 -0.00127903    0.00000000 -0.00354233
  0.00000000  0.00127903    0.13432332  0.00000000    0.00052074  0.00000000
  0.00000000  0.00354233    0.00052074  0.00000000    0.14159198  0.00000000

     Dynamical  Matrix in cartesian axes

     q = (    0.600000000  -0.800000000   0.000000000 ) 

    1    1
  0.13432332  0.00000000   -0.00052074  0.00000000    0.00000000 -0.00127903
 -0.00052074  0.00000000    0.14159198  0.00000000    0.00000000  0.00354233
  0.00000000  0.00127903   -0.00000000 -0.00354233    0.15622497  0.00000000
    1    2
 -0.02204967 -0.00716437   -0.08615819 -0.02799449   -0.01981454  0.06098288
 -0.08615819 -0.02799449   -0.02387322 -0.00775688    0.00886706 -0.02729002
 -0.01981454  0.06098288    0.00886706 -0.02729002   -0.03107258 -0.01009609
    2    1
 -0.02204967  0.00716437   -0.08615819  0.02799449   -0.01981454 -0.06098288
 -0.08615819  0.02799449   -0.02387322  0.00775688    0.00886706  0.02729002
 -0.01981454 -0.06098288    0.00886706  0.02729002   -0.03107258  0.01009609
    2    2
  0.13432332  0.00000000   -0.00052074  0.00000000    0.00000000  0.00127903
 -0.00052074  0.00000000    0.14159198  0.00000000    0.00000000 -0.00354233
  0.00000000 -0.00127903   -0.00000000  0.00354233    0.15622497  0.00000000

     Dynamical  Matrix in cartesian axes

     q = (   -0.600000000  -0.800000000   0.000000000 ) 

    1    1
  0.13432332  0.00000000    0.00052074  0.00000000   -0.00000000 -0.00127903
  0.00052074  0.00000000    0.14159198  0.00000000   -0.00000000 -0.00354233
 -0.00000000  0.00127903    0.00000000  0.00354233    0.15622497  0.00000000
    1    2
  0.01362745 -0.01875657   -0.05324869  0.07329054   -0.05187513 -0.03768949
 -0.05324869  0.07329054    0.01475446 -0.02030778   -0.02321427 -0.01686616
 -0.05187513 -0.03768949   -0.02321427 -0.01686616    0.01920391 -0.02643192
    2    1
  0.01362745  0.01875657   -0.05324869 -0.07329054   -0.05187513  0.03768949
 -0.05324869 -0.07329054    0.01475446  0.02030778   -0.02321427  0.01686616
 -0.05187513  0.03768949   -0.02321427  0.01686616    0.01920391  0.02643192
    2    2
  0.13432332  0.00000000    0.00052074  0.00000000   -0.00000000  0.00127903
  0.00052074  0.00000000    0.14159198  0.00000000   -0.00000000  0.00354233
 -0.00000000 -0.00127903    0.00000000 -0.00354233    0.15622497  0.00000000

     Dynamical  Matrix in cartesian axes

     q = (    0.600000000   0.800000000   0.000000000 ) 

    1    1
  0.13432332  0.00000000    0.00052074  0.00000000   -0.00000000  0.00127903
  0.00052074  0.00000000    0.14159198  0.00000000   -0.00000000  0.00354233
 -0.00000000 -0.00127903    0.00000000 -0.00354233    0.15622497  0.00000000
    1    2
  0.01362745  0.01875657   -0.05324869 -0.07329054   -0.05187513  0.03768949
 -0.05324869 -0.07329054    0.01475446  0.02030778   -0.02321427  0.01686616
 -0.05187513  0.03768949   -0.02321427  0.01686616    0.01920391  0.02643192
    2    1
  0.01362745 -0.01875657   -0.05324869  0.07329054   -0.05187513 -0.03768949
 -0.05324869  0.07329054    0.01475446 -0.02030778   -0.02321427 -0.01686616
 -0.05187513 -0.03768949   -0.02321427 -0.01686616    0.01920391 -0.02643192
    2    2
  0.13432332  0.00000000    0.00052074  0.00000000   -0.00000000 -0.00127903
  0.00052074  0.00000000    0.14159198  0.00000000   -0.00000000 -0.00354233
 -0.00000000  0.00127903    0.00000000  0.00354233    0.15622497  0.00000000

     Dynamical  Matrix in cartesian axes

     q = (   -0.600000000   0.800000000   0.000000000 ) 

    1    1
  0.13432332  0.00000000   -0.00052074  0.00000000    0.00000000  0.00127903
 -0.00052074  0.00000000    0.14159198  0.00000000    0.00000000 -0.00354233
  0.00000000 -0.00127903   -0.00000000  0.00354233    0.15622497  0.00000000
    1    2
 -0.02204967  0.00716437   -0.08615819  0.02799449   -0.01981454 -0.06098288
 -0.08615819  0.02799449   -0.02387322  0.00775688    0.00886706  0.02729002
 -0.01981454 -0.06098288    0.00886706  0.02729002   -0.03107258  0.01009609
    2    1
 -0.02204967 -0.00716437   -0.08615819 -0.02799449   -0.01981454  0.06098288
 -0.08615819 -0.02799449   -0.02387322 -0.00775688    0.00886706 -0.02729002
 -0.01981454  0.06098288    0.00886706 -0.02729002   -0.03107258 -0.01009609
    2    2
  0.13432332  0.00000000   -0.00052074  0.00000000    0.00000000 -0.00127903
 -0.00052074  0.00000000    0.14159198  0.00000000    0.00000000  0.00354233
  0.00000000  0.00127903   -0.00000000 -0.00354233    0.15622497  0.00000000

     Diagonalizing the dynamical matrix

     q = (    0.600000000   0.000000000   0.800000000 ) 

 **************************************************************************
     freq (    1) =       1.361731 [THz] =      45.422446 [cm-1]
 ( -0.311180 -0.428302  0.094949 -0.068985  0.266747  0.367146 ) 
 (  0.529411  0.000000 -0.000000 -0.117364 -0.453817  0.000000 ) 
     freq (    2) =       1.699494 [THz] =      56.689026 [cm-1]
 ( -0.266227 -0.366430 -0.322465  0.234285 -0.216748 -0.298328 ) 
 ( -0.452932 -0.000000  0.000000 -0.398589 -0.368754  0.000000 ) 
     freq (    3) =       3.617293 [THz] =     120.659902 [cm-1]
 ( -0.145290 -0.199974  0.414030 -0.300810 -0.247285 -0.340358 ) 
 (  0.247182 -0.000000 -0.000000 -0.511769  0.420706  0.000000 ) 
     freq (    4) =       4.013549 [THz] =     133.877594 [cm-1]
 ( -0.106792 -0.146987  0.456093 -0.331371 -0.227012 -0.312455 ) 
 ( -0.181686  0.000000  0.000000  0.563762 -0.386215  0.000000 ) 
     freq (    5) =       5.078612 [THz] =     169.404268 [cm-1]
 (  0.300773  0.413979 -0.123487  0.089719 -0.272455 -0.375002 ) 
 (  0.511706 -0.000000  0.000000 -0.152639 -0.463528  0.000000 ) 
     freq (    6) =       5.169737 [THz] =     172.443863 [cm-1]
 ( -0.234102 -0.322214 -0.383168  0.278388 -0.201102 -0.276793 ) 
 (  0.398278 -0.000000  0.000000  0.473622  0.342135  0.000000 ) 
 **************************************************************************
