Dynamical matrix file
                                                                           
  1    2  2 12.5600000  0.0000000  0.0000000  0.0000000  0.0000000  0.0000000
           1  'Sn  '    108197.54598352207     
    1    1      0.0000000000      0.0000000000      0.0000000000
    2    1      0.2500000000      0.2500000000      0.2500000000

     Dynamical  Matrix in cartesian axes

     q = (   -0.100000000   0.100000000  -0.100000000 ) 

    1    1
  0.14714152  0.00000000   -0.00107525 -0.00000000    0.00107525  0.00000000
 -0.00107525 -0.00000000    0.14714152  0.00000000   -0.00107525 -0.00000000
  0.00107525  0.00000000   -0.00107525 -0.00000000    0.14714152  0.00000000
    1    2
 -0.13986188 -0.02050256   -0.00378113  0.01354277    0.00378113 -0.01354277
 -0.00378113  0.01354277   -0.13986188 -0.02050256   -0.00378113  0.01354277
  0.00378113 -0.01354277   -0.00378113  0.01354277   -0.13986188 -0.02050256
    2    1
 -0.13986188  0.02050256   -0.00378113 -0.01354277    0.00378113  0.01354277
 -0.00378113 -0.01354277   -0.13986188  0.02050256   -0.00378113 -0.01354277
  0.00378113  0.01354277   -0.00378113 -0.01354277   -0.13986188  0.02050256
    2    2
  0.14714152 -0.00000000   -0.00107525  0.00000000    0.00107525 -0.00000000
 -0.00107525  0.00000000    0.14714152 -0.00000000   -0.00107525  0.00000000
  0.00107525 -0.00000000   -0.00107525  0.00000000    0.14714152 -0.00000000

     Dynamical  Matrix in cartesian axes

     q = (   -0.100000000   0.100000000   0.100000000 ) 

    1    1
  0.14714152 -0.00000000   -0.00107525  0.00000000   -0.00107525  0.00000000
 -0.00107525  0.00000000    0.14714152 -0.00000000    0.00107525 -0.00000000
 -0.00107525  0.00000000    0.00107525 -0.00000000    0.14714152 -0.00000000
    1    2
 -0.13986188  0.02050256   -0.00378113 -0.01354277   -0.00378113 -0.01354277
 -0.00378113 -0.01354277   -0.13986188  0.02050256    0.00378113  0.01354277
 -0.00378113 -0.01354277    0.00378113  0.01354277   -0.13986188  0.02050256
    2    1
 -0.13986188 -0.02050256   -0.00378113  0.01354277   -0.00378113  0.01354277
 -0.00378113  0.01354277   -0.13986188 -0.02050256    0.00378113 -0.01354277
 -0.00378113  0.01354277    0.00378113 -0.01354277   -0.13986188 -0.02050256
    2    2
  0.14714152  0.00000000   -0.00107525 -0.00000000   -0.00107525 -0.00000000
 -0.00107525 -0.00000000    0.14714152  0.00000000    0.00107525  0.00000000
 -0.00107525 -0.00000000    0.00107525  0.00000000    0.14714152  0.00000000

     Dynamical  Matrix in cartesian axes

     q = (    0.100000000   0.100000000  -0.100000000 ) 

    1    1
  0.14714152 -0.00000000    0.00107525 -0.00000000   -0.00107525  0.00000000
  0.00107525 -0.00000000    0.14714152 -0.00000000   -0.00107525  0.00000000
 -0.00107525  0.00000000   -0.00107525  0.00000000    0.14714152 -0.00000000
    1    2
 -0.13986188  0.02050256    0.00378113  0.01354277   -0.00378113 -0.01354277
  0.00378113  0.01354277   -0.13986188  0.02050256   -0.00378113 -0.01354277
 -0.00378113 -0.01354277   -0.00378113 -0.01354277   -0.13986188  0.02050256
    2    1
 -0.13986188 -0.02050256    0.00378113 -0.01354277   -0.00378113  0.01354277
  0.00378113 -0.01354277   -0.13986188 -0.02050256   -0.00378113  0.01354277
 -0.00378113  0.01354277   -0.00378113  0.01354277   -0.13986188 -0.02050256
    2    2
  0.14714152  0.00000000    0.00107525  0.00000000   -0.00107525 -0.00000000
  0.00107525  0.00000000    0.14714152  0.00000000   -0.00107525 -0.00000000
 -0.00107525 -0.00000000   -0.00107525 -0.00000000    0.14714152  0.00000000

     Dynamical  Matrix in cartesian axes

     q = (    0.100000000  -0.100000000   0.100000000 ) 

    1    1
  0.14714152 -0.00000000   -0.00107525  0.00000000    0.00107525 -0.00000000
 -0.00107525  0.00000000    0.14714152 -0.00000000   -0.00107525  0.00000000
  0.00107525 -0.00000000   -0.00107525  0.00000000    0.14714152 -0.00000000
    1    2
 -0.13986188  0.02050256   -0.00378113 -0.01354277    0.00378113  0.01354277
 -0.00378113 -0.01354277   -0.13986188  0.02050256   -0.00378113 -0.01354277
  0.00378113  0.01354277   -0.00378113 -0.01354277   -0.13986188  0.02050256
    2    1
 -0.13986188 -0.02050256   -0.00378113  0.01354277    0.00378113 -0.01354277
 -0.00378113  0.01354277   -0.13986188 -0.02050256   -0.00378113  0.01354277
  0.00378113 -0.01354277   -0.00378113  0.01354277   -0.13986188 -0.02050256
    2    2
  0.14714152  0.00000000   -0.00107525 -0.00000000    0.00107525  0.00000000
 -0.00107525 -0.00000000    0.14714152  0.00000000   -0.00107525 -0.00000000
  0.00107525  0.00000000   -0.00107525 -0.00000000    0.14714152  0.00000000

     Dynamical  Matrix in cartesian axes

     q = (    0.100000000  -0.100000000  -0.100000000 ) 

    1    1
  0.14714152  0.00000000   -0.00107525 -0.00000000   -0.00107525 -0.00000000
 -0.00107525 -0.00000000    0.14714152  0.00000000    0.00107525  0.00000000
 -0.00107525 -0.00000000    0.00107525  0.00000000    0.14714152  0.00000000
    1    2
 -0.13986188 -0.02050256   -0.00378113  0.01354277   -0.00378113  0.01354277
 -0.00378113  0.01354277   -0.13986188 -0.02050256    0.00378113 -0.01354277
 -0.00378113  0.01354277    0.00378113 -0.01354277   -0.13986188 -0.02050256
    2    1
 -0.13986188  0.02050256   -0.00378113 -0.01354277   -0.00378113 -0.01354277
 -0.00378113 -0.01354277   -0.13986188  0.02050256    0.00378113  0.01354277
 -0.00378113 -0.01354277    0.00378113  0.01354277   -0.13986188  0.02050256
    2    2
  0.14714152 -0.00000000   -0.00107525  0.00000000   -0.00107525  0.00000000
 -0.00107525  0.00000000    0.14714152 -0.00000000    0.00107525 -0.00000000
 -0.00107525  0.00000000    0.00107525 -0.00000000    0.14714152 -0.00000000

     Dynamical  Matrix in cartesian axes

     q = (    0.100000000   0.100000000   0.100000000 ) 

    1    1
  0.14714152  0.00000000    0.00107525  0.00000000    0.00107525  0.00000000
  0.00107525  0.00000000    0.14714152  0.00000000    0.00107525  0.00000000
  0.00107525  0.00000000    0.00107525  0.00000000    0.14714152  0.00000000
    1    2
 -0.12520174  0.06562183   -0.00490125 -0.01317882   -0.00490125 -0.01317882
 -0.00490125 -0.01317882   -0.12520174  0.06562183   -0.00490125 -0.01317882
 -0.00490125 -0.01317882   -0.00490125 -0.01317882   -0.12520174  0.06562183
    2    1
 -0.12520174 -0.06562183   -0.00490125  0.01317882   -0.00490125  0.01317882
 -0.00490125  0.01317882   -0.12520174 -0.06562183   -0.00490125  0.01317882
 -0.00490125  0.01317882   -0.00490125  0.01317882   -0.12520174 -0.06562183
    2    2
  0.14714152 -0.00000000    0.00107525 -0.00000000    0.00107525 -0.00000000
  0.00107525 -0.00000000    0.14714152 -0.00000000    0.00107525 -0.00000000
  0.00107525 -0.00000000    0.00107525 -0.00000000    0.14714152 -0.00000000

     Dynamical  Matrix in cartesian axes

     q = (   -0.100000000  -0.100000000  -0.100000000 ) 

    1    1
  0.14714152 -0.00000000    0.00107525 -0.00000000    0.00107525 -0.00000000
  0.00107525 -0.00000000    0.14714152 -0.00000000    0.00107525 -0.00000000
  0.00107525 -0.00000000    0.00107525 -0.00000000    0.14714152 -0.00000000
    1    2
 -0.12520174 -0.06562183   -0.00490125  0.01317882   -0.00490125  0.01317882
 -0.00490125  0.01317882   -0.12520174 -0.06562183   -0.00490125  0.01317882
 -0.00490125  0.01317882   -0.00490125  0.01317882   -0.12520174 -0.06562183
    2    1
 -0.12520174  0.06562183   -0.00490125 -0.01317882   -0.00490125 -0.01317882
 -0.00490125 -0.01317882   -0.12520174  0.06562183   -0.00490125 -0.01317882
 -0.00490125 -0.01317882   -0.00490125 -0.01317882   -0.12520174  0.06562183
    2    2
  0.14714152  0.00000000    0.00107525  0.00000000    0.00107525  0.00000000
  0.00107525  0.00000000    0.14714152  0.00000000    0.00107525  0.00000000
  0.00107525  0.00000000    0.00107525  0.00000000    0.14714152  0.00000000

     Dynamical  Matrix in cartesian axes

     q = (   -0.100000000  -0.100000000   0.100000000 ) 

    1    1
  0.14714152  0.00000000    0.00107525  0.00000000   -0.00107525 -0.00000000
  0.00107525  0.00000000    0.14714152  0.00000000   -0.00107525 -0.00000000
 -0.00107525 -0.00000000   -0.00107525 -0.00000000    0.14714152  0.00000000
    1    2
 -0.13986188 -0.02050256    0.00378113 -0.01354277   -0.00378113  0.01354277
  0.00378113 -0.01354277   -0.13986188 -0.02050256   -0.00378113  0.01354277
 -0.00378113  0.01354277   -0.00378113  0.01354277   -0.13986188 -0.02050256
    2    1
 -0.13986188  0.02050256    0.00378113  0.01354277   -0.00378113 -0.01354277
  0.00378113  0.01354277   -0.13986188  0.02050256   -0.00378113 -0.01354277
 -0.00378113 -0.01354277   -0.00378113 -0.01354277   -0.13986188  0.02050256
    2    2
  0.14714152 -0.00000000    0.00107525 -0.00000000   -0.00107525  0.00000000
  0.00107525 -0.00000000    0.14714152 -0.00000000   -0.00107525  0.00000000
 -0.00107525  0.00000000   -0.00107525  0.00000000    0.14714152 -0.00000000

     Diagonalizing the dynamical matrix

     q = (   -0.100000000   0.100000000  -0.100000000 ) 

 **************************************************************************
     freq (    1) =       0.474916 [THz] =      15.841482 [cm-1]
 ( -0.480287  0.056052 -0.512054  0.054513 -0.031767 -0.001539 ) 
 ( -0.477011  0.079230 -0.508816  0.079230 -0.031805  0.000000 ) 
     freq (    2) =       0.474916 [THz] =      15.841482 [cm-1]
 ( -0.315273 -0.010899  0.260525  0.016999  0.575798  0.027899 ) 
 ( -0.315431  0.004371  0.261042  0.004371  0.576474  0.000000 ) 
     freq (    3) =       0.932556 [THz] =      31.106706 [cm-1]
 (  0.384152  0.138179 -0.384152 -0.138179  0.384152  0.138179 ) 
 (  0.408248 -0.000000 -0.408248  0.000000  0.408248  0.000000 ) 
     freq (    4) =       5.384852 [THz] =     179.619341 [cm-1]
 ( -0.113237 -0.064835  0.430407 -0.038494  0.543644  0.026341 ) 
 (  0.116242  0.059279 -0.428039  0.059279 -0.544281  0.000000 ) 
     freq (    5) =       5.384852 [THz] =     179.619341 [cm-1]
 ( -0.544360  0.141349 -0.351995  0.150669  0.192365  0.009320 ) 
 (  0.536881 -0.167528  0.344291 -0.167528 -0.192590  0.000000 ) 
     freq (    6) =       5.384967 [THz] =     179.623152 [cm-1]
 (  0.384152  0.138179 -0.384152 -0.138179  0.384152  0.138179 ) 
 ( -0.408248  0.000000  0.408248 -0.000000 -0.408248  0.000000 ) 
 **************************************************************************
