Dynamical matrix file
                                                                           
  1    2  2 12.5600000  0.0000000  0.0000000  0.0000000  0.0000000  0.0000000
           1  'Sn  '    108197.54598352207     
    1    1      0.0000000000      0.0000000000      0.0000000000
    2    1      0.2500000000      0.2500000000      0.2500000000

     Dynamical  Matrix in cartesian axes

     q = (    0.700000000  -0.100000000   0.700000000 ) 

    1    1
  0.13684962  0.00000000   -0.00081629  0.00380184   -0.00055019  0.00000000
 -0.00081629 -0.00380184    0.15889112  0.00000000   -0.00081629 -0.00380184
 -0.00055019  0.00000000   -0.00081629  0.00380184    0.13684962  0.00000000
    1    2
 -0.00303704  0.03156922   -0.03712164  0.02750267   -0.03801625 -0.08459380
 -0.03712164  0.02750267    0.00036787  0.04343254   -0.03712164  0.02750267
 -0.03801625 -0.08459380   -0.03712164  0.02750267   -0.00303704  0.03156922
    2    1
 -0.00303704 -0.03156922   -0.03712164 -0.02750267   -0.03801625  0.08459380
 -0.03712164 -0.02750267    0.00036787 -0.04343254   -0.03712164 -0.02750267
 -0.03801625  0.08459380   -0.03712164 -0.02750267   -0.00303704 -0.03156922
    2    2
  0.13684962  0.00000000   -0.00081629 -0.00380184   -0.00055019  0.00000000
 -0.00081629  0.00380184    0.15889112  0.00000000   -0.00081629  0.00380184
 -0.00055019  0.00000000   -0.00081629 -0.00380184    0.13684962  0.00000000

     Dynamical  Matrix in cartesian axes

     q = (    0.700000000   0.100000000  -0.700000000 ) 

    1    1
  0.13684962  0.00000000    0.00081629 -0.00380184    0.00055019  0.00000000
  0.00081629  0.00380184    0.15889112  0.00000000   -0.00081629 -0.00380184
  0.00055019  0.00000000   -0.00081629  0.00380184    0.13684962  0.00000000
    1    2
 -0.02908561 -0.01264382    0.01468537  0.04380357   -0.09220116  0.01001468
  0.01468537  0.04380357   -0.04142048 -0.01307153   -0.01468537 -0.04380357
 -0.09220116  0.01001468   -0.01468537 -0.04380357   -0.02908561 -0.01264382
    2    1
 -0.02908561  0.01264382    0.01468537 -0.04380357   -0.09220116 -0.01001468
  0.01468537 -0.04380357   -0.04142048  0.01307153   -0.01468537  0.04380357
 -0.09220116 -0.01001468   -0.01468537  0.04380357   -0.02908561  0.01264382
    2    2
  0.13684962  0.00000000    0.00081629  0.00380184    0.00055019  0.00000000
  0.00081629 -0.00380184    0.15889112  0.00000000   -0.00081629  0.00380184
  0.00055019  0.00000000   -0.00081629 -0.00380184    0.13684962  0.00000000

     Dynamical  Matrix in cartesian axes

     q = (    0.700000000  -0.100000000  -0.700000000 ) 

    1    1
  0.13684962  0.00000000   -0.00081629 -0.00380184    0.00055019  0.00000000
 -0.00081629  0.00380184    0.15889112  0.00000000    0.00081629 -0.00380184
  0.00055019  0.00000000    0.00081629  0.00380184    0.13684962  0.00000000
    1    2
 -0.02908561  0.01264382   -0.01468537  0.04380357   -0.09220116 -0.01001468
 -0.01468537  0.04380357   -0.04142048  0.01307153    0.01468537 -0.04380357
 -0.09220116 -0.01001468    0.01468537 -0.04380357   -0.02908561  0.01264382
    2    1
 -0.02908561 -0.01264382   -0.01468537 -0.04380357   -0.09220116  0.01001468
 -0.01468537 -0.04380357   -0.04142048 -0.01307153    0.01468537  0.04380357
 -0.09220116  0.01001468    0.01468537  0.04380357   -0.02908561 -0.01264382
    2    2
  0.13684962  0.00000000   -0.00081629  0.00380184    0.00055019  0.00000000
 -0.00081629 -0.00380184    0.15889112  0.00000000    0.00081629  0.00380184
  0.00055019  0.00000000    0.00081629 -0.00380184    0.13684962  0.00000000

     Dynamical  Matrix in cartesian axes

     q = (   -0.700000000  -0.100000000   0.700000000 ) 

    1    1
  0.13684962  0.00000000    0.00081629  0.00380184    0.00055019  0.00000000
  0.00081629 -0.00380184    0.15889112  0.00000000   -0.00081629  0.00380184
  0.00055019  0.00000000   -0.00081629 -0.00380184    0.13684962  0.00000000
    1    2
 -0.02908561  0.01264382    0.01468537 -0.04380357   -0.09220116 -0.01001468
  0.01468537 -0.04380357   -0.04142048  0.01307153   -0.01468537  0.04380357
 -0.09220116 -0.01001468   -0.01468537  0.04380357   -0.02908561  0.01264382
    2    1
 -0.02908561 -0.01264382    0.01468537  0.04380357   -0.09220116  0.01001468
  0.01468537  0.04380357   -0.04142048 -0.01307153   -0.01468537 -0.04380357
 -0.09220116  0.01001468   -0.01468537 -0.04380357   -0.02908561 -0.01264382
    2    2
  0.13684962  0.00000000    0.00081629 -0.00380184    0.00055019  0.00000000
  0.00081629  0.00380184    0.15889112  0.00000000   -0.00081629 -0.00380184
  0.00055019  0.00000000   -0.00081629  0.00380184    0.13684962  0.00000000

     Dynamical  Matrix in cartesian axes

     q = (   -0.700000000  -0.100000000  -0.700000000 ) 

    1    1
  0.13684962  0.00000000    0.00081629 -0.00380184   -0.00055019  0.00000000
  0.00081629  0.00380184    0.15889112  0.00000000    0.00081629  0.00380184
 -0.00055019  0.00000000    0.00081629 -0.00380184    0.13684962  0.00000000
    1    2
  0.03096261 -0.00686703   -0.03762781 -0.02680599   -0.06870582  0.06229653
 -0.03762781 -0.02680599    0.04119312 -0.01377126   -0.03762781 -0.02680599
 -0.06870582  0.06229653   -0.03762781 -0.02680599    0.03096261 -0.00686703
    2    1
  0.03096261  0.00686703   -0.03762781  0.02680599   -0.06870582 -0.06229653
 -0.03762781  0.02680599    0.04119312  0.01377126   -0.03762781  0.02680599
 -0.06870582 -0.06229653   -0.03762781  0.02680599    0.03096261  0.00686703
    2    2
  0.13684962  0.00000000    0.00081629  0.00380184   -0.00055019  0.00000000
  0.00081629 -0.00380184    0.15889112  0.00000000    0.00081629 -0.00380184
 -0.00055019  0.00000000    0.00081629  0.00380184    0.13684962  0.00000000

     Dynamical  Matrix in cartesian axes

     q = (   -0.700000000   0.100000000  -0.700000000 ) 

    1    1
  0.13684962  0.00000000   -0.00081629 -0.00380184   -0.00055019  0.00000000
 -0.00081629  0.00380184    0.15889112  0.00000000   -0.00081629  0.00380184
 -0.00055019  0.00000000   -0.00081629 -0.00380184    0.13684962  0.00000000
    1    2
 -0.00303704 -0.03156922   -0.03712164 -0.02750267   -0.03801625  0.08459380
 -0.03712164 -0.02750267    0.00036787 -0.04343254   -0.03712164 -0.02750267
 -0.03801625  0.08459380   -0.03712164 -0.02750267   -0.00303704 -0.03156922
    2    1
 -0.00303704  0.03156922   -0.03712164  0.02750267   -0.03801625 -0.08459380
 -0.03712164  0.02750267    0.00036787  0.04343254   -0.03712164  0.02750267
 -0.03801625 -0.08459380   -0.03712164  0.02750267   -0.00303704  0.03156922
    2    2
  0.13684962  0.00000000   -0.00081629  0.00380184   -0.00055019  0.00000000
 -0.00081629 -0.00380184    0.15889112  0.00000000   -0.00081629 -0.00380184
 -0.00055019  0.00000000   -0.00081629  0.00380184    0.13684962  0.00000000

     Dynamical  Matrix in cartesian axes

     q = (   -0.700000000   0.100000000   0.700000000 ) 

    1    1
  0.13684962  0.00000000   -0.00081629  0.00380184    0.00055019  0.00000000
 -0.00081629 -0.00380184    0.15889112  0.00000000    0.00081629  0.00380184
  0.00055019  0.00000000    0.00081629 -0.00380184    0.13684962  0.00000000
    1    2
 -0.02908561 -0.01264382   -0.01468537 -0.04380357   -0.09220116  0.01001468
 -0.01468537 -0.04380357   -0.04142048 -0.01307153    0.01468537  0.04380357
 -0.09220116  0.01001468    0.01468537  0.04380357   -0.02908561 -0.01264382
    2    1
 -0.02908561  0.01264382   -0.01468537  0.04380357   -0.09220116 -0.01001468
 -0.01468537  0.04380357   -0.04142048  0.01307153    0.01468537 -0.04380357
 -0.09220116 -0.01001468    0.01468537 -0.04380357   -0.02908561  0.01264382
    2    2
  0.13684962  0.00000000   -0.00081629 -0.00380184    0.00055019  0.00000000
 -0.00081629  0.00380184    0.15889112  0.00000000    0.00081629 -0.00380184
  0.00055019  0.00000000    0.00081629  0.00380184    0.13684962  0.00000000

     Dynamical  Matrix in cartesian axes

     q = (    0.700000000   0.100000000   0.700000000 ) 

    1    1
  0.13684962  0.00000000    0.00081629  0.00380184   -0.00055019  0.00000000
  0.00081629 -0.00380184    0.15889112  0.00000000    0.00081629 -0.00380184
 -0.00055019  0.00000000    0.00081629  0.00380184    0.13684962  0.00000000
    1    2
  0.03096261  0.00686703   -0.03762781  0.02680599   -0.06870582 -0.06229653
 -0.03762781  0.02680599    0.04119312  0.01377126   -0.03762781  0.02680599
 -0.06870582 -0.06229653   -0.03762781  0.02680599    0.03096261  0.00686703
    2    1
  0.03096261 -0.00686703   -0.03762781 -0.02680599   -0.06870582  0.06229653
 -0.03762781 -0.02680599    0.04119312 -0.01377126   -0.03762781 -0.02680599
 -0.06870582  0.06229653   -0.03762781 -0.02680599    0.03096261 -0.00686703
    2    2
  0.13684962  0.00000000    0.00081629 -0.00380184   -0.00055019  0.00000000
  0.00081629  0.00380184    0.15889112  0.00000000    0.00081629  0.00380184
 -0.00055019  0.00000000    0.00081629 -0.00380184    0.13684962  0.00000000

     Dynamical  Matrix in cartesian axes

     q = (   -0.100000000   0.700000000   0.700000000 ) 

    1    1
  0.15889112  0.00000000   -0.00081629 -0.00380184   -0.00081629 -0.00380184
 -0.00081629  0.00380184    0.13684962  0.00000000   -0.00055019  0.00000000
 -0.00081629  0.00380184   -0.00055019  0.00000000    0.13684962  0.00000000
    1    2
  0.00036787  0.04343254   -0.03712164  0.02750267   -0.03712164  0.02750267
 -0.03712164  0.02750267   -0.00303704  0.03156922   -0.03801625 -0.08459380
 -0.03712164  0.02750267   -0.03801625 -0.08459380   -0.00303704  0.03156922
    2    1
  0.00036787 -0.04343254   -0.03712164 -0.02750267   -0.03712164 -0.02750267
 -0.03712164 -0.02750267   -0.00303704 -0.03156922   -0.03801625  0.08459380
 -0.03712164 -0.02750267   -0.03801625  0.08459380   -0.00303704 -0.03156922
    2    2
  0.15889112  0.00000000   -0.00081629  0.00380184   -0.00081629  0.00380184
 -0.00081629 -0.00380184    0.13684962  0.00000000   -0.00055019  0.00000000
 -0.00081629 -0.00380184   -0.00055019  0.00000000    0.13684962  0.00000000

     Dynamical  Matrix in cartesian axes

     q = (    0.100000000   0.700000000  -0.700000000 ) 

    1    1
  0.15889112  0.00000000    0.00081629  0.00380184   -0.00081629 -0.00380184
  0.00081629 -0.00380184    0.13684962  0.00000000    0.00055019  0.00000000
 -0.00081629  0.00380184    0.00055019  0.00000000    0.13684962  0.00000000
    1    2
 -0.04142048 -0.01307153    0.01468537  0.04380357   -0.01468537 -0.04380357
  0.01468537  0.04380357   -0.02908561 -0.01264382   -0.09220116  0.01001468
 -0.01468537 -0.04380357   -0.09220116  0.01001468   -0.02908561 -0.01264382
    2    1
 -0.04142048  0.01307153    0.01468537 -0.04380357   -0.01468537  0.04380357
  0.01468537 -0.04380357   -0.02908561  0.01264382   -0.09220116 -0.01001468
 -0.01468537  0.04380357   -0.09220116 -0.01001468   -0.02908561  0.01264382
    2    2
  0.15889112  0.00000000    0.00081629 -0.00380184   -0.00081629  0.00380184
  0.00081629  0.00380184    0.13684962  0.00000000    0.00055019  0.00000000
 -0.00081629 -0.00380184    0.00055019  0.00000000    0.13684962  0.00000000

     Dynamical  Matrix in cartesian axes

     q = (   -0.100000000  -0.700000000  -0.700000000 ) 

    1    1
  0.15889112  0.00000000    0.00081629  0.00380184    0.00081629  0.00380184
  0.00081629 -0.00380184    0.13684962  0.00000000   -0.00055019  0.00000000
  0.00081629 -0.00380184   -0.00055019  0.00000000    0.13684962  0.00000000
    1    2
  0.04119312 -0.01377126   -0.03762781 -0.02680599   -0.03762781 -0.02680599
 -0.03762781 -0.02680599    0.03096261 -0.00686703   -0.06870582  0.06229653
 -0.03762781 -0.02680599   -0.06870582  0.06229653    0.03096261 -0.00686703
    2    1
  0.04119312  0.01377126   -0.03762781  0.02680599   -0.03762781  0.02680599
 -0.03762781  0.02680599    0.03096261  0.00686703   -0.06870582 -0.06229653
 -0.03762781  0.02680599   -0.06870582 -0.06229653    0.03096261  0.00686703
    2    2
  0.15889112  0.00000000    0.00081629 -0.00380184    0.00081629 -0.00380184
  0.00081629  0.00380184    0.13684962  0.00000000   -0.00055019  0.00000000
  0.00081629  0.00380184   -0.00055019  0.00000000    0.13684962  0.00000000

     Dynamical  Matrix in cartesian axes

     q = (   -0.100000000   0.700000000  -0.700000000 ) 

    1    1
  0.15889112  0.00000000   -0.00081629  0.00380184    0.00081629 -0.00380184
 -0.00081629 -0.00380184    0.13684962  0.00000000    0.00055019  0.00000000
  0.00081629  0.00380184    0.00055019  0.00000000    0.13684962  0.00000000
    1    2
 -0.04142048  0.01307153   -0.01468537  0.04380357    0.01468537 -0.04380357
 -0.01468537  0.04380357   -0.02908561  0.01264382   -0.09220116 -0.01001468
  0.01468537 -0.04380357   -0.09220116 -0.01001468   -0.02908561  0.01264382
    2    1
 -0.04142048 -0.01307153   -0.01468537 -0.04380357    0.01468537  0.04380357
 -0.01468537 -0.04380357   -0.02908561 -0.01264382   -0.09220116  0.01001468
  0.01468537  0.04380357   -0.09220116  0.01001468   -0.02908561 -0.01264382
    2    2
  0.15889112  0.00000000   -0.00081629 -0.00380184    0.00081629  0.00380184
 -0.00081629  0.00380184    0.13684962  0.00000000    0.00055019  0.00000000
  0.00081629 -0.00380184    0.00055019  0.00000000    0.13684962  0.00000000

     Dynamical  Matrix in cartesian axes

     q = (    0.700000000   0.700000000  -0.100000000 ) 

    1    1
  0.13684962  0.00000000   -0.00055019  0.00000000   -0.00081629  0.00380184
 -0.00055019  0.00000000    0.13684962  0.00000000   -0.00081629  0.00380184
 -0.00081629 -0.00380184   -0.00081629 -0.00380184    0.15889112  0.00000000
    1    2
 -0.00303704  0.03156922   -0.03801625 -0.08459380   -0.03712164  0.02750267
 -0.03801625 -0.08459380   -0.00303704  0.03156922   -0.03712164  0.02750267
 -0.03712164  0.02750267   -0.03712164  0.02750267    0.00036787  0.04343254
    2    1
 -0.00303704 -0.03156922   -0.03801625  0.08459380   -0.03712164 -0.02750267
 -0.03801625  0.08459380   -0.00303704 -0.03156922   -0.03712164 -0.02750267
 -0.03712164 -0.02750267   -0.03712164 -0.02750267    0.00036787 -0.04343254
    2    2
  0.13684962  0.00000000   -0.00055019  0.00000000   -0.00081629 -0.00380184
 -0.00055019  0.00000000    0.13684962  0.00000000   -0.00081629 -0.00380184
 -0.00081629  0.00380184   -0.00081629  0.00380184    0.15889112  0.00000000

     Dynamical  Matrix in cartesian axes

     q = (    0.700000000  -0.700000000   0.100000000 ) 

    1    1
  0.13684962  0.00000000    0.00055019  0.00000000    0.00081629 -0.00380184
  0.00055019  0.00000000    0.13684962  0.00000000   -0.00081629  0.00380184
  0.00081629  0.00380184   -0.00081629 -0.00380184    0.15889112  0.00000000
    1    2
 -0.02908561 -0.01264382   -0.09220116  0.01001468    0.01468537  0.04380357
 -0.09220116  0.01001468   -0.02908561 -0.01264382   -0.01468537 -0.04380357
  0.01468537  0.04380357   -0.01468537 -0.04380357   -0.04142048 -0.01307153
    2    1
 -0.02908561  0.01264382   -0.09220116 -0.01001468    0.01468537 -0.04380357
 -0.09220116 -0.01001468   -0.02908561  0.01264382   -0.01468537  0.04380357
  0.01468537 -0.04380357   -0.01468537  0.04380357   -0.04142048  0.01307153
    2    2
  0.13684962  0.00000000    0.00055019  0.00000000    0.00081629  0.00380184
  0.00055019  0.00000000    0.13684962  0.00000000   -0.00081629 -0.00380184
  0.00081629 -0.00380184   -0.00081629  0.00380184    0.15889112  0.00000000

     Dynamical  Matrix in cartesian axes

     q = (   -0.700000000  -0.700000000  -0.100000000 ) 

    1    1
  0.13684962  0.00000000   -0.00055019  0.00000000    0.00081629 -0.00380184
 -0.00055019  0.00000000    0.13684962  0.00000000    0.00081629 -0.00380184
  0.00081629  0.00380184    0.00081629  0.00380184    0.15889112  0.00000000
    1    2
  0.03096261 -0.00686703   -0.06870582  0.06229653   -0.03762781 -0.02680599
 -0.06870582  0.06229653    0.03096261 -0.00686703   -0.03762781 -0.02680599
 -0.03762781 -0.02680599   -0.03762781 -0.02680599    0.04119312 -0.01377126
    2    1
  0.03096261  0.00686703   -0.06870582 -0.06229653   -0.03762781  0.02680599
 -0.06870582 -0.06229653    0.03096261  0.00686703   -0.03762781  0.02680599
 -0.03762781  0.02680599   -0.03762781  0.02680599    0.04119312  0.01377126
    2    2
  0.13684962  0.00000000   -0.00055019  0.00000000    0.00081629  0.00380184
 -0.00055019  0.00000000    0.13684962  0.00000000    0.00081629  0.00380184
  0.00081629 -0.00380184    0.00081629 -0.00380184    0.15889112  0.00000000

     Dynamical  Matrix in cartesian axes

     q = (   -0.700000000   0.700000000   0.100000000 ) 

    1    1
  0.13684962  0.00000000    0.00055019  0.00000000   -0.00081629  0.00380184
  0.00055019  0.00000000    0.13684962  0.00000000    0.00081629 -0.00380184
 -0.00081629 -0.00380184    0.00081629  0.00380184    0.15889112  0.00000000
    1    2
 -0.02908561 -0.01264382   -0.09220116  0.01001468   -0.01468537 -0.04380357
 -0.09220116  0.01001468   -0.02908561 -0.01264382    0.01468537  0.04380357
 -0.01468537 -0.04380357    0.01468537  0.04380357   -0.04142048 -0.01307153
    2    1
 -0.02908561  0.01264382   -0.09220116 -0.01001468   -0.01468537  0.04380357
 -0.09220116 -0.01001468   -0.02908561  0.01264382    0.01468537 -0.04380357
 -0.01468537  0.04380357    0.01468537 -0.04380357   -0.04142048  0.01307153
    2    2
  0.13684962  0.00000000    0.00055019  0.00000000   -0.00081629 -0.00380184
  0.00055019  0.00000000    0.13684962  0.00000000    0.00081629  0.00380184
 -0.00081629  0.00380184    0.00081629 -0.00380184    0.15889112  0.00000000

     Dynamical  Matrix in cartesian axes

     q = (    0.100000000  -0.700000000   0.700000000 ) 

    1    1
  0.15889112  0.00000000   -0.00081629 -0.00380184    0.00081629  0.00380184
 -0.00081629  0.00380184    0.13684962  0.00000000    0.00055019  0.00000000
  0.00081629 -0.00380184    0.00055019  0.00000000    0.13684962  0.00000000
    1    2
 -0.04142048 -0.01307153   -0.01468537 -0.04380357    0.01468537  0.04380357
 -0.01468537 -0.04380357   -0.02908561 -0.01264382   -0.09220116  0.01001468
  0.01468537  0.04380357   -0.09220116  0.01001468   -0.02908561 -0.01264382
    2    1
 -0.04142048  0.01307153   -0.01468537  0.04380357    0.01468537 -0.04380357
 -0.01468537  0.04380357   -0.02908561  0.01264382   -0.09220116 -0.01001468
  0.01468537 -0.04380357   -0.09220116 -0.01001468   -0.02908561  0.01264382
    2    2
  0.15889112  0.00000000   -0.00081629  0.00380184    0.00081629 -0.00380184
 -0.00081629 -0.00380184    0.13684962  0.00000000    0.00055019  0.00000000
  0.00081629  0.00380184    0.00055019  0.00000000    0.13684962  0.00000000

     Dynamical  Matrix in cartesian axes

     q = (   -0.700000000   0.700000000  -0.100000000 ) 

    1    1
  0.13684962  0.00000000    0.00055019  0.00000000    0.00081629  0.00380184
  0.00055019  0.00000000    0.13684962  0.00000000   -0.00081629 -0.00380184
  0.00081629 -0.00380184   -0.00081629  0.00380184    0.15889112  0.00000000
    1    2
 -0.02908561  0.01264382   -0.09220116 -0.01001468    0.01468537 -0.04380357
 -0.09220116 -0.01001468   -0.02908561  0.01264382   -0.01468537  0.04380357
  0.01468537 -0.04380357   -0.01468537  0.04380357   -0.04142048  0.01307153
    2    1
 -0.02908561 -0.01264382   -0.09220116  0.01001468    0.01468537  0.04380357
 -0.09220116  0.01001468   -0.02908561 -0.01264382   -0.01468537 -0.04380357
  0.01468537  0.04380357   -0.01468537 -0.04380357   -0.04142048 -0.01307153
    2    2
  0.13684962  0.00000000    0.00055019  0.00000000    0.00081629 -0.00380184
  0.00055019  0.00000000    0.13684962  0.00000000   -0.00081629  0.00380184
  0.00081629  0.00380184   -0.00081629 -0.00380184    0.15889112  0.00000000

     Dynamical  Matrix in cartesian axes

     q = (    0.100000000   0.700000000   0.700000000 ) 

    1    1
  0.15889112  0.00000000    0.00081629 -0.00380184    0.00081629 -0.00380184
  0.00081629  0.00380184    0.13684962  0.00000000   -0.00055019  0.00000000
  0.00081629  0.00380184   -0.00055019  0.00000000    0.13684962  0.00000000
    1    2
  0.04119312  0.01377126   -0.03762781  0.02680599   -0.03762781  0.02680599
 -0.03762781  0.02680599    0.03096261  0.00686703   -0.06870582 -0.06229653
 -0.03762781  0.02680599   -0.06870582 -0.06229653    0.03096261  0.00686703
    2    1
  0.04119312 -0.01377126   -0.03762781 -0.02680599   -0.03762781 -0.02680599
 -0.03762781 -0.02680599    0.03096261 -0.00686703   -0.06870582  0.06229653
 -0.03762781 -0.02680599   -0.06870582  0.06229653    0.03096261 -0.00686703
    2    2
  0.15889112  0.00000000    0.00081629  0.00380184    0.00081629  0.00380184
  0.00081629 -0.00380184    0.13684962  0.00000000   -0.00055019  0.00000000
  0.00081629 -0.00380184   -0.00055019  0.00000000    0.13684962  0.00000000

     Dynamical  Matrix in cartesian axes

     q = (   -0.100000000  -0.700000000   0.700000000 ) 

    1    1
  0.15889112  0.00000000    0.00081629 -0.00380184   -0.00081629  0.00380184
  0.00081629  0.00380184    0.13684962  0.00000000    0.00055019  0.00000000
 -0.00081629 -0.00380184    0.00055019  0.00000000    0.13684962  0.00000000
    1    2
 -0.04142048  0.01307153    0.01468537 -0.04380357   -0.01468537  0.04380357
  0.01468537 -0.04380357   -0.02908561  0.01264382   -0.09220116 -0.01001468
 -0.01468537  0.04380357   -0.09220116 -0.01001468   -0.02908561  0.01264382
    2    1
 -0.04142048 -0.01307153    0.01468537  0.04380357   -0.01468537 -0.04380357
  0.01468537  0.04380357   -0.02908561 -0.01264382   -0.09220116  0.01001468
 -0.01468537 -0.04380357   -0.09220116  0.01001468   -0.02908561 -0.01264382
    2    2
  0.15889112  0.00000000    0.00081629  0.00380184   -0.00081629 -0.00380184
  0.00081629 -0.00380184    0.13684962  0.00000000    0.00055019  0.00000000
 -0.00081629  0.00380184    0.00055019  0.00000000    0.13684962  0.00000000

     Dynamical  Matrix in cartesian axes

     q = (   -0.700000000  -0.700000000   0.100000000 ) 

    1    1
  0.13684962  0.00000000   -0.00055019  0.00000000   -0.00081629 -0.00380184
 -0.00055019  0.00000000    0.13684962  0.00000000   -0.00081629 -0.00380184
 -0.00081629  0.00380184   -0.00081629  0.00380184    0.15889112  0.00000000
    1    2
 -0.00303704 -0.03156922   -0.03801625  0.08459380   -0.03712164 -0.02750267
 -0.03801625  0.08459380   -0.00303704 -0.03156922   -0.03712164 -0.02750267
 -0.03712164 -0.02750267   -0.03712164 -0.02750267    0.00036787 -0.04343254
    2    1
 -0.00303704  0.03156922   -0.03801625 -0.08459380   -0.03712164  0.02750267
 -0.03801625 -0.08459380   -0.00303704  0.03156922   -0.03712164  0.02750267
 -0.03712164  0.02750267   -0.03712164  0.02750267    0.00036787  0.04343254
    2    2
  0.13684962  0.00000000   -0.00055019  0.00000000   -0.00081629  0.00380184
 -0.00055019  0.00000000    0.13684962  0.00000000   -0.00081629  0.00380184
 -0.00081629 -0.00380184   -0.00081629 -0.00380184    0.15889112  0.00000000

     Dynamical  Matrix in cartesian axes

     q = (    0.700000000   0.700000000   0.100000000 ) 

    1    1
  0.13684962  0.00000000   -0.00055019  0.00000000    0.00081629  0.00380184
 -0.00055019  0.00000000    0.13684962  0.00000000    0.00081629  0.00380184
  0.00081629 -0.00380184    0.00081629 -0.00380184    0.15889112  0.00000000
    1    2
  0.03096261  0.00686703   -0.06870582 -0.06229653   -0.03762781  0.02680599
 -0.06870582 -0.06229653    0.03096261  0.00686703   -0.03762781  0.02680599
 -0.03762781  0.02680599   -0.03762781  0.02680599    0.04119312  0.01377126
    2    1
  0.03096261 -0.00686703   -0.06870582  0.06229653   -0.03762781 -0.02680599
 -0.06870582  0.06229653    0.03096261 -0.00686703   -0.03762781 -0.02680599
 -0.03762781 -0.02680599   -0.03762781 -0.02680599    0.04119312 -0.01377126
    2    2
  0.13684962  0.00000000   -0.00055019  0.00000000    0.00081629 -0.00380184
 -0.00055019  0.00000000    0.13684962  0.00000000    0.00081629 -0.00380184
  0.00081629  0.00380184    0.00081629  0.00380184    0.15889112  0.00000000

     Dynamical  Matrix in cartesian axes

     q = (    0.100000000  -0.700000000  -0.700000000 ) 

    1    1
  0.15889112  0.00000000   -0.00081629  0.00380184   -0.00081629  0.00380184
 -0.00081629 -0.00380184    0.13684962  0.00000000   -0.00055019  0.00000000
 -0.00081629 -0.00380184   -0.00055019  0.00000000    0.13684962  0.00000000
    1    2
  0.00036787 -0.04343254   -0.03712164 -0.02750267   -0.03712164 -0.02750267
 -0.03712164 -0.02750267   -0.00303704 -0.03156922   -0.03801625  0.08459380
 -0.03712164 -0.02750267   -0.03801625  0.08459380   -0.00303704 -0.03156922
    2    1
  0.00036787  0.04343254   -0.03712164  0.02750267   -0.03712164  0.02750267
 -0.03712164  0.02750267   -0.00303704  0.03156922   -0.03801625 -0.08459380
 -0.03712164  0.02750267   -0.03801625 -0.08459380   -0.00303704  0.03156922
    2    2
  0.15889112  0.00000000   -0.00081629 -0.00380184   -0.00081629 -0.00380184
 -0.00081629  0.00380184    0.13684962  0.00000000   -0.00055019  0.00000000
 -0.00081629  0.00380184   -0.00055019  0.00000000    0.13684962  0.00000000

     Dynamical  Matrix in cartesian axes

     q = (    0.700000000  -0.700000000  -0.100000000 ) 

    1    1
  0.13684962  0.00000000    0.00055019  0.00000000   -0.00081629 -0.00380184
  0.00055019  0.00000000    0.13684962  0.00000000    0.00081629  0.00380184
 -0.00081629  0.00380184    0.00081629 -0.00380184    0.15889112  0.00000000
    1    2
 -0.02908561  0.01264382   -0.09220116 -0.01001468   -0.01468537  0.04380357
 -0.09220116 -0.01001468   -0.02908561  0.01264382    0.01468537 -0.04380357
 -0.01468537  0.04380357    0.01468537 -0.04380357   -0.04142048  0.01307153
    2    1
 -0.02908561 -0.01264382   -0.09220116  0.01001468   -0.01468537 -0.04380357
 -0.09220116  0.01001468   -0.02908561 -0.01264382    0.01468537  0.04380357
 -0.01468537 -0.04380357    0.01468537  0.04380357   -0.04142048 -0.01307153
    2    2
  0.13684962  0.00000000    0.00055019  0.00000000   -0.00081629  0.00380184
  0.00055019  0.00000000    0.13684962  0.00000000    0.00081629 -0.00380184
 -0.00081629 -0.00380184    0.00081629  0.00380184    0.15889112  0.00000000

     Diagonalizing the dynamical matrix

     q = (    0.700000000  -0.100000000   0.700000000 ) 

 **************************************************************************
     freq (    1) =       1.268442 [THz] =      42.310680 [cm-1]
 ( -0.144167 -0.478765 -0.000000  0.000000  0.144167  0.478765 ) 
 (  0.500000  0.000000 -0.000000 -0.000000 -0.500000  0.000000 ) 
     freq (    2) =       1.697808 [THz] =      56.632788 [cm-1]
 ( -0.289300 -0.294591 -0.349897  0.191352 -0.289300 -0.294591 ) 
 ( -0.412890 -0.000000 -0.108636 -0.383721 -0.412890  0.000000 ) 
     freq (    3) =       3.510689 [THz] =     117.103996 [cm-1]
 (  0.339856  0.001994 -0.066065  0.514415  0.339856  0.001994 ) 
 ( -0.339862 -0.000000  0.063046  0.514794 -0.339862  0.000000 ) 
     freq (    4) =       4.082609 [THz] =     136.181170 [cm-1]
 ( -0.279457  0.094592  0.042116 -0.569332 -0.279457  0.094592 ) 
 ( -0.295032 -0.000000  0.222430  0.525773 -0.295032  0.000000 ) 
     freq (    5) =       5.087181 [THz] =     169.690092 [cm-1]
 ( -0.144167 -0.478765 -0.000000  0.000000  0.144167  0.478765 ) 
 ( -0.500000 -0.000000  0.000000  0.000000  0.500000  0.000000 ) 
     freq (    6) =       5.213536 [THz] =     173.904848 [cm-1]
 ( -0.242453 -0.261129 -0.433576  0.240974 -0.242453 -0.261129 ) 
 (  0.356331  0.000000  0.118419  0.481698  0.356331 -0.000000 ) 
 **************************************************************************
