Dynamical matrix file
                                                                           
  1    2  2 12.5600000  0.0000000  0.0000000  0.0000000  0.0000000  0.0000000
           1  'Sn  '    108197.54598352207     
    1    1      0.0000000000      0.0000000000      0.0000000000
    2    1      0.2500000000      0.2500000000      0.2500000000

     Dynamical  Matrix in cartesian axes

     q = (    0.200000000   0.000000000   0.200000000 ) 

    1    1
  0.14552482  0.00000000    0.00000000 -0.00022081    0.00081642  0.00000000
  0.00000000  0.00022081    0.14648009  0.00000000    0.00000000  0.00022081
  0.00081642  0.00000000    0.00000000 -0.00022081    0.14552482  0.00000000
    1    2
 -0.10494982  0.07625051   -0.01695498 -0.02333652    0.00849841 -0.00617446
 -0.01695498 -0.02333652   -0.10571227  0.07680446   -0.01695498 -0.02333652
  0.00849841 -0.00617446   -0.01695498 -0.02333652   -0.10494982  0.07625051
    2    1
 -0.10494982 -0.07625051   -0.01695498  0.02333652    0.00849841  0.00617446
 -0.01695498  0.02333652   -0.10571227 -0.07680446   -0.01695498  0.02333652
  0.00849841  0.00617446   -0.01695498  0.02333652   -0.10494982 -0.07625051
    2    2
  0.14552482  0.00000000    0.00000000  0.00022081    0.00081642  0.00000000
  0.00000000 -0.00022081    0.14648009  0.00000000    0.00000000 -0.00022081
  0.00081642  0.00000000    0.00000000  0.00022081    0.14552482  0.00000000

     Dynamical  Matrix in cartesian axes

     q = (   -0.200000000   0.000000000   0.200000000 ) 

    1    1
  0.14552482  0.00000000    0.00000000 -0.00022081   -0.00081642  0.00000000
  0.00000000  0.00022081    0.14648009  0.00000000    0.00000000 -0.00022081
 -0.00081642  0.00000000    0.00000000  0.00022081    0.14552482  0.00000000
    1    2
 -0.12972512  0.00000000    0.00000000 -0.02884553   -0.01050461 -0.00000000
  0.00000000 -0.02884553   -0.13066755  0.00000000    0.00000000  0.02884553
 -0.01050461 -0.00000000    0.00000000  0.02884553   -0.12972512  0.00000000
    2    1
 -0.12972512 -0.00000000    0.00000000  0.02884553   -0.01050461  0.00000000
  0.00000000  0.02884553   -0.13066755  0.00000000    0.00000000 -0.02884553
 -0.01050461  0.00000000    0.00000000 -0.02884553   -0.12972512 -0.00000000
    2    2
  0.14552482  0.00000000    0.00000000  0.00022081   -0.00081642  0.00000000
 -0.00000000 -0.00022081    0.14648009  0.00000000   -0.00000000  0.00022081
 -0.00081642  0.00000000    0.00000000 -0.00022081    0.14552482  0.00000000

     Dynamical  Matrix in cartesian axes

     q = (   -0.200000000   0.000000000  -0.200000000 ) 

    1    1
  0.14552482  0.00000000    0.00000000  0.00022081    0.00081642  0.00000000
  0.00000000 -0.00022081    0.14648009  0.00000000    0.00000000 -0.00022081
  0.00081642  0.00000000    0.00000000  0.00022081    0.14552482  0.00000000
    1    2
 -0.10494982 -0.07625051   -0.01695498  0.02333652    0.00849841  0.00617446
 -0.01695498  0.02333652   -0.10571227 -0.07680446   -0.01695498  0.02333652
  0.00849841  0.00617446   -0.01695498  0.02333652   -0.10494982 -0.07625051
    2    1
 -0.10494982  0.07625051   -0.01695498 -0.02333652    0.00849841 -0.00617446
 -0.01695498 -0.02333652   -0.10571227  0.07680446   -0.01695498 -0.02333652
  0.00849841 -0.00617446   -0.01695498 -0.02333652   -0.10494982  0.07625051
    2    2
  0.14552482  0.00000000    0.00000000 -0.00022081    0.00081642  0.00000000
  0.00000000  0.00022081    0.14648009  0.00000000    0.00000000  0.00022081
  0.00081642  0.00000000    0.00000000 -0.00022081    0.14552482  0.00000000

     Dynamical  Matrix in cartesian axes

     q = (    0.200000000   0.000000000  -0.200000000 ) 

    1    1
  0.14552482  0.00000000    0.00000000  0.00022081   -0.00081642  0.00000000
  0.00000000 -0.00022081    0.14648009  0.00000000    0.00000000  0.00022081
 -0.00081642  0.00000000    0.00000000 -0.00022081    0.14552482  0.00000000
    1    2
 -0.12972512  0.00000000    0.00000000  0.02884553   -0.01050461  0.00000000
  0.00000000  0.02884553   -0.13066755  0.00000000    0.00000000 -0.02884553
 -0.01050461 -0.00000000   -0.00000000 -0.02884553   -0.12972512  0.00000000
    2    1
 -0.12972512 -0.00000000    0.00000000 -0.02884553   -0.01050461 -0.00000000
  0.00000000 -0.02884553   -0.13066755 -0.00000000   -0.00000000  0.02884553
 -0.01050461 -0.00000000    0.00000000  0.02884553   -0.12972512 -0.00000000
    2    2
  0.14552482  0.00000000    0.00000000 -0.00022081   -0.00081642  0.00000000
  0.00000000  0.00022081    0.14648009  0.00000000    0.00000000 -0.00022081
 -0.00081642  0.00000000    0.00000000  0.00022081    0.14552482  0.00000000

     Dynamical  Matrix in cartesian axes

     q = (    0.000000000   0.200000000   0.200000000 ) 

    1    1
  0.14648009  0.00000000    0.00000000  0.00022081    0.00000000  0.00022081
  0.00000000 -0.00022081    0.14552482  0.00000000    0.00081642  0.00000000
  0.00000000 -0.00022081    0.00081642  0.00000000    0.14552482  0.00000000
    1    2
 -0.10571227  0.07680446   -0.01695498 -0.02333652   -0.01695498 -0.02333652
 -0.01695498 -0.02333652   -0.10494982  0.07625051    0.00849841 -0.00617446
 -0.01695498 -0.02333652    0.00849841 -0.00617446   -0.10494982  0.07625051
    2    1
 -0.10571227 -0.07680446   -0.01695498  0.02333652   -0.01695498  0.02333652
 -0.01695498  0.02333652   -0.10494982 -0.07625051    0.00849841  0.00617446
 -0.01695498  0.02333652    0.00849841  0.00617446   -0.10494982 -0.07625051
    2    2
  0.14648009  0.00000000    0.00000000 -0.00022081    0.00000000 -0.00022081
  0.00000000  0.00022081    0.14552482  0.00000000    0.00081642  0.00000000
  0.00000000  0.00022081    0.00081642  0.00000000    0.14552482  0.00000000

     Dynamical  Matrix in cartesian axes

     q = (   -0.000000000   0.200000000  -0.200000000 ) 

    1    1
  0.14648009  0.00000000    0.00000000 -0.00022081    0.00000000  0.00022081
  0.00000000  0.00022081    0.14552482  0.00000000   -0.00081642  0.00000000
  0.00000000 -0.00022081   -0.00081642  0.00000000    0.14552482  0.00000000
    1    2
 -0.13066755  0.00000000    0.00000000  0.02884553    0.00000000 -0.02884553
  0.00000000  0.02884553   -0.12972512 -0.00000000   -0.01050461 -0.00000000
  0.00000000 -0.02884553   -0.01050461 -0.00000000   -0.12972512 -0.00000000
    2    1
 -0.13066755  0.00000000    0.00000000 -0.02884553   -0.00000000  0.02884553
  0.00000000 -0.02884553   -0.12972512  0.00000000   -0.01050461  0.00000000
  0.00000000  0.02884553   -0.01050461  0.00000000   -0.12972512  0.00000000
    2    2
  0.14648009  0.00000000    0.00000000  0.00022081    0.00000000 -0.00022081
  0.00000000 -0.00022081    0.14552482  0.00000000   -0.00081642  0.00000000
  0.00000000  0.00022081   -0.00081642  0.00000000    0.14552482  0.00000000

     Dynamical  Matrix in cartesian axes

     q = (    0.000000000  -0.200000000  -0.200000000 ) 

    1    1
  0.14648009  0.00000000    0.00000000 -0.00022081    0.00000000 -0.00022081
  0.00000000  0.00022081    0.14552482  0.00000000    0.00081642  0.00000000
 -0.00000000  0.00022081    0.00081642  0.00000000    0.14552482  0.00000000
    1    2
 -0.10571227 -0.07680446   -0.01695498  0.02333652   -0.01695498  0.02333652
 -0.01695498  0.02333652   -0.10494982 -0.07625051    0.00849841  0.00617446
 -0.01695498  0.02333652    0.00849841  0.00617446   -0.10494982 -0.07625051
    2    1
 -0.10571227  0.07680446   -0.01695498 -0.02333652   -0.01695498 -0.02333652
 -0.01695498 -0.02333652   -0.10494982  0.07625051    0.00849841 -0.00617446
 -0.01695498 -0.02333652    0.00849841 -0.00617446   -0.10494982  0.07625051
    2    2
  0.14648009  0.00000000    0.00000000  0.00022081    0.00000000  0.00022081
  0.00000000 -0.00022081    0.14552482  0.00000000    0.00081642  0.00000000
  0.00000000 -0.00022081    0.00081642  0.00000000    0.14552482  0.00000000

     Dynamical  Matrix in cartesian axes

     q = (    0.200000000   0.200000000   0.000000000 ) 

    1    1
  0.14552482  0.00000000    0.00081642  0.00000000    0.00000000 -0.00022081
  0.00081642  0.00000000    0.14552482  0.00000000    0.00000000 -0.00022081
 -0.00000000  0.00022081    0.00000000  0.00022081    0.14648009  0.00000000
    1    2
 -0.10494982  0.07625051    0.00849841 -0.00617446   -0.01695498 -0.02333652
  0.00849841 -0.00617446   -0.10494982  0.07625051   -0.01695498 -0.02333652
 -0.01695498 -0.02333652   -0.01695498 -0.02333652   -0.10571227  0.07680446
    2    1
 -0.10494982 -0.07625051    0.00849841  0.00617446   -0.01695498  0.02333652
  0.00849841  0.00617446   -0.10494982 -0.07625051   -0.01695498  0.02333652
 -0.01695498  0.02333652   -0.01695498  0.02333652   -0.10571227 -0.07680446
    2    2
  0.14552482  0.00000000    0.00081642  0.00000000    0.00000000  0.00022081
  0.00081642  0.00000000    0.14552482  0.00000000    0.00000000  0.00022081
  0.00000000 -0.00022081    0.00000000 -0.00022081    0.14648009  0.00000000

     Dynamical  Matrix in cartesian axes

     q = (    0.200000000  -0.200000000  -0.000000000 ) 

    1    1
  0.14552482  0.00000000   -0.00081642  0.00000000   -0.00000000  0.00022081
 -0.00081642  0.00000000    0.14552482  0.00000000   -0.00000000 -0.00022081
  0.00000000 -0.00022081    0.00000000  0.00022081    0.14648009  0.00000000
    1    2
 -0.12972512 -0.00000000   -0.01050461  0.00000000    0.00000000  0.02884553
 -0.01050461  0.00000000   -0.12972512 -0.00000000    0.00000000 -0.02884553
 -0.00000000  0.02884553    0.00000000 -0.02884553   -0.13066755  0.00000000
    2    1
 -0.12972512  0.00000000   -0.01050461 -0.00000000    0.00000000 -0.02884553
 -0.01050461 -0.00000000   -0.12972512  0.00000000    0.00000000  0.02884553
  0.00000000 -0.02884553    0.00000000  0.02884553   -0.13066755  0.00000000
    2    2
  0.14552482  0.00000000   -0.00081642  0.00000000    0.00000000 -0.00022081
 -0.00081642  0.00000000    0.14552482  0.00000000    0.00000000  0.00022081
 -0.00000000  0.00022081    0.00000000 -0.00022081    0.14648009  0.00000000

     Dynamical  Matrix in cartesian axes

     q = (   -0.200000000  -0.200000000   0.000000000 ) 

    1    1
  0.14552482  0.00000000    0.00081642  0.00000000    0.00000000  0.00022081
  0.00081642  0.00000000    0.14552482  0.00000000    0.00000000  0.00022081
 -0.00000000 -0.00022081    0.00000000 -0.00022081    0.14648009  0.00000000
    1    2
 -0.10494982 -0.07625051    0.00849841  0.00617446   -0.01695498  0.02333652
  0.00849841  0.00617446   -0.10494982 -0.07625051   -0.01695498  0.02333652
 -0.01695498  0.02333652   -0.01695498  0.02333652   -0.10571227 -0.07680446
    2    1
 -0.10494982  0.07625051    0.00849841 -0.00617446   -0.01695498 -0.02333652
  0.00849841 -0.00617446   -0.10494982  0.07625051   -0.01695498 -0.02333652
 -0.01695498 -0.02333652   -0.01695498 -0.02333652   -0.10571227  0.07680446
    2    2
  0.14552482  0.00000000    0.00081642  0.00000000    0.00000000 -0.00022081
  0.00081642  0.00000000    0.14552482  0.00000000    0.00000000 -0.00022081
 -0.00000000  0.00022081    0.00000000  0.00022081    0.14648009  0.00000000

     Dynamical  Matrix in cartesian axes

     q = (   -0.200000000   0.200000000  -0.000000000 ) 

    1    1
  0.14552482  0.00000000   -0.00081642  0.00000000    0.00000000 -0.00022081
 -0.00081642  0.00000000    0.14552482  0.00000000    0.00000000  0.00022081
  0.00000000  0.00022081    0.00000000 -0.00022081    0.14648009  0.00000000
    1    2
 -0.12972512 -0.00000000   -0.01050461  0.00000000    0.00000000 -0.02884553
 -0.01050461  0.00000000   -0.12972512 -0.00000000    0.00000000  0.02884553
  0.00000000 -0.02884553   -0.00000000  0.02884553   -0.13066755  0.00000000
    2    1
 -0.12972512  0.00000000   -0.01050461 -0.00000000    0.00000000  0.02884553
 -0.01050461 -0.00000000   -0.12972512  0.00000000    0.00000000 -0.02884553
  0.00000000  0.02884553    0.00000000 -0.02884553   -0.13066755  0.00000000
    2    2
  0.14552482  0.00000000   -0.00081642  0.00000000   -0.00000000  0.00022081
 -0.00081642  0.00000000    0.14552482  0.00000000   -0.00000000 -0.00022081
  0.00000000 -0.00022081    0.00000000  0.00022081    0.14648009  0.00000000

     Dynamical  Matrix in cartesian axes

     q = (   -0.000000000  -0.200000000   0.200000000 ) 

    1    1
  0.14648009  0.00000000    0.00000000  0.00022081    0.00000000 -0.00022081
  0.00000000 -0.00022081    0.14552482  0.00000000   -0.00081642  0.00000000
  0.00000000  0.00022081   -0.00081642  0.00000000    0.14552482  0.00000000
    1    2
 -0.13066755  0.00000000    0.00000000 -0.02884553   -0.00000000  0.02884553
  0.00000000 -0.02884553   -0.12972512 -0.00000000   -0.01050461 -0.00000000
 -0.00000000  0.02884553   -0.01050461 -0.00000000   -0.12972512 -0.00000000
    2    1
 -0.13066755  0.00000000    0.00000000  0.02884553    0.00000000 -0.02884553
  0.00000000  0.02884553   -0.12972512  0.00000000   -0.01050461 -0.00000000
  0.00000000 -0.02884553   -0.01050461 -0.00000000   -0.12972512  0.00000000
    2    2
  0.14648009  0.00000000    0.00000000 -0.00022081    0.00000000  0.00022081
  0.00000000  0.00022081    0.14552482  0.00000000   -0.00081642  0.00000000
  0.00000000 -0.00022081   -0.00081642  0.00000000    0.14552482  0.00000000

     Diagonalizing the dynamical matrix

     q = (    0.200000000   0.000000000   0.200000000 ) 

 **************************************************************************
     freq (    1) =       0.669331 [THz] =      22.326492 [cm-1]
 (  0.404508 -0.293893  0.000000  0.000000 -0.404508  0.293893 ) 
 (  0.500000  0.000000  0.000000  0.000000 -0.500000  0.000000 ) 
     freq (    2) =       0.960402 [THz] =      32.035565 [cm-1]
 (  0.064047 -0.046533 -0.410384 -0.564845  0.064047 -0.046533 ) 
 ( -0.079167  0.000000 -0.000000 -0.698187 -0.079167  0.000000 ) 
     freq (    3) =       1.440005 [THz] =      48.033382 [cm-1]
 ( -0.399560  0.290297 -0.064814 -0.089208 -0.399560  0.290297 ) 
 ( -0.493883 -0.000000  0.000000  0.110267 -0.493883  0.000000 ) 
     freq (    4) =       5.217629 [THz] =     174.041366 [cm-1]
 ( -0.399406  0.290185 -0.065808 -0.090577 -0.399406  0.290185 ) 
 (  0.493693  0.000000 -0.000000 -0.111959  0.493693  0.000000 ) 
     freq (    5) =       5.325647 [THz] =     177.644474 [cm-1]
 (  0.063080 -0.045830 -0.410542 -0.565063  0.063080 -0.045830 ) 
 (  0.077971 -0.000000  0.000000  0.698456  0.077971  0.000000 ) 
     freq (    6) =       5.338775 [THz] =     178.082365 [cm-1]
 (  0.404508 -0.293893  0.000000 -0.000000 -0.404508  0.293893 ) 
 ( -0.500000  0.000000 -0.000000 -0.000000  0.500000  0.000000 ) 
 **************************************************************************
