Dynamical matrix file
                                                                           
  1    2  2 12.5600000  0.0000000  0.0000000  0.0000000  0.0000000  0.0000000
           1  'Sn  '    108197.54598352207     
    1    1      0.0000000000      0.0000000000      0.0000000000
    2    1      0.2500000000      0.2500000000      0.2500000000

     Dynamical  Matrix in cartesian axes

     q = (    0.600000000  -0.400000000   0.600000000 ) 

    1    1
  0.14821833  0.00000000   -0.00690551  0.00162547    0.00396767  0.00000000
 -0.00690551 -0.00162547    0.15274322  0.00000000   -0.00690551 -0.00162547
  0.00396767  0.00000000   -0.00690551  0.00162547    0.14821833  0.00000000
    1    2
 -0.06744942  0.02249035   -0.05069195  0.01562055    0.04083696 -0.04777151
 -0.05069195  0.01562055   -0.07212094  0.02767041   -0.05069195  0.01562055
  0.04083696 -0.04777151   -0.05069195  0.01562055   -0.06744942  0.02249035
    2    1
 -0.06744942 -0.02249035   -0.05069195 -0.01562055    0.04083696  0.04777151
 -0.05069195 -0.01562055   -0.07212094 -0.02767041   -0.05069195 -0.01562055
  0.04083696  0.04777151   -0.05069195 -0.01562055   -0.06744942 -0.02249035
    2    2
  0.14821833  0.00000000   -0.00690551 -0.00162547    0.00396767  0.00000000
 -0.00690551  0.00162547    0.15274322  0.00000000   -0.00690551  0.00162547
  0.00396767  0.00000000   -0.00690551 -0.00162547    0.14821833  0.00000000

     Dynamical  Matrix in cartesian axes

     q = (    0.600000000   0.400000000  -0.600000000 ) 

    1    1
  0.14821833  0.00000000    0.00690551 -0.00162547   -0.00396767  0.00000000
  0.00690551  0.00162547    0.15274322  0.00000000   -0.00690551 -0.00162547
 -0.00396767  0.00000000   -0.00690551  0.00162547    0.14821833  0.00000000
    1    2
 -0.06778722 -0.02145071    0.05019218  0.01715869   -0.06111718  0.01464460
  0.05019218  0.01715869   -0.07461132 -0.02000579   -0.05019218 -0.01715869
 -0.06111718  0.01464460   -0.05019218 -0.01715869   -0.06778722 -0.02145071
    2    1
 -0.06778722  0.02145071    0.05019218 -0.01715869   -0.06111718 -0.01464460
  0.05019218 -0.01715869   -0.07461132  0.02000579   -0.05019218  0.01715869
 -0.06111718 -0.01464460   -0.05019218  0.01715869   -0.06778722  0.02145071
    2    2
  0.14821833  0.00000000    0.00690551  0.00162547   -0.00396767  0.00000000
  0.00690551 -0.00162547    0.15274322  0.00000000   -0.00690551  0.00162547
 -0.00396767  0.00000000   -0.00690551 -0.00162547    0.14821833  0.00000000

     Dynamical  Matrix in cartesian axes

     q = (    0.600000000  -0.400000000  -0.600000000 ) 

    1    1
  0.14821833  0.00000000   -0.00690551 -0.00162547   -0.00396767  0.00000000
 -0.00690551  0.00162547    0.15274322  0.00000000    0.00690551 -0.00162547
 -0.00396767  0.00000000    0.00690551  0.00162547    0.14821833  0.00000000
    1    2
 -0.06778722  0.02145071   -0.05019218  0.01715869   -0.06111718 -0.01464460
 -0.05019218  0.01715869   -0.07461132  0.02000579    0.05019218 -0.01715869
 -0.06111718 -0.01464460    0.05019218 -0.01715869   -0.06778722  0.02145071
    2    1
 -0.06778722 -0.02145071   -0.05019218 -0.01715869   -0.06111718  0.01464460
 -0.05019218 -0.01715869   -0.07461132 -0.02000579    0.05019218  0.01715869
 -0.06111718  0.01464460    0.05019218  0.01715869   -0.06778722 -0.02145071
    2    2
  0.14821833  0.00000000   -0.00690551  0.00162547   -0.00396767  0.00000000
 -0.00690551 -0.00162547    0.15274322  0.00000000    0.00690551  0.00162547
 -0.00396767  0.00000000    0.00690551 -0.00162547    0.14821833  0.00000000

     Dynamical  Matrix in cartesian axes

     q = (   -0.600000000  -0.400000000   0.600000000 ) 

    1    1
  0.14821833  0.00000000    0.00690551  0.00162547   -0.00396767  0.00000000
  0.00690551 -0.00162547    0.15274322  0.00000000   -0.00690551  0.00162547
 -0.00396767  0.00000000   -0.00690551 -0.00162547    0.14821833  0.00000000
    1    2
 -0.06778722  0.02145071    0.05019218 -0.01715869   -0.06111718 -0.01464460
  0.05019218 -0.01715869   -0.07461132  0.02000579   -0.05019218  0.01715869
 -0.06111718 -0.01464460   -0.05019218  0.01715869   -0.06778722  0.02145071
    2    1
 -0.06778722 -0.02145071    0.05019218  0.01715869   -0.06111718  0.01464460
  0.05019218  0.01715869   -0.07461132 -0.02000579   -0.05019218 -0.01715869
 -0.06111718  0.01464460   -0.05019218 -0.01715869   -0.06778722 -0.02145071
    2    2
  0.14821833  0.00000000    0.00690551 -0.00162547   -0.00396767  0.00000000
  0.00690551  0.00162547    0.15274322  0.00000000   -0.00690551 -0.00162547
 -0.00396767  0.00000000   -0.00690551  0.00162547    0.14821833  0.00000000

     Dynamical  Matrix in cartesian axes

     q = (   -0.600000000  -0.400000000  -0.600000000 ) 

    1    1
  0.14821833  0.00000000    0.00690551 -0.00162547    0.00396767  0.00000000
  0.00690551  0.00162547    0.15274322  0.00000000    0.00690551  0.00162547
  0.00396767  0.00000000    0.00690551 -0.00162547    0.14821833  0.00000000
    1    2
  0.06778722  0.02145071   -0.05019218 -0.01715869   -0.06111718  0.01464460
 -0.05019218 -0.01715869    0.07461132  0.02000579   -0.05019218 -0.01715869
 -0.06111718  0.01464460   -0.05019218 -0.01715869    0.06778722  0.02145071
    2    1
  0.06778722 -0.02145071   -0.05019218  0.01715869   -0.06111718 -0.01464460
 -0.05019218  0.01715869    0.07461132 -0.02000579   -0.05019218  0.01715869
 -0.06111718 -0.01464460   -0.05019218  0.01715869    0.06778722 -0.02145071
    2    2
  0.14821833  0.00000000    0.00690551  0.00162547    0.00396767  0.00000000
  0.00690551 -0.00162547    0.15274322  0.00000000    0.00690551 -0.00162547
  0.00396767  0.00000000    0.00690551  0.00162547    0.14821833  0.00000000

     Dynamical  Matrix in cartesian axes

     q = (   -0.600000000   0.400000000  -0.600000000 ) 

    1    1
  0.14821833  0.00000000   -0.00690551 -0.00162547    0.00396767  0.00000000
 -0.00690551  0.00162547    0.15274322  0.00000000   -0.00690551  0.00162547
  0.00396767  0.00000000   -0.00690551 -0.00162547    0.14821833  0.00000000
    1    2
 -0.06744942 -0.02249035   -0.05069195 -0.01562055    0.04083696  0.04777151
 -0.05069195 -0.01562055   -0.07212094 -0.02767041   -0.05069195 -0.01562055
  0.04083696  0.04777151   -0.05069195 -0.01562055   -0.06744942 -0.02249035
    2    1
 -0.06744942  0.02249035   -0.05069195  0.01562055    0.04083696 -0.04777151
 -0.05069195  0.01562055   -0.07212094  0.02767041   -0.05069195  0.01562055
  0.04083696 -0.04777151   -0.05069195  0.01562055   -0.06744942  0.02249035
    2    2
  0.14821833  0.00000000   -0.00690551  0.00162547    0.00396767  0.00000000
 -0.00690551 -0.00162547    0.15274322  0.00000000   -0.00690551 -0.00162547
  0.00396767  0.00000000   -0.00690551  0.00162547    0.14821833  0.00000000

     Dynamical  Matrix in cartesian axes

     q = (   -0.600000000   0.400000000   0.600000000 ) 

    1    1
  0.14821833  0.00000000   -0.00690551  0.00162547   -0.00396767  0.00000000
 -0.00690551 -0.00162547    0.15274322  0.00000000    0.00690551  0.00162547
 -0.00396767  0.00000000    0.00690551 -0.00162547    0.14821833  0.00000000
    1    2
 -0.06778722 -0.02145071   -0.05019218 -0.01715869   -0.06111718  0.01464460
 -0.05019218 -0.01715869   -0.07461132 -0.02000579    0.05019218  0.01715869
 -0.06111718  0.01464460    0.05019218  0.01715869   -0.06778722 -0.02145071
    2    1
 -0.06778722  0.02145071   -0.05019218  0.01715869   -0.06111718 -0.01464460
 -0.05019218  0.01715869   -0.07461132  0.02000579    0.05019218 -0.01715869
 -0.06111718 -0.01464460    0.05019218 -0.01715869   -0.06778722  0.02145071
    2    2
  0.14821833  0.00000000   -0.00690551 -0.00162547   -0.00396767  0.00000000
 -0.00690551  0.00162547    0.15274322  0.00000000    0.00690551 -0.00162547
 -0.00396767  0.00000000    0.00690551  0.00162547    0.14821833  0.00000000

     Dynamical  Matrix in cartesian axes

     q = (    0.600000000   0.400000000   0.600000000 ) 

    1    1
  0.14821833  0.00000000    0.00690551  0.00162547    0.00396767  0.00000000
  0.00690551 -0.00162547    0.15274322  0.00000000    0.00690551 -0.00162547
  0.00396767  0.00000000    0.00690551  0.00162547    0.14821833  0.00000000
    1    2
  0.06778722 -0.02145071   -0.05019218  0.01715869   -0.06111718 -0.01464460
 -0.05019218  0.01715869    0.07461132 -0.02000579   -0.05019218  0.01715869
 -0.06111718 -0.01464460   -0.05019218  0.01715869    0.06778722 -0.02145071
    2    1
  0.06778722  0.02145071   -0.05019218 -0.01715869   -0.06111718  0.01464460
 -0.05019218 -0.01715869    0.07461132  0.02000579   -0.05019218 -0.01715869
 -0.06111718  0.01464460   -0.05019218 -0.01715869    0.06778722  0.02145071
    2    2
  0.14821833  0.00000000    0.00690551 -0.00162547    0.00396767  0.00000000
  0.00690551  0.00162547    0.15274322  0.00000000    0.00690551  0.00162547
  0.00396767  0.00000000    0.00690551 -0.00162547    0.14821833  0.00000000

     Dynamical  Matrix in cartesian axes

     q = (   -0.400000000   0.600000000   0.600000000 ) 

    1    1
  0.15274322  0.00000000   -0.00690551 -0.00162547   -0.00690551 -0.00162547
 -0.00690551  0.00162547    0.14821833  0.00000000    0.00396767  0.00000000
 -0.00690551  0.00162547    0.00396767  0.00000000    0.14821833  0.00000000
    1    2
 -0.07212094  0.02767041   -0.05069195  0.01562055   -0.05069195  0.01562055
 -0.05069195  0.01562055   -0.06744942  0.02249035    0.04083696 -0.04777151
 -0.05069195  0.01562055    0.04083696 -0.04777151   -0.06744942  0.02249035
    2    1
 -0.07212094 -0.02767041   -0.05069195 -0.01562055   -0.05069195 -0.01562055
 -0.05069195 -0.01562055   -0.06744942 -0.02249035    0.04083696  0.04777151
 -0.05069195 -0.01562055    0.04083696  0.04777151   -0.06744942 -0.02249035
    2    2
  0.15274322  0.00000000   -0.00690551  0.00162547   -0.00690551  0.00162547
 -0.00690551 -0.00162547    0.14821833  0.00000000    0.00396767  0.00000000
 -0.00690551 -0.00162547    0.00396767  0.00000000    0.14821833  0.00000000

     Dynamical  Matrix in cartesian axes

     q = (    0.400000000   0.600000000  -0.600000000 ) 

    1    1
  0.15274322  0.00000000    0.00690551  0.00162547   -0.00690551 -0.00162547
  0.00690551 -0.00162547    0.14821833  0.00000000   -0.00396767  0.00000000
 -0.00690551  0.00162547   -0.00396767  0.00000000    0.14821833  0.00000000
    1    2
 -0.07461132 -0.02000579    0.05019218  0.01715869   -0.05019218 -0.01715869
  0.05019218  0.01715869   -0.06778722 -0.02145071   -0.06111718  0.01464460
 -0.05019218 -0.01715869   -0.06111718  0.01464460   -0.06778722 -0.02145071
    2    1
 -0.07461132  0.02000579    0.05019218 -0.01715869   -0.05019218  0.01715869
  0.05019218 -0.01715869   -0.06778722  0.02145071   -0.06111718 -0.01464460
 -0.05019218  0.01715869   -0.06111718 -0.01464460   -0.06778722  0.02145071
    2    2
  0.15274322  0.00000000    0.00690551 -0.00162547   -0.00690551  0.00162547
  0.00690551  0.00162547    0.14821833  0.00000000   -0.00396767  0.00000000
 -0.00690551 -0.00162547   -0.00396767  0.00000000    0.14821833  0.00000000

     Dynamical  Matrix in cartesian axes

     q = (   -0.400000000  -0.600000000  -0.600000000 ) 

    1    1
  0.15274322  0.00000000    0.00690551  0.00162547    0.00690551  0.00162547
  0.00690551 -0.00162547    0.14821833  0.00000000    0.00396767  0.00000000
  0.00690551 -0.00162547    0.00396767  0.00000000    0.14821833  0.00000000
    1    2
  0.07461132  0.02000579   -0.05019218 -0.01715869   -0.05019218 -0.01715869
 -0.05019218 -0.01715869    0.06778722  0.02145071   -0.06111718  0.01464460
 -0.05019218 -0.01715869   -0.06111718  0.01464460    0.06778722  0.02145071
    2    1
  0.07461132 -0.02000579   -0.05019218  0.01715869   -0.05019218  0.01715869
 -0.05019218  0.01715869    0.06778722 -0.02145071   -0.06111718 -0.01464460
 -0.05019218  0.01715869   -0.06111718 -0.01464460    0.06778722 -0.02145071
    2    2
  0.15274322  0.00000000    0.00690551 -0.00162547    0.00690551 -0.00162547
  0.00690551  0.00162547    0.14821833  0.00000000    0.00396767  0.00000000
  0.00690551  0.00162547    0.00396767  0.00000000    0.14821833  0.00000000

     Dynamical  Matrix in cartesian axes

     q = (   -0.400000000   0.600000000  -0.600000000 ) 

    1    1
  0.15274322  0.00000000   -0.00690551  0.00162547    0.00690551 -0.00162547
 -0.00690551 -0.00162547    0.14821833  0.00000000   -0.00396767  0.00000000
  0.00690551  0.00162547   -0.00396767  0.00000000    0.14821833  0.00000000
    1    2
 -0.07461132  0.02000579   -0.05019218  0.01715869    0.05019218 -0.01715869
 -0.05019218  0.01715869   -0.06778722  0.02145071   -0.06111718 -0.01464460
  0.05019218 -0.01715869   -0.06111718 -0.01464460   -0.06778722  0.02145071
    2    1
 -0.07461132 -0.02000579   -0.05019218 -0.01715869    0.05019218  0.01715869
 -0.05019218 -0.01715869   -0.06778722 -0.02145071   -0.06111718  0.01464460
  0.05019218  0.01715869   -0.06111718  0.01464460   -0.06778722 -0.02145071
    2    2
  0.15274322  0.00000000   -0.00690551 -0.00162547    0.00690551  0.00162547
 -0.00690551  0.00162547    0.14821833  0.00000000   -0.00396767  0.00000000
  0.00690551 -0.00162547   -0.00396767  0.00000000    0.14821833  0.00000000

     Dynamical  Matrix in cartesian axes

     q = (    0.600000000   0.600000000  -0.400000000 ) 

    1    1
  0.14821833  0.00000000    0.00396767  0.00000000   -0.00690551  0.00162547
  0.00396767  0.00000000    0.14821833  0.00000000   -0.00690551  0.00162547
 -0.00690551 -0.00162547   -0.00690551 -0.00162547    0.15274322  0.00000000
    1    2
 -0.06744942  0.02249035    0.04083696 -0.04777151   -0.05069195  0.01562055
  0.04083696 -0.04777151   -0.06744942  0.02249035   -0.05069195  0.01562055
 -0.05069195  0.01562055   -0.05069195  0.01562055   -0.07212094  0.02767041
    2    1
 -0.06744942 -0.02249035    0.04083696  0.04777151   -0.05069195 -0.01562055
  0.04083696  0.04777151   -0.06744942 -0.02249035   -0.05069195 -0.01562055
 -0.05069195 -0.01562055   -0.05069195 -0.01562055   -0.07212094 -0.02767041
    2    2
  0.14821833  0.00000000    0.00396767  0.00000000   -0.00690551 -0.00162547
  0.00396767  0.00000000    0.14821833  0.00000000   -0.00690551 -0.00162547
 -0.00690551  0.00162547   -0.00690551  0.00162547    0.15274322  0.00000000

     Dynamical  Matrix in cartesian axes

     q = (    0.600000000  -0.600000000   0.400000000 ) 

    1    1
  0.14821833  0.00000000   -0.00396767  0.00000000    0.00690551 -0.00162547
 -0.00396767  0.00000000    0.14821833  0.00000000   -0.00690551  0.00162547
  0.00690551  0.00162547   -0.00690551 -0.00162547    0.15274322  0.00000000
    1    2
 -0.06778722 -0.02145071   -0.06111718  0.01464460    0.05019218  0.01715869
 -0.06111718  0.01464460   -0.06778722 -0.02145071   -0.05019218 -0.01715869
  0.05019218  0.01715869   -0.05019218 -0.01715869   -0.07461132 -0.02000579
    2    1
 -0.06778722  0.02145071   -0.06111718 -0.01464460    0.05019218 -0.01715869
 -0.06111718 -0.01464460   -0.06778722  0.02145071   -0.05019218  0.01715869
  0.05019218 -0.01715869   -0.05019218  0.01715869   -0.07461132  0.02000579
    2    2
  0.14821833  0.00000000   -0.00396767  0.00000000    0.00690551  0.00162547
 -0.00396767  0.00000000    0.14821833  0.00000000   -0.00690551 -0.00162547
  0.00690551 -0.00162547   -0.00690551  0.00162547    0.15274322  0.00000000

     Dynamical  Matrix in cartesian axes

     q = (   -0.600000000  -0.600000000  -0.400000000 ) 

    1    1
  0.14821833  0.00000000    0.00396767  0.00000000    0.00690551 -0.00162547
  0.00396767  0.00000000    0.14821833  0.00000000    0.00690551 -0.00162547
  0.00690551  0.00162547    0.00690551  0.00162547    0.15274322  0.00000000
    1    2
  0.06778722  0.02145071   -0.06111718  0.01464460   -0.05019218 -0.01715869
 -0.06111718  0.01464460    0.06778722  0.02145071   -0.05019218 -0.01715869
 -0.05019218 -0.01715869   -0.05019218 -0.01715869    0.07461132  0.02000579
    2    1
  0.06778722 -0.02145071   -0.06111718 -0.01464460   -0.05019218  0.01715869
 -0.06111718 -0.01464460    0.06778722 -0.02145071   -0.05019218  0.01715869
 -0.05019218  0.01715869   -0.05019218  0.01715869    0.07461132 -0.02000579
    2    2
  0.14821833  0.00000000    0.00396767  0.00000000    0.00690551  0.00162547
  0.00396767  0.00000000    0.14821833  0.00000000    0.00690551  0.00162547
  0.00690551 -0.00162547    0.00690551 -0.00162547    0.15274322  0.00000000

     Dynamical  Matrix in cartesian axes

     q = (   -0.600000000   0.600000000   0.400000000 ) 

    1    1
  0.14821833  0.00000000   -0.00396767  0.00000000   -0.00690551  0.00162547
 -0.00396767  0.00000000    0.14821833  0.00000000    0.00690551 -0.00162547
 -0.00690551 -0.00162547    0.00690551  0.00162547    0.15274322  0.00000000
    1    2
 -0.06778722 -0.02145071   -0.06111718  0.01464460   -0.05019218 -0.01715869
 -0.06111718  0.01464460   -0.06778722 -0.02145071    0.05019218  0.01715869
 -0.05019218 -0.01715869    0.05019218  0.01715869   -0.07461132 -0.02000579
    2    1
 -0.06778722  0.02145071   -0.06111718 -0.01464460   -0.05019218  0.01715869
 -0.06111718 -0.01464460   -0.06778722  0.02145071    0.05019218 -0.01715869
 -0.05019218  0.01715869    0.05019218 -0.01715869   -0.07461132  0.02000579
    2    2
  0.14821833  0.00000000   -0.00396767  0.00000000   -0.00690551 -0.00162547
 -0.00396767  0.00000000    0.14821833  0.00000000    0.00690551  0.00162547
 -0.00690551  0.00162547    0.00690551 -0.00162547    0.15274322  0.00000000

     Dynamical  Matrix in cartesian axes

     q = (    0.400000000  -0.600000000   0.600000000 ) 

    1    1
  0.15274322  0.00000000   -0.00690551 -0.00162547    0.00690551  0.00162547
 -0.00690551  0.00162547    0.14821833  0.00000000   -0.00396767  0.00000000
  0.00690551 -0.00162547   -0.00396767  0.00000000    0.14821833  0.00000000
    1    2
 -0.07461132 -0.02000579   -0.05019218 -0.01715869    0.05019218  0.01715869
 -0.05019218 -0.01715869   -0.06778722 -0.02145071   -0.06111718  0.01464460
  0.05019218  0.01715869   -0.06111718  0.01464460   -0.06778722 -0.02145071
    2    1
 -0.07461132  0.02000579   -0.05019218  0.01715869    0.05019218 -0.01715869
 -0.05019218  0.01715869   -0.06778722  0.02145071   -0.06111718 -0.01464460
  0.05019218 -0.01715869   -0.06111718 -0.01464460   -0.06778722  0.02145071
    2    2
  0.15274322  0.00000000   -0.00690551  0.00162547    0.00690551 -0.00162547
 -0.00690551 -0.00162547    0.14821833  0.00000000   -0.00396767  0.00000000
  0.00690551  0.00162547   -0.00396767  0.00000000    0.14821833  0.00000000

     Dynamical  Matrix in cartesian axes

     q = (   -0.600000000   0.600000000  -0.400000000 ) 

    1    1
  0.14821833  0.00000000   -0.00396767  0.00000000    0.00690551  0.00162547
 -0.00396767  0.00000000    0.14821833  0.00000000   -0.00690551 -0.00162547
  0.00690551 -0.00162547   -0.00690551  0.00162547    0.15274322  0.00000000
    1    2
 -0.06778722  0.02145071   -0.06111718 -0.01464460    0.05019218 -0.01715869
 -0.06111718 -0.01464460   -0.06778722  0.02145071   -0.05019218  0.01715869
  0.05019218 -0.01715869   -0.05019218  0.01715869   -0.07461132  0.02000579
    2    1
 -0.06778722 -0.02145071   -0.06111718  0.01464460    0.05019218  0.01715869
 -0.06111718  0.01464460   -0.06778722 -0.02145071   -0.05019218 -0.01715869
  0.05019218  0.01715869   -0.05019218 -0.01715869   -0.07461132 -0.02000579
    2    2
  0.14821833  0.00000000   -0.00396767  0.00000000    0.00690551 -0.00162547
 -0.00396767  0.00000000    0.14821833  0.00000000   -0.00690551  0.00162547
  0.00690551  0.00162547   -0.00690551 -0.00162547    0.15274322  0.00000000

     Dynamical  Matrix in cartesian axes

     q = (    0.400000000   0.600000000   0.600000000 ) 

    1    1
  0.15274322  0.00000000    0.00690551 -0.00162547    0.00690551 -0.00162547
  0.00690551  0.00162547    0.14821833  0.00000000    0.00396767  0.00000000
  0.00690551  0.00162547    0.00396767  0.00000000    0.14821833  0.00000000
    1    2
  0.07461132 -0.02000579   -0.05019218  0.01715869   -0.05019218  0.01715869
 -0.05019218  0.01715869    0.06778722 -0.02145071   -0.06111718 -0.01464460
 -0.05019218  0.01715869   -0.06111718 -0.01464460    0.06778722 -0.02145071
    2    1
  0.07461132  0.02000579   -0.05019218 -0.01715869   -0.05019218 -0.01715869
 -0.05019218 -0.01715869    0.06778722  0.02145071   -0.06111718  0.01464460
 -0.05019218 -0.01715869   -0.06111718  0.01464460    0.06778722  0.02145071
    2    2
  0.15274322  0.00000000    0.00690551  0.00162547    0.00690551  0.00162547
  0.00690551 -0.00162547    0.14821833  0.00000000    0.00396767  0.00000000
  0.00690551 -0.00162547    0.00396767  0.00000000    0.14821833  0.00000000

     Dynamical  Matrix in cartesian axes

     q = (   -0.400000000  -0.600000000   0.600000000 ) 

    1    1
  0.15274322  0.00000000    0.00690551 -0.00162547   -0.00690551  0.00162547
  0.00690551  0.00162547    0.14821833  0.00000000   -0.00396767  0.00000000
 -0.00690551 -0.00162547   -0.00396767  0.00000000    0.14821833  0.00000000
    1    2
 -0.07461132  0.02000579    0.05019218 -0.01715869   -0.05019218  0.01715869
  0.05019218 -0.01715869   -0.06778722  0.02145071   -0.06111718 -0.01464460
 -0.05019218  0.01715869   -0.06111718 -0.01464460   -0.06778722  0.02145071
    2    1
 -0.07461132 -0.02000579    0.05019218  0.01715869   -0.05019218 -0.01715869
  0.05019218  0.01715869   -0.06778722 -0.02145071   -0.06111718  0.01464460
 -0.05019218 -0.01715869   -0.06111718  0.01464460   -0.06778722 -0.02145071
    2    2
  0.15274322  0.00000000    0.00690551  0.00162547   -0.00690551 -0.00162547
  0.00690551 -0.00162547    0.14821833  0.00000000   -0.00396767  0.00000000
 -0.00690551  0.00162547   -0.00396767  0.00000000    0.14821833  0.00000000

     Dynamical  Matrix in cartesian axes

     q = (   -0.600000000  -0.600000000   0.400000000 ) 

    1    1
  0.14821833  0.00000000    0.00396767  0.00000000   -0.00690551 -0.00162547
  0.00396767  0.00000000    0.14821833  0.00000000   -0.00690551 -0.00162547
 -0.00690551  0.00162547   -0.00690551  0.00162547    0.15274322  0.00000000
    1    2
 -0.06744942 -0.02249035    0.04083696  0.04777151   -0.05069195 -0.01562055
  0.04083696  0.04777151   -0.06744942 -0.02249035   -0.05069195 -0.01562055
 -0.05069195 -0.01562055   -0.05069195 -0.01562055   -0.07212094 -0.02767041
    2    1
 -0.06744942  0.02249035    0.04083696 -0.04777151   -0.05069195  0.01562055
  0.04083696 -0.04777151   -0.06744942  0.02249035   -0.05069195  0.01562055
 -0.05069195  0.01562055   -0.05069195  0.01562055   -0.07212094  0.02767041
    2    2
  0.14821833  0.00000000    0.00396767  0.00000000   -0.00690551  0.00162547
  0.00396767  0.00000000    0.14821833  0.00000000   -0.00690551  0.00162547
 -0.00690551 -0.00162547   -0.00690551 -0.00162547    0.15274322  0.00000000

     Dynamical  Matrix in cartesian axes

     q = (    0.600000000   0.600000000   0.400000000 ) 

    1    1
  0.14821833  0.00000000    0.00396767  0.00000000    0.00690551  0.00162547
  0.00396767  0.00000000    0.14821833  0.00000000    0.00690551  0.00162547
  0.00690551 -0.00162547    0.00690551 -0.00162547    0.15274322  0.00000000
    1    2
  0.06778722 -0.02145071   -0.06111718 -0.01464460   -0.05019218  0.01715869
 -0.06111718 -0.01464460    0.06778722 -0.02145071   -0.05019218  0.01715869
 -0.05019218  0.01715869   -0.05019218  0.01715869    0.07461132 -0.02000579
    2    1
  0.06778722  0.02145071   -0.06111718  0.01464460   -0.05019218 -0.01715869
 -0.06111718  0.01464460    0.06778722  0.02145071   -0.05019218 -0.01715869
 -0.05019218 -0.01715869   -0.05019218 -0.01715869    0.07461132  0.02000579
    2    2
  0.14821833  0.00000000    0.00396767  0.00000000    0.00690551 -0.00162547
  0.00396767  0.00000000    0.14821833  0.00000000    0.00690551 -0.00162547
  0.00690551  0.00162547    0.00690551  0.00162547    0.15274322  0.00000000

     Dynamical  Matrix in cartesian axes

     q = (    0.400000000  -0.600000000  -0.600000000 ) 

    1    1
  0.15274322  0.00000000   -0.00690551  0.00162547   -0.00690551  0.00162547
 -0.00690551 -0.00162547    0.14821833  0.00000000    0.00396767  0.00000000
 -0.00690551 -0.00162547    0.00396767  0.00000000    0.14821833  0.00000000
    1    2
 -0.07212094 -0.02767041   -0.05069195 -0.01562055   -0.05069195 -0.01562055
 -0.05069195 -0.01562055   -0.06744942 -0.02249035    0.04083696  0.04777151
 -0.05069195 -0.01562055    0.04083696  0.04777151   -0.06744942 -0.02249035
    2    1
 -0.07212094  0.02767041   -0.05069195  0.01562055   -0.05069195  0.01562055
 -0.05069195  0.01562055   -0.06744942  0.02249035    0.04083696 -0.04777151
 -0.05069195  0.01562055    0.04083696 -0.04777151   -0.06744942  0.02249035
    2    2
  0.15274322  0.00000000   -0.00690551 -0.00162547   -0.00690551 -0.00162547
 -0.00690551  0.00162547    0.14821833  0.00000000    0.00396767  0.00000000
 -0.00690551  0.00162547    0.00396767  0.00000000    0.14821833  0.00000000

     Dynamical  Matrix in cartesian axes

     q = (    0.600000000  -0.600000000  -0.400000000 ) 

    1    1
  0.14821833  0.00000000   -0.00396767  0.00000000   -0.00690551 -0.00162547
 -0.00396767  0.00000000    0.14821833  0.00000000    0.00690551  0.00162547
 -0.00690551  0.00162547    0.00690551 -0.00162547    0.15274322  0.00000000
    1    2
 -0.06778722  0.02145071   -0.06111718 -0.01464460   -0.05019218  0.01715869
 -0.06111718 -0.01464460   -0.06778722  0.02145071    0.05019218 -0.01715869
 -0.05019218  0.01715869    0.05019218 -0.01715869   -0.07461132  0.02000579
    2    1
 -0.06778722 -0.02145071   -0.06111718  0.01464460   -0.05019218 -0.01715869
 -0.06111718  0.01464460   -0.06778722 -0.02145071    0.05019218  0.01715869
 -0.05019218 -0.01715869    0.05019218  0.01715869   -0.07461132 -0.02000579
    2    2
  0.14821833  0.00000000   -0.00396767  0.00000000   -0.00690551  0.00162547
 -0.00396767  0.00000000    0.14821833  0.00000000    0.00690551 -0.00162547
 -0.00690551 -0.00162547    0.00690551  0.00162547    0.15274322  0.00000000

     Diagonalizing the dynamical matrix

     q = (    0.600000000  -0.400000000   0.600000000 ) 

 **************************************************************************
     freq (    1) =       1.136109 [THz] =      37.896531 [cm-1]
 ( -0.299031 -0.040515 -0.557705  0.082724 -0.299031 -0.040515 ) 
 ( -0.301763 -0.000000 -0.541549 -0.156854 -0.301763  0.000000 ) 
     freq (    2) =       1.231719 [THz] =      41.085740 [cm-1]
 (  0.419442 -0.272156  0.000000  0.000000 -0.419442  0.272156 ) 
 (  0.500000  0.000000  0.000000  0.000000 -0.500000  0.000000 ) 
     freq (    3) =       3.527789 [THz] =     117.674366 [cm-1]
 ( -0.325604  0.255936  0.214377 -0.333166 -0.325604  0.255936 ) 
 (  0.414151 -0.000000 -0.374431 -0.129454  0.414151  0.000000 ) 
     freq (    4) =       4.428770 [THz] =     147.727874 [cm-1]
 ( -0.322075  0.215139  0.230061 -0.383456 -0.322075  0.215139 ) 
 ( -0.387320 -0.000000  0.404299  0.191073 -0.387320  0.000000 ) 
     freq (    5) =       5.228940 [THz] =     174.418660 [cm-1]
 (  0.419442 -0.272156  0.000000 -0.000000 -0.419442  0.272156 ) 
 ( -0.500000 -0.000000 -0.000000 -0.000000  0.500000  0.000000 ) 
     freq (    6) =       5.258748 [THz] =     175.412956 [cm-1]
 ( -0.271052 -0.118032 -0.568170  0.048791 -0.271052 -0.118032 ) 
 (  0.295636  0.000000  0.501443  0.271575  0.295636  0.000000 ) 
 **************************************************************************
