Dynamical matrix file
                                                                           
  1    2  2 12.5600000  0.0000000  0.0000000  0.0000000  0.0000000  0.0000000
           1  'Sn  '    108197.54598352207     
    1    1      0.0000000000      0.0000000000      0.0000000000
    2    1      0.2500000000      0.2500000000      0.2500000000

     Dynamical  Matrix in cartesian axes

     q = (    0.700000000  -0.300000000   0.700000000 ) 

    1    1
  0.14015381  0.00000000   -0.00294191  0.00256451    0.00019667  0.00000000
 -0.00294191 -0.00256451    0.15709654  0.00000000   -0.00294191 -0.00256451
  0.00019667  0.00000000   -0.00294191  0.00256451    0.14015381  0.00000000
    1    2
 -0.04587093  0.03289886   -0.03676978  0.02673190   -0.00067259 -0.08235351
 -0.03676978  0.02673190   -0.04823633  0.04272226   -0.03676978  0.02673190
 -0.00067259 -0.08235351   -0.03676978  0.02673190   -0.04587093  0.03289886
    2    1
 -0.04587093 -0.03289886   -0.03676978 -0.02673190   -0.00067259  0.08235351
 -0.03676978 -0.02673190   -0.04823633 -0.04272226   -0.03676978 -0.02673190
 -0.00067259  0.08235351   -0.03676978 -0.02673190   -0.04587093 -0.03289886
    2    2
  0.14015381  0.00000000   -0.00294191 -0.00256451    0.00019667  0.00000000
 -0.00294191  0.00256451    0.15709654  0.00000000   -0.00294191  0.00256451
  0.00019667  0.00000000   -0.00294191 -0.00256451    0.14015381  0.00000000

     Dynamical  Matrix in cartesian axes

     q = (    0.700000000   0.300000000  -0.700000000 ) 

    1    1
  0.14015381  0.00000000    0.00294191 -0.00256451   -0.00019667  0.00000000
  0.00294191  0.00256451    0.15709654  0.00000000   -0.00294191 -0.00256451
 -0.00019667  0.00000000   -0.00294191  0.00256451    0.14015381  0.00000000
    1    2
 -0.04546358 -0.03345954    0.03678603  0.02670953   -0.07811500  0.02608831
  0.03678603  0.02670953   -0.05553712 -0.03267357   -0.03678603 -0.02670953
 -0.07811500  0.02608831   -0.03678603 -0.02670953   -0.04546358 -0.03345954
    2    1
 -0.04546358  0.03345954    0.03678603 -0.02670953   -0.07811500 -0.02608831
  0.03678603 -0.02670953   -0.05553712  0.03267357   -0.03678603  0.02670953
 -0.07811500 -0.02608831   -0.03678603  0.02670953   -0.04546358  0.03345954
    2    2
  0.14015381  0.00000000    0.00294191  0.00256451   -0.00019667  0.00000000
  0.00294191 -0.00256451    0.15709654  0.00000000   -0.00294191  0.00256451
 -0.00019667  0.00000000   -0.00294191 -0.00256451    0.14015381  0.00000000

     Dynamical  Matrix in cartesian axes

     q = (    0.700000000  -0.300000000  -0.700000000 ) 

    1    1
  0.14015381  0.00000000   -0.00294191 -0.00256451   -0.00019667  0.00000000
 -0.00294191  0.00256451    0.15709654  0.00000000    0.00294191 -0.00256451
 -0.00019667  0.00000000    0.00294191  0.00256451    0.14015381  0.00000000
    1    2
 -0.04546358  0.03345954   -0.03678603  0.02670953   -0.07811500 -0.02608831
 -0.03678603  0.02670953   -0.05553712  0.03267357    0.03678603 -0.02670953
 -0.07811500 -0.02608831    0.03678603 -0.02670953   -0.04546358  0.03345954
    2    1
 -0.04546358 -0.03345954   -0.03678603 -0.02670953   -0.07811500  0.02608831
 -0.03678603 -0.02670953   -0.05553712 -0.03267357    0.03678603  0.02670953
 -0.07811500  0.02608831    0.03678603  0.02670953   -0.04546358 -0.03345954
    2    2
  0.14015381  0.00000000   -0.00294191  0.00256451   -0.00019667  0.00000000
 -0.00294191 -0.00256451    0.15709654  0.00000000    0.00294191  0.00256451
 -0.00019667  0.00000000    0.00294191 -0.00256451    0.14015381  0.00000000

     Dynamical  Matrix in cartesian axes

     q = (   -0.700000000  -0.300000000   0.700000000 ) 

    1    1
  0.14015381  0.00000000    0.00294191  0.00256451   -0.00019667  0.00000000
  0.00294191 -0.00256451    0.15709654  0.00000000   -0.00294191  0.00256451
 -0.00019667  0.00000000   -0.00294191 -0.00256451    0.14015381  0.00000000
    1    2
 -0.04546358  0.03345954    0.03678603 -0.02670953   -0.07811500 -0.02608831
  0.03678603 -0.02670953   -0.05553712  0.03267357   -0.03678603  0.02670953
 -0.07811500 -0.02608831   -0.03678603  0.02670953   -0.04546358  0.03345954
    2    1
 -0.04546358 -0.03345954    0.03678603  0.02670953   -0.07811500  0.02608831
  0.03678603  0.02670953   -0.05553712 -0.03267357   -0.03678603 -0.02670953
 -0.07811500  0.02608831   -0.03678603 -0.02670953   -0.04546358 -0.03345954
    2    2
  0.14015381  0.00000000    0.00294191 -0.00256451   -0.00019667  0.00000000
  0.00294191  0.00256451    0.15709654  0.00000000   -0.00294191 -0.00256451
 -0.00019667  0.00000000   -0.00294191  0.00256451    0.14015381  0.00000000

     Dynamical  Matrix in cartesian axes

     q = (   -0.700000000  -0.300000000  -0.700000000 ) 

    1    1
  0.14015381  0.00000000    0.00294191 -0.00256451    0.00019667  0.00000000
  0.00294191  0.00256451    0.15709654  0.00000000    0.00294191  0.00256451
  0.00019667  0.00000000    0.00294191 -0.00256451    0.14015381  0.00000000
    1    2
  0.04546358  0.03345954   -0.03678603 -0.02670953   -0.07811500  0.02608831
 -0.03678603 -0.02670953    0.05553712  0.03267357   -0.03678603 -0.02670953
 -0.07811500  0.02608831   -0.03678603 -0.02670953    0.04546358  0.03345954
    2    1
  0.04546358 -0.03345954   -0.03678603  0.02670953   -0.07811500 -0.02608831
 -0.03678603  0.02670953    0.05553712 -0.03267357   -0.03678603  0.02670953
 -0.07811500 -0.02608831   -0.03678603  0.02670953    0.04546358 -0.03345954
    2    2
  0.14015381  0.00000000    0.00294191  0.00256451    0.00019667  0.00000000
  0.00294191 -0.00256451    0.15709654  0.00000000    0.00294191 -0.00256451
  0.00019667  0.00000000    0.00294191  0.00256451    0.14015381  0.00000000

     Dynamical  Matrix in cartesian axes

     q = (   -0.700000000   0.300000000  -0.700000000 ) 

    1    1
  0.14015381  0.00000000   -0.00294191 -0.00256451    0.00019667  0.00000000
 -0.00294191  0.00256451    0.15709654  0.00000000   -0.00294191  0.00256451
  0.00019667  0.00000000   -0.00294191 -0.00256451    0.14015381  0.00000000
    1    2
 -0.04587093 -0.03289886   -0.03676978 -0.02673190   -0.00067259  0.08235351
 -0.03676978 -0.02673190   -0.04823633 -0.04272226   -0.03676978 -0.02673190
 -0.00067259  0.08235351   -0.03676978 -0.02673190   -0.04587093 -0.03289886
    2    1
 -0.04587093  0.03289886   -0.03676978  0.02673190   -0.00067259 -0.08235351
 -0.03676978  0.02673190   -0.04823633  0.04272226   -0.03676978  0.02673190
 -0.00067259 -0.08235351   -0.03676978  0.02673190   -0.04587093  0.03289886
    2    2
  0.14015381  0.00000000   -0.00294191  0.00256451    0.00019667  0.00000000
 -0.00294191 -0.00256451    0.15709654  0.00000000   -0.00294191 -0.00256451
  0.00019667  0.00000000   -0.00294191  0.00256451    0.14015381  0.00000000

     Dynamical  Matrix in cartesian axes

     q = (   -0.700000000   0.300000000   0.700000000 ) 

    1    1
  0.14015381  0.00000000   -0.00294191  0.00256451   -0.00019667  0.00000000
 -0.00294191 -0.00256451    0.15709654  0.00000000    0.00294191  0.00256451
 -0.00019667  0.00000000    0.00294191 -0.00256451    0.14015381  0.00000000
    1    2
 -0.04546358 -0.03345954   -0.03678603 -0.02670953   -0.07811500  0.02608831
 -0.03678603 -0.02670953   -0.05553712 -0.03267357    0.03678603  0.02670953
 -0.07811500  0.02608831    0.03678603  0.02670953   -0.04546358 -0.03345954
    2    1
 -0.04546358  0.03345954   -0.03678603  0.02670953   -0.07811500 -0.02608831
 -0.03678603  0.02670953   -0.05553712  0.03267357    0.03678603 -0.02670953
 -0.07811500 -0.02608831    0.03678603 -0.02670953   -0.04546358  0.03345954
    2    2
  0.14015381  0.00000000   -0.00294191 -0.00256451   -0.00019667  0.00000000
 -0.00294191  0.00256451    0.15709654  0.00000000    0.00294191 -0.00256451
 -0.00019667  0.00000000    0.00294191  0.00256451    0.14015381  0.00000000

     Dynamical  Matrix in cartesian axes

     q = (    0.700000000   0.300000000   0.700000000 ) 

    1    1
  0.14015381  0.00000000    0.00294191  0.00256451    0.00019667  0.00000000
  0.00294191 -0.00256451    0.15709654  0.00000000    0.00294191 -0.00256451
  0.00019667  0.00000000    0.00294191  0.00256451    0.14015381  0.00000000
    1    2
  0.04546358 -0.03345954   -0.03678603  0.02670953   -0.07811500 -0.02608831
 -0.03678603  0.02670953    0.05553712 -0.03267357   -0.03678603  0.02670953
 -0.07811500 -0.02608831   -0.03678603  0.02670953    0.04546358 -0.03345954
    2    1
  0.04546358  0.03345954   -0.03678603 -0.02670953   -0.07811500  0.02608831
 -0.03678603 -0.02670953    0.05553712  0.03267357   -0.03678603 -0.02670953
 -0.07811500  0.02608831   -0.03678603 -0.02670953    0.04546358  0.03345954
    2    2
  0.14015381  0.00000000    0.00294191 -0.00256451    0.00019667  0.00000000
  0.00294191  0.00256451    0.15709654  0.00000000    0.00294191  0.00256451
  0.00019667  0.00000000    0.00294191 -0.00256451    0.14015381  0.00000000

     Dynamical  Matrix in cartesian axes

     q = (   -0.300000000   0.700000000   0.700000000 ) 

    1    1
  0.15709654  0.00000000   -0.00294191 -0.00256451   -0.00294191 -0.00256451
 -0.00294191  0.00256451    0.14015381  0.00000000    0.00019667  0.00000000
 -0.00294191  0.00256451    0.00019667  0.00000000    0.14015381  0.00000000
    1    2
 -0.04823633  0.04272226   -0.03676978  0.02673190   -0.03676978  0.02673190
 -0.03676978  0.02673190   -0.04587093  0.03289886   -0.00067259 -0.08235351
 -0.03676978  0.02673190   -0.00067259 -0.08235351   -0.04587093  0.03289886
    2    1
 -0.04823633 -0.04272226   -0.03676978 -0.02673190   -0.03676978 -0.02673190
 -0.03676978 -0.02673190   -0.04587093 -0.03289886   -0.00067259  0.08235351
 -0.03676978 -0.02673190   -0.00067259  0.08235351   -0.04587093 -0.03289886
    2    2
  0.15709654  0.00000000   -0.00294191  0.00256451   -0.00294191  0.00256451
 -0.00294191 -0.00256451    0.14015381  0.00000000    0.00019667  0.00000000
 -0.00294191 -0.00256451    0.00019667  0.00000000    0.14015381  0.00000000

     Dynamical  Matrix in cartesian axes

     q = (    0.300000000   0.700000000  -0.700000000 ) 

    1    1
  0.15709654  0.00000000    0.00294191  0.00256451   -0.00294191 -0.00256451
  0.00294191 -0.00256451    0.14015381  0.00000000   -0.00019667  0.00000000
 -0.00294191  0.00256451   -0.00019667  0.00000000    0.14015381  0.00000000
    1    2
 -0.05553712 -0.03267357    0.03678603  0.02670953   -0.03678603 -0.02670953
  0.03678603  0.02670953   -0.04546358 -0.03345954   -0.07811500  0.02608831
 -0.03678603 -0.02670953   -0.07811500  0.02608831   -0.04546358 -0.03345954
    2    1
 -0.05553712  0.03267357    0.03678603 -0.02670953   -0.03678603  0.02670953
  0.03678603 -0.02670953   -0.04546358  0.03345954   -0.07811500 -0.02608831
 -0.03678603  0.02670953   -0.07811500 -0.02608831   -0.04546358  0.03345954
    2    2
  0.15709654  0.00000000    0.00294191 -0.00256451   -0.00294191  0.00256451
  0.00294191  0.00256451    0.14015381  0.00000000   -0.00019667  0.00000000
 -0.00294191 -0.00256451   -0.00019667  0.00000000    0.14015381  0.00000000

     Dynamical  Matrix in cartesian axes

     q = (   -0.300000000  -0.700000000  -0.700000000 ) 

    1    1
  0.15709654  0.00000000    0.00294191  0.00256451    0.00294191  0.00256451
  0.00294191 -0.00256451    0.14015381  0.00000000    0.00019667  0.00000000
  0.00294191 -0.00256451    0.00019667  0.00000000    0.14015381  0.00000000
    1    2
  0.05553712  0.03267357   -0.03678603 -0.02670953   -0.03678603 -0.02670953
 -0.03678603 -0.02670953    0.04546358  0.03345954   -0.07811500  0.02608831
 -0.03678603 -0.02670953   -0.07811500  0.02608831    0.04546358  0.03345954
    2    1
  0.05553712 -0.03267357   -0.03678603  0.02670953   -0.03678603  0.02670953
 -0.03678603  0.02670953    0.04546358 -0.03345954   -0.07811500 -0.02608831
 -0.03678603  0.02670953   -0.07811500 -0.02608831    0.04546358 -0.03345954
    2    2
  0.15709654  0.00000000    0.00294191 -0.00256451    0.00294191 -0.00256451
  0.00294191  0.00256451    0.14015381  0.00000000    0.00019667  0.00000000
  0.00294191  0.00256451    0.00019667  0.00000000    0.14015381  0.00000000

     Dynamical  Matrix in cartesian axes

     q = (   -0.300000000   0.700000000  -0.700000000 ) 

    1    1
  0.15709654  0.00000000   -0.00294191  0.00256451    0.00294191 -0.00256451
 -0.00294191 -0.00256451    0.14015381  0.00000000   -0.00019667  0.00000000
  0.00294191  0.00256451   -0.00019667  0.00000000    0.14015381  0.00000000
    1    2
 -0.05553712  0.03267357   -0.03678603  0.02670953    0.03678603 -0.02670953
 -0.03678603  0.02670953   -0.04546358  0.03345954   -0.07811500 -0.02608831
  0.03678603 -0.02670953   -0.07811500 -0.02608831   -0.04546358  0.03345954
    2    1
 -0.05553712 -0.03267357   -0.03678603 -0.02670953    0.03678603  0.02670953
 -0.03678603 -0.02670953   -0.04546358 -0.03345954   -0.07811500  0.02608831
  0.03678603  0.02670953   -0.07811500  0.02608831   -0.04546358 -0.03345954
    2    2
  0.15709654  0.00000000   -0.00294191 -0.00256451    0.00294191  0.00256451
 -0.00294191  0.00256451    0.14015381  0.00000000   -0.00019667  0.00000000
  0.00294191 -0.00256451   -0.00019667  0.00000000    0.14015381  0.00000000

     Dynamical  Matrix in cartesian axes

     q = (    0.700000000   0.700000000  -0.300000000 ) 

    1    1
  0.14015381  0.00000000    0.00019667  0.00000000   -0.00294191  0.00256451
  0.00019667  0.00000000    0.14015381  0.00000000   -0.00294191  0.00256451
 -0.00294191 -0.00256451   -0.00294191 -0.00256451    0.15709654  0.00000000
    1    2
 -0.04587093  0.03289886   -0.00067259 -0.08235351   -0.03676978  0.02673190
 -0.00067259 -0.08235351   -0.04587093  0.03289886   -0.03676978  0.02673190
 -0.03676978  0.02673190   -0.03676978  0.02673190   -0.04823633  0.04272226
    2    1
 -0.04587093 -0.03289886   -0.00067259  0.08235351   -0.03676978 -0.02673190
 -0.00067259  0.08235351   -0.04587093 -0.03289886   -0.03676978 -0.02673190
 -0.03676978 -0.02673190   -0.03676978 -0.02673190   -0.04823633 -0.04272226
    2    2
  0.14015381  0.00000000    0.00019667  0.00000000   -0.00294191 -0.00256451
  0.00019667  0.00000000    0.14015381  0.00000000   -0.00294191 -0.00256451
 -0.00294191  0.00256451   -0.00294191  0.00256451    0.15709654  0.00000000

     Dynamical  Matrix in cartesian axes

     q = (    0.700000000  -0.700000000   0.300000000 ) 

    1    1
  0.14015381  0.00000000   -0.00019667  0.00000000    0.00294191 -0.00256451
 -0.00019667  0.00000000    0.14015381  0.00000000   -0.00294191  0.00256451
  0.00294191  0.00256451   -0.00294191 -0.00256451    0.15709654  0.00000000
    1    2
 -0.04546358 -0.03345954   -0.07811500  0.02608831    0.03678603  0.02670953
 -0.07811500  0.02608831   -0.04546358 -0.03345954   -0.03678603 -0.02670953
  0.03678603  0.02670953   -0.03678603 -0.02670953   -0.05553712 -0.03267357
    2    1
 -0.04546358  0.03345954   -0.07811500 -0.02608831    0.03678603 -0.02670953
 -0.07811500 -0.02608831   -0.04546358  0.03345954   -0.03678603  0.02670953
  0.03678603 -0.02670953   -0.03678603  0.02670953   -0.05553712  0.03267357
    2    2
  0.14015381  0.00000000   -0.00019667  0.00000000    0.00294191  0.00256451
 -0.00019667  0.00000000    0.14015381  0.00000000   -0.00294191 -0.00256451
  0.00294191 -0.00256451   -0.00294191  0.00256451    0.15709654  0.00000000

     Dynamical  Matrix in cartesian axes

     q = (   -0.700000000  -0.700000000  -0.300000000 ) 

    1    1
  0.14015381  0.00000000    0.00019667  0.00000000    0.00294191 -0.00256451
  0.00019667  0.00000000    0.14015381  0.00000000    0.00294191 -0.00256451
  0.00294191  0.00256451    0.00294191  0.00256451    0.15709654  0.00000000
    1    2
  0.04546358  0.03345954   -0.07811500  0.02608831   -0.03678603 -0.02670953
 -0.07811500  0.02608831    0.04546358  0.03345954   -0.03678603 -0.02670953
 -0.03678603 -0.02670953   -0.03678603 -0.02670953    0.05553712  0.03267357
    2    1
  0.04546358 -0.03345954   -0.07811500 -0.02608831   -0.03678603  0.02670953
 -0.07811500 -0.02608831    0.04546358 -0.03345954   -0.03678603  0.02670953
 -0.03678603  0.02670953   -0.03678603  0.02670953    0.05553712 -0.03267357
    2    2
  0.14015381  0.00000000    0.00019667  0.00000000    0.00294191  0.00256451
  0.00019667  0.00000000    0.14015381  0.00000000    0.00294191  0.00256451
  0.00294191 -0.00256451    0.00294191 -0.00256451    0.15709654  0.00000000

     Dynamical  Matrix in cartesian axes

     q = (   -0.700000000   0.700000000   0.300000000 ) 

    1    1
  0.14015381  0.00000000   -0.00019667  0.00000000   -0.00294191  0.00256451
 -0.00019667  0.00000000    0.14015381  0.00000000    0.00294191 -0.00256451
 -0.00294191 -0.00256451    0.00294191  0.00256451    0.15709654  0.00000000
    1    2
 -0.04546358 -0.03345954   -0.07811500  0.02608831   -0.03678603 -0.02670953
 -0.07811500  0.02608831   -0.04546358 -0.03345954    0.03678603  0.02670953
 -0.03678603 -0.02670953    0.03678603  0.02670953   -0.05553712 -0.03267357
    2    1
 -0.04546358  0.03345954   -0.07811500 -0.02608831   -0.03678603  0.02670953
 -0.07811500 -0.02608831   -0.04546358  0.03345954    0.03678603 -0.02670953
 -0.03678603  0.02670953    0.03678603 -0.02670953   -0.05553712  0.03267357
    2    2
  0.14015381  0.00000000   -0.00019667  0.00000000   -0.00294191 -0.00256451
 -0.00019667  0.00000000    0.14015381  0.00000000    0.00294191  0.00256451
 -0.00294191  0.00256451    0.00294191 -0.00256451    0.15709654  0.00000000

     Dynamical  Matrix in cartesian axes

     q = (    0.300000000  -0.700000000   0.700000000 ) 

    1    1
  0.15709654  0.00000000   -0.00294191 -0.00256451    0.00294191  0.00256451
 -0.00294191  0.00256451    0.14015381  0.00000000   -0.00019667  0.00000000
  0.00294191 -0.00256451   -0.00019667  0.00000000    0.14015381  0.00000000
    1    2
 -0.05553712 -0.03267357   -0.03678603 -0.02670953    0.03678603  0.02670953
 -0.03678603 -0.02670953   -0.04546358 -0.03345954   -0.07811500  0.02608831
  0.03678603  0.02670953   -0.07811500  0.02608831   -0.04546358 -0.03345954
    2    1
 -0.05553712  0.03267357   -0.03678603  0.02670953    0.03678603 -0.02670953
 -0.03678603  0.02670953   -0.04546358  0.03345954   -0.07811500 -0.02608831
  0.03678603 -0.02670953   -0.07811500 -0.02608831   -0.04546358  0.03345954
    2    2
  0.15709654  0.00000000   -0.00294191  0.00256451    0.00294191 -0.00256451
 -0.00294191 -0.00256451    0.14015381  0.00000000   -0.00019667  0.00000000
  0.00294191  0.00256451   -0.00019667  0.00000000    0.14015381  0.00000000

     Dynamical  Matrix in cartesian axes

     q = (   -0.700000000   0.700000000  -0.300000000 ) 

    1    1
  0.14015381  0.00000000   -0.00019667  0.00000000    0.00294191  0.00256451
 -0.00019667  0.00000000    0.14015381  0.00000000   -0.00294191 -0.00256451
  0.00294191 -0.00256451   -0.00294191  0.00256451    0.15709654  0.00000000
    1    2
 -0.04546358  0.03345954   -0.07811500 -0.02608831    0.03678603 -0.02670953
 -0.07811500 -0.02608831   -0.04546358  0.03345954   -0.03678603  0.02670953
  0.03678603 -0.02670953   -0.03678603  0.02670953   -0.05553712  0.03267357
    2    1
 -0.04546358 -0.03345954   -0.07811500  0.02608831    0.03678603  0.02670953
 -0.07811500  0.02608831   -0.04546358 -0.03345954   -0.03678603 -0.02670953
  0.03678603  0.02670953   -0.03678603 -0.02670953   -0.05553712 -0.03267357
    2    2
  0.14015381  0.00000000   -0.00019667  0.00000000    0.00294191 -0.00256451
 -0.00019667  0.00000000    0.14015381  0.00000000   -0.00294191  0.00256451
  0.00294191  0.00256451   -0.00294191 -0.00256451    0.15709654  0.00000000

     Dynamical  Matrix in cartesian axes

     q = (    0.300000000   0.700000000   0.700000000 ) 

    1    1
  0.15709654  0.00000000    0.00294191 -0.00256451    0.00294191 -0.00256451
  0.00294191  0.00256451    0.14015381  0.00000000    0.00019667  0.00000000
  0.00294191  0.00256451    0.00019667  0.00000000    0.14015381  0.00000000
    1    2
  0.05553712 -0.03267357   -0.03678603  0.02670953   -0.03678603  0.02670953
 -0.03678603  0.02670953    0.04546358 -0.03345954   -0.07811500 -0.02608831
 -0.03678603  0.02670953   -0.07811500 -0.02608831    0.04546358 -0.03345954
    2    1
  0.05553712  0.03267357   -0.03678603 -0.02670953   -0.03678603 -0.02670953
 -0.03678603 -0.02670953    0.04546358  0.03345954   -0.07811500  0.02608831
 -0.03678603 -0.02670953   -0.07811500  0.02608831    0.04546358  0.03345954
    2    2
  0.15709654  0.00000000    0.00294191  0.00256451    0.00294191  0.00256451
  0.00294191 -0.00256451    0.14015381  0.00000000    0.00019667  0.00000000
  0.00294191 -0.00256451    0.00019667  0.00000000    0.14015381  0.00000000

     Dynamical  Matrix in cartesian axes

     q = (   -0.300000000  -0.700000000   0.700000000 ) 

    1    1
  0.15709654  0.00000000    0.00294191 -0.00256451   -0.00294191  0.00256451
  0.00294191  0.00256451    0.14015381  0.00000000   -0.00019667  0.00000000
 -0.00294191 -0.00256451   -0.00019667  0.00000000    0.14015381  0.00000000
    1    2
 -0.05553712  0.03267357    0.03678603 -0.02670953   -0.03678603  0.02670953
  0.03678603 -0.02670953   -0.04546358  0.03345954   -0.07811500 -0.02608831
 -0.03678603  0.02670953   -0.07811500 -0.02608831   -0.04546358  0.03345954
    2    1
 -0.05553712 -0.03267357    0.03678603  0.02670953   -0.03678603 -0.02670953
  0.03678603  0.02670953   -0.04546358 -0.03345954   -0.07811500  0.02608831
 -0.03678603 -0.02670953   -0.07811500  0.02608831   -0.04546358 -0.03345954
    2    2
  0.15709654  0.00000000    0.00294191  0.00256451   -0.00294191 -0.00256451
  0.00294191 -0.00256451    0.14015381  0.00000000   -0.00019667  0.00000000
 -0.00294191  0.00256451   -0.00019667  0.00000000    0.14015381  0.00000000

     Dynamical  Matrix in cartesian axes

     q = (   -0.700000000  -0.700000000   0.300000000 ) 

    1    1
  0.14015381  0.00000000    0.00019667  0.00000000   -0.00294191 -0.00256451
  0.00019667  0.00000000    0.14015381  0.00000000   -0.00294191 -0.00256451
 -0.00294191  0.00256451   -0.00294191  0.00256451    0.15709654  0.00000000
    1    2
 -0.04587093 -0.03289886   -0.00067259  0.08235351   -0.03676978 -0.02673190
 -0.00067259  0.08235351   -0.04587093 -0.03289886   -0.03676978 -0.02673190
 -0.03676978 -0.02673190   -0.03676978 -0.02673190   -0.04823633 -0.04272226
    2    1
 -0.04587093  0.03289886   -0.00067259 -0.08235351   -0.03676978  0.02673190
 -0.00067259 -0.08235351   -0.04587093  0.03289886   -0.03676978  0.02673190
 -0.03676978  0.02673190   -0.03676978  0.02673190   -0.04823633  0.04272226
    2    2
  0.14015381  0.00000000    0.00019667  0.00000000   -0.00294191  0.00256451
  0.00019667  0.00000000    0.14015381  0.00000000   -0.00294191  0.00256451
 -0.00294191 -0.00256451   -0.00294191 -0.00256451    0.15709654  0.00000000

     Dynamical  Matrix in cartesian axes

     q = (    0.700000000   0.700000000   0.300000000 ) 

    1    1
  0.14015381  0.00000000    0.00019667  0.00000000    0.00294191  0.00256451
  0.00019667  0.00000000    0.14015381  0.00000000    0.00294191  0.00256451
  0.00294191 -0.00256451    0.00294191 -0.00256451    0.15709654  0.00000000
    1    2
  0.04546358 -0.03345954   -0.07811500 -0.02608831   -0.03678603  0.02670953
 -0.07811500 -0.02608831    0.04546358 -0.03345954   -0.03678603  0.02670953
 -0.03678603  0.02670953   -0.03678603  0.02670953    0.05553712 -0.03267357
    2    1
  0.04546358  0.03345954   -0.07811500  0.02608831   -0.03678603 -0.02670953
 -0.07811500  0.02608831    0.04546358  0.03345954   -0.03678603 -0.02670953
 -0.03678603 -0.02670953   -0.03678603 -0.02670953    0.05553712  0.03267357
    2    2
  0.14015381  0.00000000    0.00019667  0.00000000    0.00294191 -0.00256451
  0.00019667  0.00000000    0.14015381  0.00000000    0.00294191 -0.00256451
  0.00294191  0.00256451    0.00294191  0.00256451    0.15709654  0.00000000

     Dynamical  Matrix in cartesian axes

     q = (    0.300000000  -0.700000000  -0.700000000 ) 

    1    1
  0.15709654  0.00000000   -0.00294191  0.00256451   -0.00294191  0.00256451
 -0.00294191 -0.00256451    0.14015381  0.00000000    0.00019667  0.00000000
 -0.00294191 -0.00256451    0.00019667  0.00000000    0.14015381  0.00000000
    1    2
 -0.04823633 -0.04272226   -0.03676978 -0.02673190   -0.03676978 -0.02673190
 -0.03676978 -0.02673190   -0.04587093 -0.03289886   -0.00067259  0.08235351
 -0.03676978 -0.02673190   -0.00067259  0.08235351   -0.04587093 -0.03289886
    2    1
 -0.04823633  0.04272226   -0.03676978  0.02673190   -0.03676978  0.02673190
 -0.03676978  0.02673190   -0.04587093  0.03289886   -0.00067259 -0.08235351
 -0.03676978  0.02673190   -0.00067259 -0.08235351   -0.04587093  0.03289886
    2    2
  0.15709654  0.00000000   -0.00294191 -0.00256451   -0.00294191 -0.00256451
 -0.00294191  0.00256451    0.14015381  0.00000000    0.00019667  0.00000000
 -0.00294191  0.00256451    0.00019667  0.00000000    0.14015381  0.00000000

     Dynamical  Matrix in cartesian axes

     q = (    0.700000000  -0.700000000  -0.300000000 ) 

    1    1
  0.14015381  0.00000000   -0.00019667  0.00000000   -0.00294191 -0.00256451
 -0.00019667  0.00000000    0.14015381  0.00000000    0.00294191  0.00256451
 -0.00294191  0.00256451    0.00294191 -0.00256451    0.15709654  0.00000000
    1    2
 -0.04546358  0.03345954   -0.07811500 -0.02608831   -0.03678603  0.02670953
 -0.07811500 -0.02608831   -0.04546358  0.03345954    0.03678603 -0.02670953
 -0.03678603  0.02670953    0.03678603 -0.02670953   -0.05553712  0.03267357
    2    1
 -0.04546358 -0.03345954   -0.07811500  0.02608831   -0.03678603 -0.02670953
 -0.07811500  0.02608831   -0.04546358 -0.03345954    0.03678603  0.02670953
 -0.03678603 -0.02670953    0.03678603  0.02670953   -0.05553712 -0.03267357
    2    2
  0.14015381  0.00000000   -0.00019667  0.00000000   -0.00294191  0.00256451
 -0.00019667  0.00000000    0.14015381  0.00000000    0.00294191 -0.00256451
 -0.00294191 -0.00256451    0.00294191  0.00256451    0.15709654  0.00000000

     Diagonalizing the dynamical matrix

     q = (    0.700000000  -0.300000000   0.700000000 ) 

 **************************************************************************
     freq (    1) =       1.271371 [THz] =      42.408387 [cm-1]
 ( -0.182548  0.465485 -0.000000 -0.000000  0.182548 -0.465485 ) 
 ( -0.500000 -0.000000 -0.000000 -0.000000  0.500000  0.000000 ) 
     freq (    2) =       1.559148 [THz] =      52.007589 [cm-1]
 (  0.339673  0.169688  0.441958 -0.127787  0.339673  0.169688 ) 
 (  0.379700  0.000000  0.338260  0.311828  0.379700  0.000000 ) 
     freq (    3) =       3.251530 [THz] =     108.459362 [cm-1]
 (  0.198238 -0.294539  0.157185  0.472430  0.198238 -0.294539 ) 
 ( -0.355037  0.000000  0.304162  0.394186 -0.355037  0.000000 ) 
     freq (    4) =       4.393997 [THz] =     146.567952 [cm-1]
 ( -0.113205  0.320729 -0.167632 -0.490443 -0.113205  0.320729 ) 
 ( -0.340121 -0.000000  0.406686  0.321312 -0.340121  0.000000 ) 
     freq (    5) =       5.136496 [THz] =     171.335073 [cm-1]
 (  0.182548 -0.465485  0.000000  0.000000 -0.182548  0.465485 ) 
 ( -0.500000 -0.000000 -0.000000 -0.000000  0.500000  0.000000 ) 
     freq (    6) =       5.215073 [THz] =     173.956100 [cm-1]
 ( -0.287453 -0.177383 -0.500387  0.146370 -0.287453 -0.177383 ) 
 (  0.337778  0.000000  0.348969  0.387340  0.337778 -0.000000 ) 
 **************************************************************************
