Dynamical matrix file
                                                                           
  1    2  2 12.5600000  0.0000000  0.0000000  0.0000000  0.0000000  0.0000000
           1  'Sn  '    108197.54598352207     
    1    1      0.0000000000      0.0000000000      0.0000000000
    2    1      0.2500000000      0.2500000000      0.2500000000

     Dynamical  Matrix in cartesian axes

     q = (   -0.300000000   0.500000000  -0.300000000 ) 

    1    1
  0.14549839  0.00000000   -0.00467017  0.00220322    0.00247205  0.00000000
 -0.00467017 -0.00220322    0.15289585  0.00000000   -0.00467017 -0.00220322
  0.00247205  0.00000000   -0.00467017  0.00220322    0.14549839  0.00000000
    1    2
 -0.08408882  0.01101893   -0.03553080  0.02503452    0.02548800 -0.05696381
 -0.03553080  0.02503452   -0.08720463  0.01581015   -0.03553080  0.02503452
  0.02548800 -0.05696381   -0.03553080  0.02503452   -0.08408882  0.01101893
    2    1
 -0.08408882 -0.01101893   -0.03553080 -0.02503452    0.02548800  0.05696381
 -0.03553080 -0.02503452   -0.08720463 -0.01581015   -0.03553080 -0.02503452
  0.02548800  0.05696381   -0.03553080 -0.02503452   -0.08408882 -0.01101893
    2    2
  0.14549839  0.00000000   -0.00467017 -0.00220322    0.00247205  0.00000000
 -0.00467017  0.00220322    0.15289585  0.00000000   -0.00467017  0.00220322
  0.00247205  0.00000000   -0.00467017 -0.00220322    0.14549839  0.00000000

     Dynamical  Matrix in cartesian axes

     q = (   -0.300000000  -0.500000000   0.300000000 ) 

    1    1
  0.14549839  0.00000000    0.00467017 -0.00220322   -0.00247205  0.00000000
  0.00467017  0.00220322    0.15289585  0.00000000   -0.00467017 -0.00220322
 -0.00247205  0.00000000   -0.00467017  0.00220322    0.14549839  0.00000000
    1    2
 -0.07450605 -0.04051166    0.04345994  0.00063113   -0.05410271  0.03110322
  0.04345994  0.00063113   -0.07984300 -0.03846692   -0.04345994 -0.00063113
 -0.05410271  0.03110322   -0.04345994 -0.00063113   -0.07450605 -0.04051166
    2    1
 -0.07450605  0.04051166    0.04345994 -0.00063113   -0.05410271 -0.03110322
  0.04345994 -0.00063113   -0.07984300  0.03846692   -0.04345994  0.00063113
 -0.05410271 -0.03110322   -0.04345994  0.00063113   -0.07450605  0.04051166
    2    2
  0.14549839  0.00000000    0.00467017  0.00220322   -0.00247205  0.00000000
  0.00467017 -0.00220322    0.15289585  0.00000000   -0.00467017  0.00220322
 -0.00247205  0.00000000   -0.00467017 -0.00220322    0.14549839  0.00000000

     Dynamical  Matrix in cartesian axes

     q = (   -0.300000000   0.500000000   0.300000000 ) 

    1    1
  0.14549839  0.00000000   -0.00467017 -0.00220322   -0.00247205  0.00000000
 -0.00467017  0.00220322    0.15289585  0.00000000    0.00467017 -0.00220322
 -0.00247205  0.00000000    0.00467017  0.00220322    0.14549839  0.00000000
    1    2
 -0.07450605  0.04051166   -0.04345994  0.00063113   -0.05410271 -0.03110322
 -0.04345994  0.00063113   -0.07984300  0.03846692    0.04345994 -0.00063113
 -0.05410271 -0.03110322    0.04345994 -0.00063113   -0.07450605  0.04051166
    2    1
 -0.07450605 -0.04051166   -0.04345994 -0.00063113   -0.05410271  0.03110322
 -0.04345994 -0.00063113   -0.07984300 -0.03846692    0.04345994  0.00063113
 -0.05410271  0.03110322    0.04345994  0.00063113   -0.07450605 -0.04051166
    2    2
  0.14549839  0.00000000   -0.00467017  0.00220322   -0.00247205  0.00000000
 -0.00467017 -0.00220322    0.15289585  0.00000000    0.00467017  0.00220322
 -0.00247205  0.00000000    0.00467017 -0.00220322    0.14549839  0.00000000

     Dynamical  Matrix in cartesian axes

     q = (    0.300000000   0.500000000  -0.300000000 ) 

    1    1
  0.14549839  0.00000000    0.00467017  0.00220322   -0.00247205  0.00000000
  0.00467017 -0.00220322    0.15289585  0.00000000   -0.00467017  0.00220322
 -0.00247205  0.00000000   -0.00467017 -0.00220322    0.14549839  0.00000000
    1    2
 -0.07450605  0.04051166    0.04345994 -0.00063113   -0.05410271 -0.03110322
  0.04345994 -0.00063113   -0.07984300  0.03846692   -0.04345994  0.00063113
 -0.05410271 -0.03110322   -0.04345994  0.00063113   -0.07450605  0.04051166
    2    1
 -0.07450605 -0.04051166    0.04345994  0.00063113   -0.05410271  0.03110322
  0.04345994  0.00063113   -0.07984300 -0.03846692   -0.04345994 -0.00063113
 -0.05410271  0.03110322   -0.04345994 -0.00063113   -0.07450605 -0.04051166
    2    2
  0.14549839  0.00000000    0.00467017 -0.00220322   -0.00247205  0.00000000
  0.00467017  0.00220322    0.15289585  0.00000000   -0.00467017 -0.00220322
 -0.00247205  0.00000000   -0.00467017  0.00220322    0.14549839  0.00000000

     Dynamical  Matrix in cartesian axes

     q = (    0.300000000   0.500000000   0.300000000 ) 

    1    1
  0.14549839  0.00000000    0.00467017 -0.00220322    0.00247205  0.00000000
  0.00467017  0.00220322    0.15289585  0.00000000    0.00467017  0.00220322
  0.00247205  0.00000000    0.00467017 -0.00220322    0.14549839  0.00000000
    1    2
  0.03646450  0.07656818   -0.03478886 -0.02605571   -0.06205203 -0.00663774
 -0.03478886 -0.02605571    0.04198406  0.07805093   -0.03478886 -0.02605571
 -0.06205203 -0.00663774   -0.03478886 -0.02605571    0.03646450  0.07656818
    2    1
  0.03646450 -0.07656818   -0.03478886  0.02605571   -0.06205203  0.00663774
 -0.03478886  0.02605571    0.04198406 -0.07805093   -0.03478886  0.02605571
 -0.06205203  0.00663774   -0.03478886  0.02605571    0.03646450 -0.07656818
    2    2
  0.14549839  0.00000000    0.00467017  0.00220322    0.00247205  0.00000000
  0.00467017 -0.00220322    0.15289585  0.00000000    0.00467017 -0.00220322
  0.00247205  0.00000000    0.00467017  0.00220322    0.14549839  0.00000000

     Dynamical  Matrix in cartesian axes

     q = (    0.300000000  -0.500000000   0.300000000 ) 

    1    1
  0.14549839  0.00000000   -0.00467017 -0.00220322    0.00247205  0.00000000
 -0.00467017  0.00220322    0.15289585  0.00000000   -0.00467017  0.00220322
  0.00247205  0.00000000   -0.00467017 -0.00220322    0.14549839  0.00000000
    1    2
 -0.08408882 -0.01101893   -0.03553080 -0.02503452    0.02548800  0.05696381
 -0.03553080 -0.02503452   -0.08720463 -0.01581015   -0.03553080 -0.02503452
  0.02548800  0.05696381   -0.03553080 -0.02503452   -0.08408882 -0.01101893
    2    1
 -0.08408882  0.01101893   -0.03553080  0.02503452    0.02548800 -0.05696381
 -0.03553080  0.02503452   -0.08720463  0.01581015   -0.03553080  0.02503452
  0.02548800 -0.05696381   -0.03553080  0.02503452   -0.08408882  0.01101893
    2    2
  0.14549839  0.00000000   -0.00467017  0.00220322    0.00247205  0.00000000
 -0.00467017 -0.00220322    0.15289585  0.00000000   -0.00467017 -0.00220322
  0.00247205  0.00000000   -0.00467017  0.00220322    0.14549839  0.00000000

     Dynamical  Matrix in cartesian axes

     q = (    0.300000000  -0.500000000  -0.300000000 ) 

    1    1
  0.14549839  0.00000000   -0.00467017  0.00220322   -0.00247205  0.00000000
 -0.00467017 -0.00220322    0.15289585  0.00000000    0.00467017  0.00220322
 -0.00247205  0.00000000    0.00467017 -0.00220322    0.14549839  0.00000000
    1    2
 -0.07450605 -0.04051166   -0.04345994 -0.00063113   -0.05410271  0.03110322
 -0.04345994 -0.00063113   -0.07984300 -0.03846692    0.04345994  0.00063113
 -0.05410271  0.03110322    0.04345994  0.00063113   -0.07450605 -0.04051166
    2    1
 -0.07450605  0.04051166   -0.04345994  0.00063113   -0.05410271 -0.03110322
 -0.04345994  0.00063113   -0.07984300  0.03846692    0.04345994 -0.00063113
 -0.05410271 -0.03110322    0.04345994 -0.00063113   -0.07450605  0.04051166
    2    2
  0.14549839  0.00000000   -0.00467017 -0.00220322   -0.00247205  0.00000000
 -0.00467017  0.00220322    0.15289585  0.00000000    0.00467017 -0.00220322
 -0.00247205  0.00000000    0.00467017  0.00220322    0.14549839  0.00000000

     Dynamical  Matrix in cartesian axes

     q = (   -0.300000000  -0.500000000  -0.300000000 ) 

    1    1
  0.14549839  0.00000000    0.00467017  0.00220322    0.00247205  0.00000000
  0.00467017 -0.00220322    0.15289585  0.00000000    0.00467017 -0.00220322
  0.00247205  0.00000000    0.00467017  0.00220322    0.14549839  0.00000000
    1    2
  0.03646450 -0.07656818   -0.03478886  0.02605571   -0.06205203  0.00663774
 -0.03478886  0.02605571    0.04198406 -0.07805093   -0.03478886  0.02605571
 -0.06205203  0.00663774   -0.03478886  0.02605571    0.03646450 -0.07656818
    2    1
  0.03646450  0.07656818   -0.03478886 -0.02605571   -0.06205203 -0.00663774
 -0.03478886 -0.02605571    0.04198406  0.07805093   -0.03478886 -0.02605571
 -0.06205203 -0.00663774   -0.03478886 -0.02605571    0.03646450  0.07656818
    2    2
  0.14549839  0.00000000    0.00467017 -0.00220322    0.00247205  0.00000000
  0.00467017  0.00220322    0.15289585  0.00000000    0.00467017  0.00220322
  0.00247205  0.00000000    0.00467017 -0.00220322    0.14549839  0.00000000

     Dynamical  Matrix in cartesian axes

     q = (    0.500000000  -0.300000000  -0.300000000 ) 

    1    1
  0.15289585  0.00000000   -0.00467017 -0.00220322   -0.00467017 -0.00220322
 -0.00467017  0.00220322    0.14549839  0.00000000    0.00247205  0.00000000
 -0.00467017  0.00220322    0.00247205  0.00000000    0.14549839  0.00000000
    1    2
 -0.08720463  0.01581015   -0.03553080  0.02503452   -0.03553080  0.02503452
 -0.03553080  0.02503452   -0.08408882  0.01101893    0.02548800 -0.05696381
 -0.03553080  0.02503452    0.02548800 -0.05696381   -0.08408882  0.01101893
    2    1
 -0.08720463 -0.01581015   -0.03553080 -0.02503452   -0.03553080 -0.02503452
 -0.03553080 -0.02503452   -0.08408882 -0.01101893    0.02548800  0.05696381
 -0.03553080 -0.02503452    0.02548800  0.05696381   -0.08408882 -0.01101893
    2    2
  0.15289585  0.00000000   -0.00467017  0.00220322   -0.00467017  0.00220322
 -0.00467017 -0.00220322    0.14549839  0.00000000    0.00247205  0.00000000
 -0.00467017 -0.00220322    0.00247205  0.00000000    0.14549839  0.00000000

     Dynamical  Matrix in cartesian axes

     q = (   -0.500000000  -0.300000000   0.300000000 ) 

    1    1
  0.15289585  0.00000000    0.00467017  0.00220322   -0.00467017 -0.00220322
  0.00467017 -0.00220322    0.14549839  0.00000000   -0.00247205  0.00000000
 -0.00467017  0.00220322   -0.00247205  0.00000000    0.14549839  0.00000000
    1    2
 -0.07984300 -0.03846692    0.04345994  0.00063113   -0.04345994 -0.00063113
  0.04345994  0.00063113   -0.07450605 -0.04051166   -0.05410271  0.03110322
 -0.04345994 -0.00063113   -0.05410271  0.03110322   -0.07450605 -0.04051166
    2    1
 -0.07984300  0.03846692    0.04345994 -0.00063113   -0.04345994  0.00063113
  0.04345994 -0.00063113   -0.07450605  0.04051166   -0.05410271 -0.03110322
 -0.04345994  0.00063113   -0.05410271 -0.03110322   -0.07450605  0.04051166
    2    2
  0.15289585  0.00000000    0.00467017 -0.00220322   -0.00467017  0.00220322
  0.00467017  0.00220322    0.14549839  0.00000000   -0.00247205  0.00000000
 -0.00467017 -0.00220322   -0.00247205  0.00000000    0.14549839  0.00000000

     Dynamical  Matrix in cartesian axes

     q = (    0.500000000   0.300000000   0.300000000 ) 

    1    1
  0.15289585  0.00000000    0.00467017  0.00220322    0.00467017  0.00220322
  0.00467017 -0.00220322    0.14549839  0.00000000    0.00247205  0.00000000
  0.00467017 -0.00220322    0.00247205  0.00000000    0.14549839  0.00000000
    1    2
  0.04198406  0.07805093   -0.03478886 -0.02605571   -0.03478886 -0.02605571
 -0.03478886 -0.02605571    0.03646450  0.07656818   -0.06205203 -0.00663774
 -0.03478886 -0.02605571   -0.06205203 -0.00663774    0.03646450  0.07656818
    2    1
  0.04198406 -0.07805093   -0.03478886  0.02605571   -0.03478886  0.02605571
 -0.03478886  0.02605571    0.03646450 -0.07656818   -0.06205203  0.00663774
 -0.03478886  0.02605571   -0.06205203  0.00663774    0.03646450 -0.07656818
    2    2
  0.15289585  0.00000000    0.00467017 -0.00220322    0.00467017 -0.00220322
  0.00467017  0.00220322    0.14549839  0.00000000    0.00247205  0.00000000
  0.00467017  0.00220322    0.00247205  0.00000000    0.14549839  0.00000000

     Dynamical  Matrix in cartesian axes

     q = (    0.500000000  -0.300000000   0.300000000 ) 

    1    1
  0.15289585  0.00000000   -0.00467017  0.00220322    0.00467017 -0.00220322
 -0.00467017 -0.00220322    0.14549839  0.00000000   -0.00247205  0.00000000
  0.00467017  0.00220322   -0.00247205  0.00000000    0.14549839  0.00000000
    1    2
 -0.07984300  0.03846692   -0.04345994  0.00063113    0.04345994 -0.00063113
 -0.04345994  0.00063113   -0.07450605  0.04051166   -0.05410271 -0.03110322
  0.04345994 -0.00063113   -0.05410271 -0.03110322   -0.07450605  0.04051166
    2    1
 -0.07984300 -0.03846692   -0.04345994 -0.00063113    0.04345994  0.00063113
 -0.04345994 -0.00063113   -0.07450605 -0.04051166   -0.05410271  0.03110322
  0.04345994  0.00063113   -0.05410271  0.03110322   -0.07450605 -0.04051166
    2    2
  0.15289585  0.00000000   -0.00467017 -0.00220322    0.00467017  0.00220322
 -0.00467017  0.00220322    0.14549839  0.00000000   -0.00247205  0.00000000
  0.00467017 -0.00220322   -0.00247205  0.00000000    0.14549839  0.00000000

     Dynamical  Matrix in cartesian axes

     q = (   -0.300000000  -0.300000000   0.500000000 ) 

    1    1
  0.14549839  0.00000000    0.00247205  0.00000000   -0.00467017  0.00220322
  0.00247205  0.00000000    0.14549839  0.00000000   -0.00467017  0.00220322
 -0.00467017 -0.00220322   -0.00467017 -0.00220322    0.15289585  0.00000000
    1    2
 -0.08408882  0.01101893    0.02548800 -0.05696381   -0.03553080  0.02503452
  0.02548800 -0.05696381   -0.08408882  0.01101893   -0.03553080  0.02503452
 -0.03553080  0.02503452   -0.03553080  0.02503452   -0.08720463  0.01581015
    2    1
 -0.08408882 -0.01101893    0.02548800  0.05696381   -0.03553080 -0.02503452
  0.02548800  0.05696381   -0.08408882 -0.01101893   -0.03553080 -0.02503452
 -0.03553080 -0.02503452   -0.03553080 -0.02503452   -0.08720463 -0.01581015
    2    2
  0.14549839  0.00000000    0.00247205  0.00000000   -0.00467017 -0.00220322
  0.00247205  0.00000000    0.14549839  0.00000000   -0.00467017 -0.00220322
 -0.00467017  0.00220322   -0.00467017  0.00220322    0.15289585  0.00000000

     Dynamical  Matrix in cartesian axes

     q = (   -0.300000000   0.300000000  -0.500000000 ) 

    1    1
  0.14549839  0.00000000   -0.00247205  0.00000000    0.00467017 -0.00220322
 -0.00247205  0.00000000    0.14549839  0.00000000   -0.00467017  0.00220322
  0.00467017  0.00220322   -0.00467017 -0.00220322    0.15289585  0.00000000
    1    2
 -0.07450605 -0.04051166   -0.05410271  0.03110322    0.04345994  0.00063113
 -0.05410271  0.03110322   -0.07450605 -0.04051166   -0.04345994 -0.00063113
  0.04345994  0.00063113   -0.04345994 -0.00063113   -0.07984300 -0.03846692
    2    1
 -0.07450605  0.04051166   -0.05410271 -0.03110322    0.04345994 -0.00063113
 -0.05410271 -0.03110322   -0.07450605  0.04051166   -0.04345994  0.00063113
  0.04345994 -0.00063113   -0.04345994  0.00063113   -0.07984300  0.03846692
    2    2
  0.14549839  0.00000000   -0.00247205  0.00000000    0.00467017  0.00220322
 -0.00247205  0.00000000    0.14549839  0.00000000   -0.00467017 -0.00220322
  0.00467017 -0.00220322   -0.00467017  0.00220322    0.15289585  0.00000000

     Dynamical  Matrix in cartesian axes

     q = (    0.300000000   0.300000000   0.500000000 ) 

    1    1
  0.14549839  0.00000000    0.00247205  0.00000000    0.00467017 -0.00220322
  0.00247205  0.00000000    0.14549839  0.00000000    0.00467017 -0.00220322
  0.00467017  0.00220322    0.00467017  0.00220322    0.15289585  0.00000000
    1    2
  0.03646450  0.07656818   -0.06205203 -0.00663774   -0.03478886 -0.02605571
 -0.06205203 -0.00663774    0.03646450  0.07656818   -0.03478886 -0.02605571
 -0.03478886 -0.02605571   -0.03478886 -0.02605571    0.04198406  0.07805093
    2    1
  0.03646450 -0.07656818   -0.06205203  0.00663774   -0.03478886  0.02605571
 -0.06205203  0.00663774    0.03646450 -0.07656818   -0.03478886  0.02605571
 -0.03478886  0.02605571   -0.03478886  0.02605571    0.04198406 -0.07805093
    2    2
  0.14549839  0.00000000    0.00247205  0.00000000    0.00467017  0.00220322
  0.00247205  0.00000000    0.14549839  0.00000000    0.00467017  0.00220322
  0.00467017 -0.00220322    0.00467017 -0.00220322    0.15289585  0.00000000

     Dynamical  Matrix in cartesian axes

     q = (    0.300000000  -0.300000000  -0.500000000 ) 

    1    1
  0.14549839  0.00000000   -0.00247205  0.00000000   -0.00467017  0.00220322
 -0.00247205  0.00000000    0.14549839  0.00000000    0.00467017 -0.00220322
 -0.00467017 -0.00220322    0.00467017  0.00220322    0.15289585  0.00000000
    1    2
 -0.07450605 -0.04051166   -0.05410271  0.03110322   -0.04345994 -0.00063113
 -0.05410271  0.03110322   -0.07450605 -0.04051166    0.04345994  0.00063113
 -0.04345994 -0.00063113    0.04345994  0.00063113   -0.07984300 -0.03846692
    2    1
 -0.07450605  0.04051166   -0.05410271 -0.03110322   -0.04345994  0.00063113
 -0.05410271 -0.03110322   -0.07450605  0.04051166    0.04345994 -0.00063113
 -0.04345994  0.00063113    0.04345994 -0.00063113   -0.07984300  0.03846692
    2    2
  0.14549839  0.00000000   -0.00247205  0.00000000   -0.00467017 -0.00220322
 -0.00247205  0.00000000    0.14549839  0.00000000    0.00467017  0.00220322
 -0.00467017  0.00220322    0.00467017 -0.00220322    0.15289585  0.00000000

     Dynamical  Matrix in cartesian axes

     q = (   -0.500000000   0.300000000  -0.300000000 ) 

    1    1
  0.15289585  0.00000000   -0.00467017 -0.00220322    0.00467017  0.00220322
 -0.00467017  0.00220322    0.14549839  0.00000000   -0.00247205  0.00000000
  0.00467017 -0.00220322   -0.00247205  0.00000000    0.14549839  0.00000000
    1    2
 -0.07984300 -0.03846692   -0.04345994 -0.00063113    0.04345994  0.00063113
 -0.04345994 -0.00063113   -0.07450605 -0.04051166   -0.05410271  0.03110322
  0.04345994  0.00063113   -0.05410271  0.03110322   -0.07450605 -0.04051166
    2    1
 -0.07984300  0.03846692   -0.04345994  0.00063113    0.04345994 -0.00063113
 -0.04345994  0.00063113   -0.07450605  0.04051166   -0.05410271 -0.03110322
  0.04345994 -0.00063113   -0.05410271 -0.03110322   -0.07450605  0.04051166
    2    2
  0.15289585  0.00000000   -0.00467017  0.00220322    0.00467017 -0.00220322
 -0.00467017 -0.00220322    0.14549839  0.00000000   -0.00247205  0.00000000
  0.00467017  0.00220322   -0.00247205  0.00000000    0.14549839  0.00000000

     Dynamical  Matrix in cartesian axes

     q = (    0.300000000  -0.300000000   0.500000000 ) 

    1    1
  0.14549839  0.00000000   -0.00247205  0.00000000    0.00467017  0.00220322
 -0.00247205  0.00000000    0.14549839  0.00000000   -0.00467017 -0.00220322
  0.00467017 -0.00220322   -0.00467017  0.00220322    0.15289585  0.00000000
    1    2
 -0.07450605  0.04051166   -0.05410271 -0.03110322    0.04345994 -0.00063113
 -0.05410271 -0.03110322   -0.07450605  0.04051166   -0.04345994  0.00063113
  0.04345994 -0.00063113   -0.04345994  0.00063113   -0.07984300  0.03846692
    2    1
 -0.07450605 -0.04051166   -0.05410271  0.03110322    0.04345994  0.00063113
 -0.05410271  0.03110322   -0.07450605 -0.04051166   -0.04345994 -0.00063113
  0.04345994  0.00063113   -0.04345994 -0.00063113   -0.07984300 -0.03846692
    2    2
  0.14549839  0.00000000   -0.00247205  0.00000000    0.00467017 -0.00220322
 -0.00247205  0.00000000    0.14549839  0.00000000   -0.00467017  0.00220322
  0.00467017  0.00220322   -0.00467017 -0.00220322    0.15289585  0.00000000

     Dynamical  Matrix in cartesian axes

     q = (   -0.500000000  -0.300000000  -0.300000000 ) 

    1    1
  0.15289585  0.00000000    0.00467017 -0.00220322    0.00467017 -0.00220322
  0.00467017  0.00220322    0.14549839  0.00000000    0.00247205  0.00000000
  0.00467017  0.00220322    0.00247205  0.00000000    0.14549839  0.00000000
    1    2
  0.04198406 -0.07805093   -0.03478886  0.02605571   -0.03478886  0.02605571
 -0.03478886  0.02605571    0.03646450 -0.07656818   -0.06205203  0.00663774
 -0.03478886  0.02605571   -0.06205203  0.00663774    0.03646450 -0.07656818
    2    1
  0.04198406  0.07805093   -0.03478886 -0.02605571   -0.03478886 -0.02605571
 -0.03478886 -0.02605571    0.03646450  0.07656818   -0.06205203 -0.00663774
 -0.03478886 -0.02605571   -0.06205203 -0.00663774    0.03646450  0.07656818
    2    2
  0.15289585  0.00000000    0.00467017  0.00220322    0.00467017  0.00220322
  0.00467017 -0.00220322    0.14549839  0.00000000    0.00247205  0.00000000
  0.00467017 -0.00220322    0.00247205  0.00000000    0.14549839  0.00000000

     Dynamical  Matrix in cartesian axes

     q = (    0.500000000   0.300000000  -0.300000000 ) 

    1    1
  0.15289585  0.00000000    0.00467017 -0.00220322   -0.00467017  0.00220322
  0.00467017  0.00220322    0.14549839  0.00000000   -0.00247205  0.00000000
 -0.00467017 -0.00220322   -0.00247205  0.00000000    0.14549839  0.00000000
    1    2
 -0.07984300  0.03846692    0.04345994 -0.00063113   -0.04345994  0.00063113
  0.04345994 -0.00063113   -0.07450605  0.04051166   -0.05410271 -0.03110322
 -0.04345994  0.00063113   -0.05410271 -0.03110322   -0.07450605  0.04051166
    2    1
 -0.07984300 -0.03846692    0.04345994  0.00063113   -0.04345994 -0.00063113
  0.04345994  0.00063113   -0.07450605 -0.04051166   -0.05410271  0.03110322
 -0.04345994 -0.00063113   -0.05410271  0.03110322   -0.07450605 -0.04051166
    2    2
  0.15289585  0.00000000    0.00467017  0.00220322   -0.00467017 -0.00220322
  0.00467017 -0.00220322    0.14549839  0.00000000   -0.00247205  0.00000000
 -0.00467017  0.00220322   -0.00247205  0.00000000    0.14549839  0.00000000

     Dynamical  Matrix in cartesian axes

     q = (    0.300000000   0.300000000  -0.500000000 ) 

    1    1
  0.14549839  0.00000000    0.00247205  0.00000000   -0.00467017 -0.00220322
  0.00247205  0.00000000    0.14549839  0.00000000   -0.00467017 -0.00220322
 -0.00467017  0.00220322   -0.00467017  0.00220322    0.15289585  0.00000000
    1    2
 -0.08408882 -0.01101893    0.02548800  0.05696381   -0.03553080 -0.02503452
  0.02548800  0.05696381   -0.08408882 -0.01101893   -0.03553080 -0.02503452
 -0.03553080 -0.02503452   -0.03553080 -0.02503452   -0.08720463 -0.01581015
    2    1
 -0.08408882  0.01101893    0.02548800 -0.05696381   -0.03553080  0.02503452
  0.02548800 -0.05696381   -0.08408882  0.01101893   -0.03553080  0.02503452
 -0.03553080  0.02503452   -0.03553080  0.02503452   -0.08720463  0.01581015
    2    2
  0.14549839  0.00000000    0.00247205  0.00000000   -0.00467017  0.00220322
  0.00247205  0.00000000    0.14549839  0.00000000   -0.00467017  0.00220322
 -0.00467017 -0.00220322   -0.00467017 -0.00220322    0.15289585  0.00000000

     Dynamical  Matrix in cartesian axes

     q = (   -0.300000000  -0.300000000  -0.500000000 ) 

    1    1
  0.14549839  0.00000000    0.00247205  0.00000000    0.00467017  0.00220322
  0.00247205  0.00000000    0.14549839  0.00000000    0.00467017  0.00220322
  0.00467017 -0.00220322    0.00467017 -0.00220322    0.15289585  0.00000000
    1    2
  0.03646450 -0.07656818   -0.06205203  0.00663774   -0.03478886  0.02605571
 -0.06205203  0.00663774    0.03646450 -0.07656818   -0.03478886  0.02605571
 -0.03478886  0.02605571   -0.03478886  0.02605571    0.04198406 -0.07805093
    2    1
  0.03646450  0.07656818   -0.06205203 -0.00663774   -0.03478886 -0.02605571
 -0.06205203 -0.00663774    0.03646450  0.07656818   -0.03478886 -0.02605571
 -0.03478886 -0.02605571   -0.03478886 -0.02605571    0.04198406  0.07805093
    2    2
  0.14549839  0.00000000    0.00247205  0.00000000    0.00467017 -0.00220322
  0.00247205  0.00000000    0.14549839  0.00000000    0.00467017 -0.00220322
  0.00467017  0.00220322    0.00467017  0.00220322    0.15289585  0.00000000

     Dynamical  Matrix in cartesian axes

     q = (   -0.500000000   0.300000000   0.300000000 ) 

    1    1
  0.15289585  0.00000000   -0.00467017  0.00220322   -0.00467017  0.00220322
 -0.00467017 -0.00220322    0.14549839  0.00000000    0.00247205  0.00000000
 -0.00467017 -0.00220322    0.00247205  0.00000000    0.14549839  0.00000000
    1    2
 -0.08720463 -0.01581015   -0.03553080 -0.02503452   -0.03553080 -0.02503452
 -0.03553080 -0.02503452   -0.08408882 -0.01101893    0.02548800  0.05696381
 -0.03553080 -0.02503452    0.02548800  0.05696381   -0.08408882 -0.01101893
    2    1
 -0.08720463  0.01581015   -0.03553080  0.02503452   -0.03553080  0.02503452
 -0.03553080  0.02503452   -0.08408882  0.01101893    0.02548800 -0.05696381
 -0.03553080  0.02503452    0.02548800 -0.05696381   -0.08408882  0.01101893
    2    2
  0.15289585  0.00000000   -0.00467017 -0.00220322   -0.00467017 -0.00220322
 -0.00467017  0.00220322    0.14549839  0.00000000    0.00247205  0.00000000
 -0.00467017  0.00220322    0.00247205  0.00000000    0.14549839  0.00000000

     Dynamical  Matrix in cartesian axes

     q = (   -0.300000000   0.300000000   0.500000000 ) 

    1    1
  0.14549839  0.00000000   -0.00247205  0.00000000   -0.00467017 -0.00220322
 -0.00247205  0.00000000    0.14549839  0.00000000    0.00467017  0.00220322
 -0.00467017  0.00220322    0.00467017 -0.00220322    0.15289585  0.00000000
    1    2
 -0.07450605  0.04051166   -0.05410271 -0.03110322   -0.04345994  0.00063113
 -0.05410271 -0.03110322   -0.07450605  0.04051166    0.04345994 -0.00063113
 -0.04345994  0.00063113    0.04345994 -0.00063113   -0.07984300  0.03846692
    2    1
 -0.07450605 -0.04051166   -0.05410271  0.03110322   -0.04345994 -0.00063113
 -0.05410271  0.03110322   -0.07450605 -0.04051166    0.04345994  0.00063113
 -0.04345994 -0.00063113    0.04345994  0.00063113   -0.07984300 -0.03846692
    2    2
  0.14549839  0.00000000   -0.00247205  0.00000000   -0.00467017  0.00220322
 -0.00247205  0.00000000    0.14549839  0.00000000    0.00467017 -0.00220322
 -0.00467017 -0.00220322    0.00467017  0.00220322    0.15289585  0.00000000

     Diagonalizing the dynamical matrix

     q = (   -0.300000000   0.500000000  -0.300000000 ) 

 **************************************************************************
     freq (    1) =       1.186516 [THz] =      39.577908 [cm-1]
 (  0.424873 -0.263596  0.000000 -0.000000 -0.424873  0.263596 ) 
 (  0.500000 -0.000000  0.000000 -0.000000 -0.500000  0.000000 ) 
     freq (    2) =       1.200757 [THz] =      40.052950 [cm-1]
 (  0.324700  0.042769  0.529133 -0.074165  0.324700  0.042769 ) 
 (  0.327504 -0.000000  0.514916  0.142629  0.327504  0.000000 ) 
     freq (    3) =       3.058878 [THz] =     102.033193 [cm-1]
 ( -0.041677 -0.387202  0.205530  0.392980 -0.041677 -0.387202 ) 
 ( -0.389438  0.000000  0.412719  0.162293 -0.389438  0.000000 ) 
     freq (    4) =       4.657499 [THz] =     155.357456 [cm-1]
 ( -0.070400 -0.369699  0.208710  0.416141 -0.070400 -0.369699 ) 
 (  0.376342  0.000000 -0.447837 -0.127180  0.376342  0.000000 ) 
     freq (    5) =       5.215955 [THz] =     173.985533 [cm-1]
 (  0.424873 -0.263596 -0.000000 -0.000000 -0.424873  0.263596 ) 
 ( -0.500000  0.000000  0.000000  0.000000  0.500000 -0.000000 ) 
     freq (    6) =       5.263154 [THz] =     175.559916 [cm-1]
 ( -0.304667 -0.081385 -0.544786  0.065703 -0.304667 -0.081385 ) 
 (  0.315350 -0.000000  0.509375  0.204075  0.315350  0.000000 ) 
 **************************************************************************
