Dynamical matrix file
                                                                           
  1    2  2 12.5600000  0.0000000  0.0000000  0.0000000  0.0000000  0.0000000
           1  'Sn  '    108197.54598352207     
    1    1      0.0000000000      0.0000000000      0.0000000000
    2    1      0.2500000000      0.2500000000      0.2500000000

     Dynamical  Matrix in cartesian axes

     q = (    0.500000000  -0.100000000   0.900000000 ) 

    1    1
  0.13293354  0.00000000   -0.00049849  0.00080669    0.00049849  0.00080669
 -0.00049849 -0.00080669    0.14745339  0.00000000    0.00020201 -0.00438428
  0.00049849 -0.00080669    0.00020201  0.00438428    0.14745339 -0.00000000
    1    2
 -0.00599625  0.01845455   -0.07037303  0.03797153   -0.03461387 -0.07208384
 -0.07037303  0.03797153   -0.00555915  0.02290347   -0.00571386  0.01758546
 -0.03461387 -0.07208384   -0.00571386  0.01758546   -0.00896488  0.02179688
    2    1
 -0.00599625 -0.01845455   -0.07037303 -0.03797153   -0.03461387  0.07208384
 -0.07037303 -0.03797153   -0.00555915 -0.02290347   -0.00571386 -0.01758546
 -0.03461387  0.07208384   -0.00571386 -0.01758546   -0.00896488 -0.02179688
    2    2
  0.13293354  0.00000000   -0.00049849 -0.00080669    0.00049849 -0.00080669
 -0.00049849  0.00080669    0.14745339 -0.00000000    0.00020201  0.00438428
  0.00049849  0.00080669    0.00020201 -0.00438428    0.14745339  0.00000000

     Dynamical  Matrix in cartesian axes

     q = (    0.500000000   0.100000000  -0.900000000 ) 

    1    1
  0.13293354 -0.00000000    0.00049849 -0.00080669   -0.00049849 -0.00080669
  0.00049849  0.00080669    0.14745339  0.00000000    0.00020201 -0.00438428
 -0.00049849  0.00080669    0.00020201  0.00438428    0.14745339 -0.00000000
    1    2
 -0.00599625 -0.01845455   -0.03461387  0.07208384   -0.07037303 -0.03797153
 -0.03461387  0.07208384   -0.00896488 -0.02179688   -0.00571386 -0.01758546
 -0.07037303 -0.03797153   -0.00571386 -0.01758546   -0.00555915 -0.02290347
    2    1
 -0.00599625  0.01845455   -0.03461387 -0.07208384   -0.07037303  0.03797153
 -0.03461387 -0.07208384   -0.00896488  0.02179688   -0.00571386  0.01758546
 -0.07037303  0.03797153   -0.00571386  0.01758546   -0.00555915  0.02290347
    2    2
  0.13293354  0.00000000    0.00049849  0.00080669   -0.00049849  0.00080669
  0.00049849 -0.00080669    0.14745339 -0.00000000    0.00020201  0.00438428
 -0.00049849 -0.00080669    0.00020201 -0.00438428    0.14745339  0.00000000

     Dynamical  Matrix in cartesian axes

     q = (    0.500000000  -0.100000000  -0.900000000 ) 

    1    1
  0.13293354  0.00000000   -0.00049849 -0.00080669   -0.00049849  0.00080669
 -0.00049849  0.00080669    0.14745339  0.00000000   -0.00020201 -0.00438428
 -0.00049849 -0.00080669   -0.00020201  0.00438428    0.14745339  0.00000000
    1    2
 -0.01940427 -0.00000000   -0.05785953  0.05519488   -0.05785953 -0.05519488
 -0.05785953  0.05519488   -0.02350036 -0.00179050    0.01849045  0.00000000
 -0.05785953 -0.05519488    0.01849045  0.00000000   -0.02350036  0.00179050
    2    1
 -0.01940427  0.00000000   -0.05785953 -0.05519488   -0.05785953  0.05519488
 -0.05785953 -0.05519488   -0.02350036  0.00179050    0.01849045 -0.00000000
 -0.05785953  0.05519488    0.01849045 -0.00000000   -0.02350036 -0.00179050
    2    2
  0.13293354  0.00000000   -0.00049849  0.00080669   -0.00049849 -0.00080669
 -0.00049849 -0.00080669    0.14745339  0.00000000   -0.00020201  0.00438428
 -0.00049849  0.00080669   -0.00020201 -0.00438428    0.14745339  0.00000000

     Dynamical  Matrix in cartesian axes

     q = (   -0.500000000  -0.100000000   0.900000000 ) 

    1    1
  0.13293354  0.00000000    0.00049849  0.00080669   -0.00049849  0.00080669
  0.00049849 -0.00080669    0.14745339 -0.00000000    0.00020201  0.00438428
 -0.00049849 -0.00080669    0.00020201 -0.00438428    0.14745339  0.00000000
    1    2
 -0.00599625  0.01845455   -0.03461387 -0.07208384   -0.07037303  0.03797153
 -0.03461387 -0.07208384   -0.00896488  0.02179688   -0.00571386  0.01758546
 -0.07037303  0.03797153   -0.00571386  0.01758546   -0.00555915  0.02290347
    2    1
 -0.00599625 -0.01845455   -0.03461387  0.07208384   -0.07037303 -0.03797153
 -0.03461387  0.07208384   -0.00896488 -0.02179688   -0.00571386 -0.01758546
 -0.07037303 -0.03797153   -0.00571386 -0.01758546   -0.00555915 -0.02290347
    2    2
  0.13293354 -0.00000000    0.00049849 -0.00080669   -0.00049849 -0.00080669
  0.00049849  0.00080669    0.14745339  0.00000000    0.00020201 -0.00438428
 -0.00049849  0.00080669    0.00020201  0.00438428    0.14745339 -0.00000000

     Dynamical  Matrix in cartesian axes

     q = (   -0.900000000  -0.100000000  -0.500000000 ) 

    1    1
  0.14745339 -0.00000000   -0.00020201 -0.00438428    0.00049849 -0.00080669
 -0.00020201  0.00438428    0.14745339  0.00000000    0.00049849  0.00080669
  0.00049849  0.00080669    0.00049849 -0.00080669    0.13293354  0.00000000
    1    2
  0.02350036  0.00179050   -0.01849045  0.00000000   -0.05785953  0.05519488
 -0.01849045 -0.00000000    0.02350036 -0.00179050   -0.05785953 -0.05519488
 -0.05785953  0.05519488   -0.05785953 -0.05519488    0.01940427  0.00000000
    2    1
  0.02350036 -0.00179050   -0.01849045 -0.00000000   -0.05785953 -0.05519488
 -0.01849045  0.00000000    0.02350036  0.00179050   -0.05785953  0.05519488
 -0.05785953 -0.05519488   -0.05785953  0.05519488    0.01940427 -0.00000000
    2    2
  0.14745339  0.00000000   -0.00020201  0.00438428    0.00049849  0.00080669
 -0.00020201 -0.00438428    0.14745339 -0.00000000    0.00049849 -0.00080669
  0.00049849 -0.00080669    0.00049849  0.00080669    0.13293354 -0.00000000

     Dynamical  Matrix in cartesian axes

     q = (    0.900000000  -0.100000000  -0.500000000 ) 

    1    1
  0.14745339  0.00000000    0.00020201 -0.00438428   -0.00049849 -0.00080669
  0.00020201  0.00438428    0.14745339  0.00000000    0.00049849 -0.00080669
 -0.00049849  0.00080669    0.00049849  0.00080669    0.13293354  0.00000000
    1    2
 -0.00555915  0.02290347   -0.00571386  0.01758546   -0.07037303  0.03797153
 -0.00571386  0.01758546   -0.00896488  0.02179688   -0.03461387 -0.07208384
 -0.07037303  0.03797153   -0.03461387 -0.07208384   -0.00599625  0.01845455
    2    1
 -0.00555915 -0.02290347   -0.00571386 -0.01758546   -0.07037303 -0.03797153
 -0.00571386 -0.01758546   -0.00896488 -0.02179688   -0.03461387  0.07208384
 -0.07037303 -0.03797153   -0.03461387  0.07208384   -0.00599625 -0.01845455
    2    2
  0.14745339  0.00000000    0.00020201  0.00438428   -0.00049849  0.00080669
  0.00020201 -0.00438428    0.14745339  0.00000000    0.00049849  0.00080669
 -0.00049849 -0.00080669    0.00049849 -0.00080669    0.13293354  0.00000000

     Dynamical  Matrix in cartesian axes

     q = (   -0.900000000  -0.100000000   0.500000000 ) 

    1    1
  0.14745339  0.00000000   -0.00020201  0.00438428   -0.00049849 -0.00080669
 -0.00020201 -0.00438428    0.14745339 -0.00000000   -0.00049849  0.00080669
 -0.00049849  0.00080669   -0.00049849 -0.00080669    0.13293354  0.00000000
    1    2
 -0.02350036  0.00179050    0.01849045  0.00000000   -0.05785953 -0.05519488
  0.01849045 -0.00000000   -0.02350036 -0.00179050   -0.05785953  0.05519488
 -0.05785953 -0.05519488   -0.05785953  0.05519488   -0.01940427 -0.00000000
    2    1
 -0.02350036 -0.00179050    0.01849045 -0.00000000   -0.05785953  0.05519488
  0.01849045  0.00000000   -0.02350036  0.00179050   -0.05785953 -0.05519488
 -0.05785953  0.05519488   -0.05785953 -0.05519488   -0.01940427  0.00000000
    2    2
  0.14745339 -0.00000000   -0.00020201 -0.00438428   -0.00049849  0.00080669
 -0.00020201  0.00438428    0.14745339  0.00000000   -0.00049849 -0.00080669
 -0.00049849 -0.00080669   -0.00049849  0.00080669    0.13293354 -0.00000000

     Dynamical  Matrix in cartesian axes

     q = (   -0.500000000   0.100000000  -0.900000000 ) 

    1    1
  0.13293354  0.00000000   -0.00049849 -0.00080669    0.00049849 -0.00080669
 -0.00049849  0.00080669    0.14745339 -0.00000000    0.00020201  0.00438428
  0.00049849  0.00080669    0.00020201 -0.00438428    0.14745339  0.00000000
    1    2
 -0.00599625 -0.01845455   -0.07037303 -0.03797153   -0.03461387  0.07208384
 -0.07037303 -0.03797153   -0.00555915 -0.02290347   -0.00571386 -0.01758546
 -0.03461387  0.07208384   -0.00571386 -0.01758546   -0.00896488 -0.02179688
    2    1
 -0.00599625  0.01845455   -0.07037303  0.03797153   -0.03461387 -0.07208384
 -0.07037303  0.03797153   -0.00555915  0.02290347   -0.00571386  0.01758546
 -0.03461387 -0.07208384   -0.00571386  0.01758546   -0.00896488  0.02179688
    2    2
  0.13293354  0.00000000   -0.00049849  0.00080669    0.00049849  0.00080669
 -0.00049849 -0.00080669    0.14745339  0.00000000    0.00020201 -0.00438428
  0.00049849 -0.00080669    0.00020201  0.00438428    0.14745339 -0.00000000

     Dynamical  Matrix in cartesian axes

     q = (   -0.500000000   0.100000000   0.900000000 ) 

    1    1
  0.13293354  0.00000000   -0.00049849  0.00080669   -0.00049849 -0.00080669
 -0.00049849 -0.00080669    0.14745339  0.00000000   -0.00020201  0.00438428
 -0.00049849  0.00080669   -0.00020201 -0.00438428    0.14745339  0.00000000
    1    2
 -0.01940427  0.00000000   -0.05785953 -0.05519488   -0.05785953  0.05519488
 -0.05785953 -0.05519488   -0.02350036  0.00179050    0.01849045 -0.00000000
 -0.05785953  0.05519488    0.01849045 -0.00000000   -0.02350036 -0.00179050
    2    1
 -0.01940427 -0.00000000   -0.05785953  0.05519488   -0.05785953 -0.05519488
 -0.05785953  0.05519488   -0.02350036 -0.00179050    0.01849045  0.00000000
 -0.05785953 -0.05519488    0.01849045  0.00000000   -0.02350036  0.00179050
    2    2
  0.13293354  0.00000000   -0.00049849 -0.00080669   -0.00049849  0.00080669
 -0.00049849  0.00080669    0.14745339  0.00000000   -0.00020201 -0.00438428
 -0.00049849 -0.00080669   -0.00020201  0.00438428    0.14745339  0.00000000

     Dynamical  Matrix in cartesian axes

     q = (   -0.500000000  -0.100000000  -0.900000000 ) 

    1    1
  0.13293354  0.00000000    0.00049849 -0.00080669    0.00049849  0.00080669
  0.00049849  0.00080669    0.14745339  0.00000000   -0.00020201  0.00438428
  0.00049849 -0.00080669   -0.00020201 -0.00438428    0.14745339  0.00000000
    1    2
  0.01940427  0.00000000   -0.05785953 -0.05519488   -0.05785953  0.05519488
 -0.05785953 -0.05519488    0.02350036 -0.00179050   -0.01849045  0.00000000
 -0.05785953  0.05519488   -0.01849045  0.00000000    0.02350036  0.00179050
    2    1
  0.01940427  0.00000000   -0.05785953  0.05519488   -0.05785953 -0.05519488
 -0.05785953  0.05519488    0.02350036  0.00179050   -0.01849045  0.00000000
 -0.05785953 -0.05519488   -0.01849045  0.00000000    0.02350036 -0.00179050
    2    2
  0.13293354 -0.00000000    0.00049849  0.00080669    0.00049849 -0.00080669
  0.00049849 -0.00080669    0.14745339 -0.00000000   -0.00020201 -0.00438428
  0.00049849  0.00080669   -0.00020201  0.00438428    0.14745339 -0.00000000

     Dynamical  Matrix in cartesian axes

     q = (    0.900000000  -0.100000000   0.500000000 ) 

    1    1
  0.14745339  0.00000000    0.00020201  0.00438428    0.00049849 -0.00080669
  0.00020201 -0.00438428    0.14745339  0.00000000   -0.00049849 -0.00080669
  0.00049849  0.00080669   -0.00049849  0.00080669    0.13293354  0.00000000
    1    2
 -0.00896488  0.02179688   -0.00571386  0.01758546   -0.03461387 -0.07208384
 -0.00571386  0.01758546   -0.00555915  0.02290347   -0.07037303  0.03797153
 -0.03461387 -0.07208384   -0.07037303  0.03797153   -0.00599625  0.01845455
    2    1
 -0.00896488 -0.02179688   -0.00571386 -0.01758546   -0.03461387  0.07208384
 -0.00571386 -0.01758546   -0.00555915 -0.02290347   -0.07037303 -0.03797153
 -0.03461387  0.07208384   -0.07037303 -0.03797153   -0.00599625 -0.01845455
    2    2
  0.14745339  0.00000000    0.00020201 -0.00438428    0.00049849  0.00080669
  0.00020201  0.00438428    0.14745339  0.00000000   -0.00049849  0.00080669
  0.00049849 -0.00080669   -0.00049849 -0.00080669    0.13293354  0.00000000

     Dynamical  Matrix in cartesian axes

     q = (    0.900000000   0.100000000   0.500000000 ) 

    1    1
  0.14745339  0.00000000   -0.00020201  0.00438428    0.00049849  0.00080669
 -0.00020201 -0.00438428    0.14745339 -0.00000000    0.00049849 -0.00080669
  0.00049849 -0.00080669    0.00049849  0.00080669    0.13293354 -0.00000000
    1    2
  0.02350036 -0.00179050   -0.01849045 -0.00000000   -0.05785953 -0.05519488
 -0.01849045  0.00000000    0.02350036  0.00179050   -0.05785953  0.05519488
 -0.05785953 -0.05519488   -0.05785953  0.05519488    0.01940427 -0.00000000
    2    1
  0.02350036  0.00179050   -0.01849045  0.00000000   -0.05785953  0.05519488
 -0.01849045 -0.00000000    0.02350036 -0.00179050   -0.05785953 -0.05519488
 -0.05785953  0.05519488   -0.05785953 -0.05519488    0.01940427  0.00000000
    2    2
  0.14745339 -0.00000000   -0.00020201 -0.00438428    0.00049849 -0.00080669
 -0.00020201  0.00438428    0.14745339  0.00000000    0.00049849  0.00080669
  0.00049849  0.00080669    0.00049849 -0.00080669    0.13293354  0.00000000

     Dynamical  Matrix in cartesian axes

     q = (   -0.900000000   0.100000000   0.500000000 ) 

    1    1
  0.14745339  0.00000000    0.00020201  0.00438428   -0.00049849  0.00080669
  0.00020201 -0.00438428    0.14745339  0.00000000    0.00049849  0.00080669
 -0.00049849 -0.00080669    0.00049849 -0.00080669    0.13293354  0.00000000
    1    2
 -0.00555915 -0.02290347   -0.00571386 -0.01758546   -0.07037303 -0.03797153
 -0.00571386 -0.01758546   -0.00896488 -0.02179688   -0.03461387  0.07208384
 -0.07037303 -0.03797153   -0.03461387  0.07208384   -0.00599625 -0.01845455
    2    1
 -0.00555915  0.02290347   -0.00571386  0.01758546   -0.07037303  0.03797153
 -0.00571386  0.01758546   -0.00896488  0.02179688   -0.03461387 -0.07208384
 -0.07037303  0.03797153   -0.03461387 -0.07208384   -0.00599625  0.01845455
    2    2
  0.14745339  0.00000000    0.00020201 -0.00438428   -0.00049849 -0.00080669
  0.00020201  0.00438428    0.14745339  0.00000000    0.00049849 -0.00080669
 -0.00049849  0.00080669    0.00049849  0.00080669    0.13293354  0.00000000

     Dynamical  Matrix in cartesian axes

     q = (    0.900000000   0.100000000  -0.500000000 ) 

    1    1
  0.14745339 -0.00000000   -0.00020201 -0.00438428   -0.00049849  0.00080669
 -0.00020201  0.00438428    0.14745339  0.00000000   -0.00049849 -0.00080669
 -0.00049849 -0.00080669   -0.00049849  0.00080669    0.13293354 -0.00000000
    1    2
 -0.02350036 -0.00179050    0.01849045 -0.00000000   -0.05785953  0.05519488
  0.01849045  0.00000000   -0.02350036  0.00179050   -0.05785953 -0.05519488
 -0.05785953  0.05519488   -0.05785953 -0.05519488   -0.01940427  0.00000000
    2    1
 -0.02350036  0.00179050    0.01849045  0.00000000   -0.05785953 -0.05519488
  0.01849045 -0.00000000   -0.02350036 -0.00179050   -0.05785953  0.05519488
 -0.05785953 -0.05519488   -0.05785953  0.05519488   -0.01940427 -0.00000000
    2    2
  0.14745339  0.00000000   -0.00020201  0.00438428   -0.00049849 -0.00080669
 -0.00020201 -0.00438428    0.14745339 -0.00000000   -0.00049849  0.00080669
 -0.00049849  0.00080669   -0.00049849 -0.00080669    0.13293354  0.00000000

     Dynamical  Matrix in cartesian axes

     q = (   -0.900000000   0.100000000  -0.500000000 ) 

    1    1
  0.14745339  0.00000000    0.00020201 -0.00438428    0.00049849  0.00080669
  0.00020201  0.00438428    0.14745339  0.00000000   -0.00049849  0.00080669
  0.00049849 -0.00080669   -0.00049849 -0.00080669    0.13293354  0.00000000
    1    2
 -0.00896488 -0.02179688   -0.00571386 -0.01758546   -0.03461387  0.07208384
 -0.00571386 -0.01758546   -0.00555915 -0.02290347   -0.07037303 -0.03797153
 -0.03461387  0.07208384   -0.07037303 -0.03797153   -0.00599625 -0.01845455
    2    1
 -0.00896488  0.02179688   -0.00571386  0.01758546   -0.03461387 -0.07208384
 -0.00571386  0.01758546   -0.00555915  0.02290347   -0.07037303  0.03797153
 -0.03461387 -0.07208384   -0.07037303  0.03797153   -0.00599625  0.01845455
    2    2
  0.14745339  0.00000000    0.00020201  0.00438428    0.00049849 -0.00080669
  0.00020201 -0.00438428    0.14745339  0.00000000   -0.00049849 -0.00080669
  0.00049849  0.00080669   -0.00049849  0.00080669    0.13293354  0.00000000

     Dynamical  Matrix in cartesian axes

     q = (   -0.100000000   0.500000000  -0.900000000 ) 

    1    1
  0.14745339  0.00000000   -0.00049849  0.00080669   -0.00020201 -0.00438428
 -0.00049849 -0.00080669    0.13293354  0.00000000   -0.00049849  0.00080669
 -0.00020201  0.00438428   -0.00049849 -0.00080669    0.14745339  0.00000000
    1    2
 -0.02350036 -0.00179050   -0.05785953  0.05519488    0.01849045  0.00000000
 -0.05785953  0.05519488   -0.01940427 -0.00000000   -0.05785953 -0.05519488
  0.01849045  0.00000000   -0.05785953 -0.05519488   -0.02350036  0.00179050
    2    1
 -0.02350036  0.00179050   -0.05785953 -0.05519488    0.01849045 -0.00000000
 -0.05785953 -0.05519488   -0.01940427  0.00000000   -0.05785953  0.05519488
  0.01849045 -0.00000000   -0.05785953  0.05519488   -0.02350036 -0.00179050
    2    2
  0.14745339  0.00000000   -0.00049849 -0.00080669   -0.00020201  0.00438428
 -0.00049849  0.00080669    0.13293354  0.00000000   -0.00049849 -0.00080669
 -0.00020201 -0.00438428   -0.00049849  0.00080669    0.14745339  0.00000000

     Dynamical  Matrix in cartesian axes

     q = (    0.900000000   0.500000000  -0.100000000 ) 

    1    1
  0.14745339 -0.00000000    0.00049849 -0.00080669    0.00020201  0.00438428
  0.00049849  0.00080669    0.13293354 -0.00000000   -0.00049849  0.00080669
  0.00020201 -0.00438428   -0.00049849 -0.00080669    0.14745339  0.00000000
    1    2
 -0.00896488  0.02179688   -0.03461387 -0.07208384   -0.00571386  0.01758546
 -0.03461387 -0.07208384   -0.00599625  0.01845455   -0.07037303  0.03797153
 -0.00571386  0.01758546   -0.07037303  0.03797153   -0.00555915  0.02290347
    2    1
 -0.00896488 -0.02179688   -0.03461387  0.07208384   -0.00571386 -0.01758546
 -0.03461387  0.07208384   -0.00599625 -0.01845455   -0.07037303 -0.03797153
 -0.00571386 -0.01758546   -0.07037303 -0.03797153   -0.00555915 -0.02290347
    2    2
  0.14745339  0.00000000    0.00049849  0.00080669    0.00020201 -0.00438428
  0.00049849 -0.00080669    0.13293354  0.00000000   -0.00049849 -0.00080669
  0.00020201  0.00438428   -0.00049849  0.00080669    0.14745339  0.00000000

     Dynamical  Matrix in cartesian axes

     q = (   -0.900000000  -0.500000000  -0.100000000 ) 

    1    1
  0.14745339 -0.00000000    0.00049849 -0.00080669   -0.00020201 -0.00438428
  0.00049849  0.00080669    0.13293354  0.00000000    0.00049849 -0.00080669
 -0.00020201  0.00438428    0.00049849  0.00080669    0.14745339 -0.00000000
    1    2
  0.02350036  0.00179050   -0.05785953  0.05519488   -0.01849045  0.00000000
 -0.05785953  0.05519488    0.01940427  0.00000000   -0.05785953 -0.05519488
 -0.01849045 -0.00000000   -0.05785953 -0.05519488    0.02350036 -0.00179050
    2    1
  0.02350036 -0.00179050   -0.05785953 -0.05519488   -0.01849045 -0.00000000
 -0.05785953 -0.05519488    0.01940427 -0.00000000   -0.05785953  0.05519488
 -0.01849045  0.00000000   -0.05785953  0.05519488    0.02350036  0.00179050
    2    2
  0.14745339  0.00000000    0.00049849  0.00080669   -0.00020201  0.00438428
  0.00049849 -0.00080669    0.13293354 -0.00000000    0.00049849  0.00080669
 -0.00020201 -0.00438428    0.00049849 -0.00080669    0.14745339  0.00000000

     Dynamical  Matrix in cartesian axes

     q = (   -0.900000000   0.500000000   0.100000000 ) 

    1    1
  0.14745339  0.00000000   -0.00049849  0.00080669    0.00020201  0.00438428
 -0.00049849 -0.00080669    0.13293354  0.00000000    0.00049849 -0.00080669
  0.00020201 -0.00438428    0.00049849  0.00080669    0.14745339  0.00000000
    1    2
 -0.00555915 -0.02290347   -0.07037303 -0.03797153   -0.00571386 -0.01758546
 -0.07037303 -0.03797153   -0.00599625 -0.01845455   -0.03461387  0.07208384
 -0.00571386 -0.01758546   -0.03461387  0.07208384   -0.00896488 -0.02179688
    2    1
 -0.00555915  0.02290347   -0.07037303  0.03797153   -0.00571386  0.01758546
 -0.07037303  0.03797153   -0.00599625  0.01845455   -0.03461387 -0.07208384
 -0.00571386  0.01758546   -0.03461387 -0.07208384   -0.00896488  0.02179688
    2    2
  0.14745339  0.00000000   -0.00049849 -0.00080669    0.00020201 -0.00438428
 -0.00049849  0.00080669    0.13293354  0.00000000    0.00049849  0.00080669
  0.00020201  0.00438428    0.00049849 -0.00080669    0.14745339  0.00000000

     Dynamical  Matrix in cartesian axes

     q = (    0.100000000  -0.500000000   0.900000000 ) 

    1    1
  0.14745339  0.00000000   -0.00049849 -0.00080669   -0.00020201  0.00438428
 -0.00049849  0.00080669    0.13293354  0.00000000   -0.00049849 -0.00080669
 -0.00020201 -0.00438428   -0.00049849  0.00080669    0.14745339  0.00000000
    1    2
 -0.02350036  0.00179050   -0.05785953 -0.05519488    0.01849045 -0.00000000
 -0.05785953 -0.05519488   -0.01940427  0.00000000   -0.05785953  0.05519488
  0.01849045 -0.00000000   -0.05785953  0.05519488   -0.02350036 -0.00179050
    2    1
 -0.02350036 -0.00179050   -0.05785953  0.05519488    0.01849045  0.00000000
 -0.05785953  0.05519488   -0.01940427 -0.00000000   -0.05785953 -0.05519488
  0.01849045  0.00000000   -0.05785953 -0.05519488   -0.02350036  0.00179050
    2    2
  0.14745339  0.00000000   -0.00049849  0.00080669   -0.00020201 -0.00438428
 -0.00049849 -0.00080669    0.13293354  0.00000000   -0.00049849  0.00080669
 -0.00020201  0.00438428   -0.00049849 -0.00080669    0.14745339  0.00000000

     Dynamical  Matrix in cartesian axes

     q = (   -0.100000000   0.500000000   0.900000000 ) 

    1    1
  0.14745339  0.00000000   -0.00049849 -0.00080669    0.00020201 -0.00438428
 -0.00049849  0.00080669    0.13293354  0.00000000    0.00049849  0.00080669
  0.00020201  0.00438428    0.00049849 -0.00080669    0.14745339  0.00000000
    1    2
 -0.00555915  0.02290347   -0.07037303  0.03797153   -0.00571386  0.01758546
 -0.07037303  0.03797153   -0.00599625  0.01845455   -0.03461387 -0.07208384
 -0.00571386  0.01758546   -0.03461387 -0.07208384   -0.00896488  0.02179688
    2    1
 -0.00555915 -0.02290347   -0.07037303 -0.03797153   -0.00571386 -0.01758546
 -0.07037303 -0.03797153   -0.00599625 -0.01845455   -0.03461387  0.07208384
 -0.00571386 -0.01758546   -0.03461387  0.07208384   -0.00896488 -0.02179688
    2    2
  0.14745339  0.00000000   -0.00049849  0.00080669    0.00020201  0.00438428
 -0.00049849 -0.00080669    0.13293354  0.00000000    0.00049849 -0.00080669
  0.00020201 -0.00438428    0.00049849  0.00080669    0.14745339  0.00000000

     Dynamical  Matrix in cartesian axes

     q = (    0.100000000   0.500000000  -0.900000000 ) 

    1    1
  0.14745339  0.00000000    0.00049849  0.00080669    0.00020201 -0.00438428
  0.00049849 -0.00080669    0.13293354  0.00000000   -0.00049849 -0.00080669
  0.00020201  0.00438428   -0.00049849  0.00080669    0.14745339  0.00000000
    1    2
 -0.00896488 -0.02179688   -0.03461387  0.07208384   -0.00571386 -0.01758546
 -0.03461387  0.07208384   -0.00599625 -0.01845455   -0.07037303 -0.03797153
 -0.00571386 -0.01758546   -0.07037303 -0.03797153   -0.00555915 -0.02290347
    2    1
 -0.00896488  0.02179688   -0.03461387 -0.07208384   -0.00571386  0.01758546
 -0.03461387 -0.07208384   -0.00599625  0.01845455   -0.07037303  0.03797153
 -0.00571386  0.01758546   -0.07037303  0.03797153   -0.00555915  0.02290347
    2    2
  0.14745339 -0.00000000    0.00049849 -0.00080669    0.00020201  0.00438428
  0.00049849  0.00080669    0.13293354 -0.00000000   -0.00049849  0.00080669
  0.00020201 -0.00438428   -0.00049849 -0.00080669    0.14745339  0.00000000

     Dynamical  Matrix in cartesian axes

     q = (   -0.100000000  -0.500000000  -0.900000000 ) 

    1    1
  0.14745339  0.00000000    0.00049849  0.00080669   -0.00020201  0.00438428
  0.00049849 -0.00080669    0.13293354 -0.00000000    0.00049849  0.00080669
 -0.00020201 -0.00438428    0.00049849 -0.00080669    0.14745339  0.00000000
    1    2
  0.02350036 -0.00179050   -0.05785953 -0.05519488   -0.01849045 -0.00000000
 -0.05785953 -0.05519488    0.01940427 -0.00000000   -0.05785953  0.05519488
 -0.01849045  0.00000000   -0.05785953  0.05519488    0.02350036  0.00179050
    2    1
  0.02350036  0.00179050   -0.05785953  0.05519488   -0.01849045  0.00000000
 -0.05785953  0.05519488    0.01940427  0.00000000   -0.05785953 -0.05519488
 -0.01849045 -0.00000000   -0.05785953 -0.05519488    0.02350036 -0.00179050
    2    2
  0.14745339 -0.00000000    0.00049849 -0.00080669   -0.00020201 -0.00438428
  0.00049849  0.00080669    0.13293354  0.00000000    0.00049849 -0.00080669
 -0.00020201  0.00438428    0.00049849  0.00080669    0.14745339 -0.00000000

     Dynamical  Matrix in cartesian axes

     q = (   -0.500000000  -0.900000000  -0.100000000 ) 

    1    1
  0.13293354 -0.00000000    0.00049849  0.00080669    0.00049849 -0.00080669
  0.00049849 -0.00080669    0.14745339 -0.00000000   -0.00020201 -0.00438428
  0.00049849  0.00080669   -0.00020201  0.00438428    0.14745339 -0.00000000
    1    2
  0.01940427  0.00000000   -0.05785953  0.05519488   -0.05785953 -0.05519488
 -0.05785953  0.05519488    0.02350036  0.00179050   -0.01849045  0.00000000
 -0.05785953 -0.05519488   -0.01849045  0.00000000    0.02350036 -0.00179050
    2    1
  0.01940427  0.00000000   -0.05785953 -0.05519488   -0.05785953  0.05519488
 -0.05785953 -0.05519488    0.02350036 -0.00179050   -0.01849045  0.00000000
 -0.05785953  0.05519488   -0.01849045  0.00000000    0.02350036  0.00179050
    2    2
  0.13293354  0.00000000    0.00049849 -0.00080669    0.00049849  0.00080669
  0.00049849  0.00080669    0.14745339  0.00000000   -0.00020201  0.00438428
  0.00049849 -0.00080669   -0.00020201 -0.00438428    0.14745339  0.00000000

     Diagonalizing the dynamical matrix

     q = (    0.500000000  -0.100000000   0.900000000 ) 

 **************************************************************************
     freq (    1) =       1.509919 [THz] =      50.365492 [cm-1]
 ( -0.151597 -0.529504  0.096896 -0.298216  0.240037  0.201752 ) 
 (  0.456742 -0.307803  0.117702 -0.290634 -0.313563  0.000000 ) 
     freq (    2) =       1.653843 [THz] =      55.166277 [cm-1]
 ( -0.290772 -0.361879 -0.116548  0.358698 -0.375380  0.036570 ) 
 ( -0.254314  0.388367 -0.150779 -0.345707 -0.377158  0.000000 ) 
     freq (    3) =       3.553928 [THz] =     118.546268 [cm-1]
 (  0.127684 -0.068684 -0.151226  0.465425  0.471700  0.130341 ) 
 ( -0.104779 -0.100210  0.021802  0.488891 -0.489377  0.000000 ) 
     freq (    4) =       3.986172 [THz] =     132.964391 [cm-1]
 (  0.119702 -0.070134 -0.151505  0.466286  0.480832  0.095794 ) 
 (  0.103692  0.092171 -0.057480 -0.486901  0.490282  0.000000 ) 
     freq (    5) =       5.066883 [THz] =     169.013026 [cm-1]
 ( -0.137197 -0.494623  0.106269 -0.327062  0.259562  0.225589 ) 
 ( -0.428018  0.283329 -0.134339  0.316569  0.343893  0.000000 ) 
     freq (    6) =       5.136719 [THz] =     171.342489 [cm-1]
 ( -0.264484 -0.327788 -0.124109  0.381967 -0.399569  0.040575 ) 
 (  0.230015 -0.352831  0.162063  0.367474  0.401624  0.000000 ) 
 **************************************************************************
