Dynamical matrix file
                                                                           
  1    2  2 12.5600000  0.0000000  0.0000000  0.0000000  0.0000000  0.0000000
           1  'Sn  '    108197.54598352207     
    1    1      0.0000000000      0.0000000000      0.0000000000
    2    1      0.2500000000      0.2500000000      0.2500000000

     Dynamical  Matrix in cartesian axes

     q = (    0.000000000   0.200000000   0.000000000 ) 

    1    1
  0.14332704  0.00000000    0.00000000  0.00000000    0.00000000  0.00000000
  0.00000000  0.00000000    0.15037792  0.00000000    0.00000000  0.00000000
  0.00000000  0.00000000    0.00000000  0.00000000    0.14332704  0.00000000
    1    2
 -0.12958068  0.04210331    0.00000000  0.00000000   -0.00916456 -0.02820563
  0.00000000  0.00000000   -0.13401658  0.04354463   -0.00000000  0.00000000
 -0.00916456 -0.02820563   -0.00000000  0.00000000   -0.12958068  0.04210331
    2    1
 -0.12958068 -0.04210331    0.00000000 -0.00000000   -0.00916456  0.02820563
  0.00000000 -0.00000000   -0.13401658 -0.04354463   -0.00000000 -0.00000000
 -0.00916456  0.02820563   -0.00000000 -0.00000000   -0.12958068 -0.04210331
    2    2
  0.14332704  0.00000000    0.00000000  0.00000000    0.00000000 -0.00000000
  0.00000000  0.00000000    0.15037792  0.00000000    0.00000000  0.00000000
  0.00000000 -0.00000000    0.00000000  0.00000000    0.14332704  0.00000000

     Dynamical  Matrix in cartesian axes

     q = (    0.000000000  -0.200000000   0.000000000 ) 

    1    1
  0.14332704  0.00000000    0.00000000  0.00000000    0.00000000 -0.00000000
  0.00000000  0.00000000    0.15037792  0.00000000    0.00000000  0.00000000
  0.00000000 -0.00000000    0.00000000  0.00000000    0.14332704  0.00000000
    1    2
 -0.12958068 -0.04210331    0.00000000 -0.00000000   -0.00916456  0.02820563
  0.00000000 -0.00000000   -0.13401658 -0.04354463    0.00000000 -0.00000000
 -0.00916456  0.02820563    0.00000000 -0.00000000   -0.12958068 -0.04210331
    2    1
 -0.12958068  0.04210331    0.00000000  0.00000000   -0.00916456 -0.02820563
  0.00000000  0.00000000   -0.13401658  0.04354463    0.00000000  0.00000000
 -0.00916456 -0.02820563    0.00000000  0.00000000   -0.12958068  0.04210331
    2    2
  0.14332704  0.00000000    0.00000000  0.00000000    0.00000000  0.00000000
  0.00000000  0.00000000    0.15037792  0.00000000    0.00000000  0.00000000
  0.00000000  0.00000000    0.00000000  0.00000000    0.14332704  0.00000000

     Dynamical  Matrix in cartesian axes

     q = (    0.200000000   0.000000000   0.000000000 ) 

    1    1
  0.15037792  0.00000000    0.00000000  0.00000000   -0.00000000  0.00000000
 -0.00000000  0.00000000    0.14332704  0.00000000   -0.00000000  0.00000000
  0.00000000  0.00000000    0.00000000  0.00000000    0.14332704  0.00000000
    1    2
 -0.13401658  0.04354463   -0.00000000  0.00000000    0.00000000  0.00000000
 -0.00000000  0.00000000   -0.12958068  0.04210331   -0.00916456 -0.02820563
  0.00000000  0.00000000   -0.00916456 -0.02820563   -0.12958068  0.04210331
    2    1
 -0.13401658 -0.04354463   -0.00000000  0.00000000    0.00000000  0.00000000
 -0.00000000  0.00000000   -0.12958068 -0.04210331   -0.00916456  0.02820563
  0.00000000  0.00000000   -0.00916456  0.02820563   -0.12958068 -0.04210331
    2    2
  0.15037792  0.00000000    0.00000000  0.00000000   -0.00000000  0.00000000
 -0.00000000  0.00000000    0.14332704  0.00000000   -0.00000000 -0.00000000
  0.00000000  0.00000000    0.00000000 -0.00000000    0.14332704  0.00000000

     Dynamical  Matrix in cartesian axes

     q = (   -0.200000000   0.000000000   0.000000000 ) 

    1    1
  0.15037792  0.00000000    0.00000000  0.00000000   -0.00000000  0.00000000
 -0.00000000  0.00000000    0.14332704  0.00000000   -0.00000000 -0.00000000
  0.00000000  0.00000000    0.00000000 -0.00000000    0.14332704  0.00000000
    1    2
 -0.13401658 -0.04354463    0.00000000  0.00000000    0.00000000  0.00000000
 -0.00000000  0.00000000   -0.12958068 -0.04210331   -0.00916456  0.02820563
  0.00000000  0.00000000   -0.00916456  0.02820563   -0.12958068 -0.04210331
    2    1
 -0.13401658  0.04354463    0.00000000 -0.00000000    0.00000000  0.00000000
 -0.00000000 -0.00000000   -0.12958068  0.04210331   -0.00916456 -0.02820563
  0.00000000 -0.00000000   -0.00916456 -0.02820563   -0.12958068  0.04210331
    2    2
  0.15037792  0.00000000    0.00000000  0.00000000   -0.00000000  0.00000000
 -0.00000000  0.00000000    0.14332704  0.00000000   -0.00000000  0.00000000
  0.00000000  0.00000000    0.00000000  0.00000000    0.14332704  0.00000000

     Dynamical  Matrix in cartesian axes

     q = (    0.000000000   0.000000000   0.200000000 ) 

    1    1
  0.14332704  0.00000000   -0.00000000  0.00000000    0.00000000  0.00000000
 -0.00000000  0.00000000    0.14332704  0.00000000    0.00000000  0.00000000
 -0.00000000  0.00000000   -0.00000000  0.00000000    0.15037792  0.00000000
    1    2
 -0.12958068  0.04210331   -0.00916456 -0.02820563   -0.00000000  0.00000000
 -0.00916456 -0.02820563   -0.12958068  0.04210331   -0.00000000  0.00000000
  0.00000000 -0.00000000   -0.00000000  0.00000000   -0.13401658  0.04354463
    2    1
 -0.12958068 -0.04210331   -0.00916456  0.02820563   -0.00000000  0.00000000
 -0.00916456  0.02820563   -0.12958068 -0.04210331   -0.00000000  0.00000000
  0.00000000  0.00000000   -0.00000000  0.00000000   -0.13401658 -0.04354463
    2    2
  0.14332704  0.00000000   -0.00000000 -0.00000000    0.00000000  0.00000000
 -0.00000000 -0.00000000    0.14332704  0.00000000    0.00000000  0.00000000
 -0.00000000  0.00000000   -0.00000000  0.00000000    0.15037792  0.00000000

     Dynamical  Matrix in cartesian axes

     q = (    0.000000000   0.000000000  -0.200000000 ) 

    1    1
  0.14332704  0.00000000   -0.00000000 -0.00000000    0.00000000  0.00000000
 -0.00000000 -0.00000000    0.14332704  0.00000000    0.00000000  0.00000000
 -0.00000000  0.00000000   -0.00000000  0.00000000    0.15037792  0.00000000
    1    2
 -0.12958068 -0.04210331   -0.00916456  0.02820563    0.00000000  0.00000000
 -0.00916456  0.02820563   -0.12958068 -0.04210331   -0.00000000  0.00000000
  0.00000000 -0.00000000   -0.00000000 -0.00000000   -0.13401658 -0.04354463
    2    1
 -0.12958068  0.04210331   -0.00916456 -0.02820563    0.00000000  0.00000000
 -0.00916456 -0.02820563   -0.12958068  0.04210331   -0.00000000  0.00000000
  0.00000000  0.00000000   -0.00000000  0.00000000   -0.13401658  0.04354463
    2    2
  0.14332704  0.00000000   -0.00000000  0.00000000    0.00000000  0.00000000
 -0.00000000  0.00000000    0.14332704  0.00000000    0.00000000  0.00000000
 -0.00000000  0.00000000   -0.00000000  0.00000000    0.15037792  0.00000000

     Diagonalizing the dynamical matrix

     q = (    0.000000000   0.200000000   0.000000000 ) 

 **************************************************************************
     freq (    1) =       0.623593 [THz] =      20.800811 [cm-1]
 ( -0.629468  0.253366 -0.000000  0.000000 -0.172645 -0.098839 ) 
 ( -0.692806  0.073812 -0.000000 -0.000000 -0.120715  0.000000 ) 
     freq (    2) =       0.623593 [THz] =      20.800811 [cm-1]
 ( -0.061896  0.189062 -0.000000  0.000000  0.636989 -0.233814 ) 
 ( -0.120036  0.012789 -0.000000 -0.000000  0.696727  0.000000 ) 
     freq (    3) =       0.973008 [THz] =      32.456047 [cm-1]
 ( -0.000000  0.000000  0.702466  0.080882  0.000000 -0.000000 ) 
 ( -0.000000 -0.000000  0.643091  0.293997  0.000000  0.000000 ) 
     freq (    4) =       5.318392 [THz] =     177.402473 [cm-1]
 (  0.590003 -0.359552  0.000000  0.000000  0.078263  0.128425 ) 
 ( -0.687975  0.163372 -0.000000 -0.000000  0.000000 -0.000000 ) 
     freq (    5) =       5.318392 [THz] =     177.402473 [cm-1]
 ( -0.046474 -0.143033  0.000000 -0.000000 -0.657112  0.213509 ) 
 (  0.000000 -0.000000 -0.000000 -0.000000  0.707107  0.000000 ) 
     freq (    6) =       5.397965 [THz] =     180.056736 [cm-1]
 (  0.000000 -0.000000 -0.706420 -0.031149  0.000000  0.000000 ) 
 ( -0.000000  0.000000  0.662220  0.247920  0.000000  0.000000 ) 
 **************************************************************************
