Dynamical matrix file
                                                                           
  1    2  2 12.5600000  0.0000000  0.0000000  0.0000000  0.0000000  0.0000000
           1  'Sn  '    108197.54598352207     
    1    1      0.0000000000      0.0000000000      0.0000000000
    2    1      0.2500000000      0.2500000000      0.2500000000

     Dynamical  Matrix in cartesian axes

     q = (   -0.200000000   0.400000000   0.000000000 ) 

    1    1
  0.13981863  0.00000000   -0.00188203  0.00000000    0.00000000  0.00012542
 -0.00188203  0.00000000    0.15260062  0.00000000    0.00000000 -0.00091281
  0.00000000 -0.00012542    0.00000000  0.00091281    0.14499251  0.00000000
    1    2
 -0.10220773  0.03320931   -0.01833143  0.00595624   -0.01840812 -0.05665436
 -0.01833143  0.00595624   -0.10560958  0.03431463    0.00832914  0.02563447
 -0.01840812 -0.05665436    0.00832914  0.02563447   -0.10089383  0.03278239
    2    1
 -0.10220773 -0.03320931   -0.01833143 -0.00595624   -0.01840812  0.05665436
 -0.01833143 -0.00595624   -0.10560958 -0.03431463    0.00832914 -0.02563447
 -0.01840812  0.05665436    0.00832914 -0.02563447   -0.10089383 -0.03278239
    2    2
  0.13981863  0.00000000   -0.00188203  0.00000000    0.00000000 -0.00012542
 -0.00188203  0.00000000    0.15260062  0.00000000    0.00000000  0.00091281
  0.00000000  0.00012542    0.00000000 -0.00091281    0.14499251  0.00000000

     Dynamical  Matrix in cartesian axes

     q = (   -0.200000000  -0.400000000  -0.000000000 ) 

    1    1
  0.13981863  0.00000000    0.00188203  0.00000000    0.00000000 -0.00012542
  0.00188203  0.00000000    0.15260062  0.00000000    0.00000000 -0.00091281
  0.00000000  0.00012542    0.00000000  0.00091281    0.14499251  0.00000000
    1    2
 -0.06316785 -0.08694309    0.01132945  0.01559365   -0.04819308  0.03501432
  0.01132945  0.01559365   -0.06527031 -0.08983687   -0.02180598  0.01584297
 -0.04819308  0.03501432   -0.02180598  0.01584297   -0.06235582 -0.08582542
    2    1
 -0.06316785  0.08694309    0.01132945 -0.01559365   -0.04819308 -0.03501432
  0.01132945 -0.01559365   -0.06527031  0.08983687   -0.02180598 -0.01584297
 -0.04819308 -0.03501432   -0.02180598 -0.01584297   -0.06235582  0.08582542
    2    2
  0.13981863  0.00000000    0.00188203  0.00000000    0.00000000  0.00012542
  0.00188203  0.00000000    0.15260062  0.00000000    0.00000000  0.00091281
  0.00000000 -0.00012542    0.00000000 -0.00091281    0.14499251  0.00000000

     Dynamical  Matrix in cartesian axes

     q = (    0.200000000   0.400000000   0.000000000 ) 

    1    1
  0.13981863  0.00000000    0.00188203  0.00000000    0.00000000  0.00012542
  0.00188203  0.00000000    0.15260062  0.00000000    0.00000000  0.00091281
  0.00000000 -0.00012542    0.00000000 -0.00091281    0.14499251  0.00000000
    1    2
 -0.06316785  0.08694309    0.01132945 -0.01559365   -0.04819308 -0.03501432
  0.01132945 -0.01559365   -0.06527031  0.08983687   -0.02180598 -0.01584297
 -0.04819308 -0.03501432   -0.02180598 -0.01584297   -0.06235582  0.08582542
    2    1
 -0.06316785 -0.08694309    0.01132945  0.01559365   -0.04819308  0.03501432
  0.01132945  0.01559365   -0.06527031 -0.08983687   -0.02180598  0.01584297
 -0.04819308  0.03501432   -0.02180598  0.01584297   -0.06235582 -0.08582542
    2    2
  0.13981863  0.00000000    0.00188203  0.00000000    0.00000000 -0.00012542
  0.00188203  0.00000000    0.15260062  0.00000000    0.00000000 -0.00091281
  0.00000000  0.00012542    0.00000000  0.00091281    0.14499251  0.00000000

     Dynamical  Matrix in cartesian axes

     q = (   -0.000000000   0.400000000   0.200000000 ) 

    1    1
  0.14499251  0.00000000   -0.00000000 -0.00091281    0.00000000 -0.00012542
 -0.00000000  0.00091281    0.15260062  0.00000000    0.00188203  0.00000000
  0.00000000  0.00012542    0.00188203  0.00000000    0.13981863  0.00000000
    1    2
 -0.06235582  0.08582542   -0.02180598 -0.01584297   -0.04819308 -0.03501432
 -0.02180598 -0.01584297   -0.06527031  0.08983687    0.01132945 -0.01559365
 -0.04819308 -0.03501432    0.01132945 -0.01559365   -0.06316785  0.08694309
    2    1
 -0.06235582 -0.08582542   -0.02180598  0.01584297   -0.04819308  0.03501432
 -0.02180598  0.01584297   -0.06527031 -0.08983687    0.01132945  0.01559365
 -0.04819308  0.03501432    0.01132945  0.01559365   -0.06316785 -0.08694309
    2    2
  0.14499251  0.00000000   -0.00000000  0.00091281    0.00000000  0.00012542
 -0.00000000 -0.00091281    0.15260062  0.00000000    0.00188203  0.00000000
  0.00000000 -0.00012542    0.00188203  0.00000000    0.13981863  0.00000000

     Dynamical  Matrix in cartesian axes

     q = (   -0.000000000   0.400000000  -0.200000000 ) 

    1    1
  0.14499251  0.00000000    0.00000000  0.00091281    0.00000000 -0.00012542
 -0.00000000 -0.00091281    0.15260062  0.00000000   -0.00188203  0.00000000
  0.00000000  0.00012542   -0.00188203  0.00000000    0.13981863  0.00000000
    1    2
 -0.10089383  0.03278239    0.00832914  0.02563447   -0.01840812 -0.05665436
  0.00832914  0.02563447   -0.10560958  0.03431463   -0.01833143  0.00595624
 -0.01840812 -0.05665436   -0.01833143  0.00595624   -0.10220773  0.03320931
    2    1
 -0.10089383 -0.03278239    0.00832914 -0.02563447   -0.01840812  0.05665436
  0.00832914 -0.02563447   -0.10560958 -0.03431463   -0.01833143 -0.00595624
 -0.01840812  0.05665436   -0.01833143 -0.00595624   -0.10220773 -0.03320931
    2    2
  0.14499251  0.00000000    0.00000000 -0.00091281    0.00000000  0.00012542
 -0.00000000  0.00091281    0.15260062  0.00000000   -0.00188203  0.00000000
  0.00000000 -0.00012542   -0.00188203  0.00000000    0.13981863  0.00000000

     Dynamical  Matrix in cartesian axes

     q = (    0.200000000  -0.400000000  -0.000000000 ) 

    1    1
  0.13981863  0.00000000   -0.00188203  0.00000000    0.00000000 -0.00012542
 -0.00188203  0.00000000    0.15260062  0.00000000    0.00000000  0.00091281
  0.00000000  0.00012542    0.00000000 -0.00091281    0.14499251  0.00000000
    1    2
 -0.10220773 -0.03320931   -0.01833143 -0.00595624   -0.01840812  0.05665436
 -0.01833143 -0.00595624   -0.10560958 -0.03431463    0.00832914 -0.02563447
 -0.01840812  0.05665436    0.00832914 -0.02563447   -0.10089383 -0.03278239
    2    1
 -0.10220773  0.03320931   -0.01833143  0.00595624   -0.01840812 -0.05665436
 -0.01833143  0.00595624   -0.10560958  0.03431463    0.00832914  0.02563447
 -0.01840812 -0.05665436    0.00832914  0.02563447   -0.10089383  0.03278239
    2    2
  0.13981863  0.00000000   -0.00188203  0.00000000    0.00000000  0.00012542
 -0.00188203  0.00000000    0.15260062  0.00000000    0.00000000 -0.00091281
  0.00000000 -0.00012542    0.00000000  0.00091281    0.14499251  0.00000000

     Dynamical  Matrix in cartesian axes

     q = (    0.000000000  -0.400000000  -0.200000000 ) 

    1    1
  0.14499251  0.00000000   -0.00000000  0.00091281    0.00000000  0.00012542
 -0.00000000 -0.00091281    0.15260062  0.00000000    0.00188203  0.00000000
  0.00000000 -0.00012542    0.00188203  0.00000000    0.13981863  0.00000000
    1    2
 -0.06235582 -0.08582542   -0.02180598  0.01584297   -0.04819308  0.03501432
 -0.02180598  0.01584297   -0.06527031 -0.08983687    0.01132945  0.01559365
 -0.04819308  0.03501432    0.01132945  0.01559365   -0.06316785 -0.08694309
    2    1
 -0.06235582  0.08582542   -0.02180598 -0.01584297   -0.04819308 -0.03501432
 -0.02180598 -0.01584297   -0.06527031  0.08983687    0.01132945 -0.01559365
 -0.04819308 -0.03501432    0.01132945 -0.01559365   -0.06316785  0.08694309
    2    2
  0.14499251  0.00000000   -0.00000000 -0.00091281    0.00000000 -0.00012542
 -0.00000000  0.00091281    0.15260062  0.00000000    0.00188203  0.00000000
  0.00000000  0.00012542    0.00188203  0.00000000    0.13981863  0.00000000

     Dynamical  Matrix in cartesian axes

     q = (    0.000000000  -0.400000000   0.200000000 ) 

    1    1
  0.14499251  0.00000000    0.00000000 -0.00091281    0.00000000  0.00012542
 -0.00000000  0.00091281    0.15260062  0.00000000   -0.00188203  0.00000000
  0.00000000 -0.00012542   -0.00188203  0.00000000    0.13981863  0.00000000
    1    2
 -0.10089383 -0.03278239    0.00832914 -0.02563447   -0.01840812  0.05665436
  0.00832914 -0.02563447   -0.10560958 -0.03431463   -0.01833143 -0.00595624
 -0.01840812  0.05665436   -0.01833143 -0.00595624   -0.10220773 -0.03320931
    2    1
 -0.10089383  0.03278239    0.00832914  0.02563447   -0.01840812 -0.05665436
  0.00832914  0.02563447   -0.10560958  0.03431463   -0.01833143  0.00595624
 -0.01840812 -0.05665436   -0.01833143  0.00595624   -0.10220773  0.03320931
    2    2
  0.14499251  0.00000000    0.00000000  0.00091281    0.00000000 -0.00012542
 -0.00000000 -0.00091281    0.15260062  0.00000000   -0.00188203  0.00000000
  0.00000000  0.00012542   -0.00188203  0.00000000    0.13981863  0.00000000

     Dynamical  Matrix in cartesian axes

     q = (    0.400000000   0.000000000  -0.200000000 ) 

    1    1
  0.15260062  0.00000000   -0.00000000 -0.00091281   -0.00188203  0.00000000
 -0.00000000  0.00091281    0.14499251  0.00000000   -0.00000000 -0.00012542
 -0.00188203  0.00000000   -0.00000000  0.00012542    0.13981863  0.00000000
    1    2
 -0.10560958  0.03431463    0.00832914  0.02563447   -0.01833143  0.00595624
  0.00832914  0.02563447   -0.10089383  0.03278239   -0.01840812 -0.05665436
 -0.01833143  0.00595624   -0.01840812 -0.05665436   -0.10220773  0.03320931
    2    1
 -0.10560958 -0.03431463    0.00832914 -0.02563447   -0.01833143 -0.00595624
  0.00832914 -0.02563447   -0.10089383 -0.03278239   -0.01840812  0.05665436
 -0.01833143 -0.00595624   -0.01840812  0.05665436   -0.10220773 -0.03320931
    2    2
  0.15260062  0.00000000   -0.00000000  0.00091281   -0.00188203  0.00000000
 -0.00000000 -0.00091281    0.14499251  0.00000000   -0.00000000  0.00012542
 -0.00188203  0.00000000   -0.00000000 -0.00012542    0.13981863  0.00000000

     Dynamical  Matrix in cartesian axes

     q = (   -0.400000000   0.000000000   0.200000000 ) 

    1    1
  0.15260062  0.00000000   -0.00000000  0.00091281   -0.00188203  0.00000000
 -0.00000000 -0.00091281    0.14499251  0.00000000   -0.00000000  0.00012542
 -0.00188203  0.00000000   -0.00000000 -0.00012542    0.13981863  0.00000000
    1    2
 -0.10560958 -0.03431463    0.00832914 -0.02563447   -0.01833143 -0.00595624
  0.00832914 -0.02563447   -0.10089383 -0.03278239   -0.01840812  0.05665436
 -0.01833143 -0.00595624   -0.01840812  0.05665436   -0.10220773 -0.03320931
    2    1
 -0.10560958  0.03431463    0.00832914  0.02563447   -0.01833143  0.00595624
  0.00832914  0.02563447   -0.10089383  0.03278239   -0.01840812 -0.05665436
 -0.01833143  0.00595624   -0.01840812 -0.05665436   -0.10220773  0.03320931
    2    2
  0.15260062  0.00000000   -0.00000000 -0.00091281   -0.00188203  0.00000000
 -0.00000000  0.00091281    0.14499251  0.00000000   -0.00000000 -0.00012542
 -0.00188203  0.00000000   -0.00000000  0.00012542    0.13981863  0.00000000

     Dynamical  Matrix in cartesian axes

     q = (    0.400000000  -0.000000000   0.200000000 ) 

    1    1
  0.15260062  0.00000000    0.00000000  0.00091281    0.00188203  0.00000000
 -0.00000000 -0.00091281    0.14499251  0.00000000    0.00000000 -0.00012542
  0.00188203  0.00000000   -0.00000000  0.00012542    0.13981863  0.00000000
    1    2
 -0.06527031  0.08983687   -0.02180598 -0.01584297    0.01132945 -0.01559365
 -0.02180598 -0.01584297   -0.06235582  0.08582542   -0.04819308 -0.03501432
  0.01132945 -0.01559365   -0.04819308 -0.03501432   -0.06316785  0.08694309
    2    1
 -0.06527031 -0.08983687   -0.02180598  0.01584297    0.01132945  0.01559365
 -0.02180598  0.01584297   -0.06235582 -0.08582542   -0.04819308  0.03501432
  0.01132945  0.01559365   -0.04819308  0.03501432   -0.06316785 -0.08694309
    2    2
  0.15260062  0.00000000    0.00000000 -0.00091281    0.00188203  0.00000000
 -0.00000000  0.00091281    0.14499251  0.00000000    0.00000000  0.00012542
  0.00188203  0.00000000   -0.00000000 -0.00012542    0.13981863  0.00000000

     Dynamical  Matrix in cartesian axes

     q = (    0.400000000  -0.200000000  -0.000000000 ) 

    1    1
  0.15260062  0.00000000   -0.00188203  0.00000000   -0.00000000 -0.00091281
 -0.00188203  0.00000000    0.13981863  0.00000000   -0.00000000  0.00012542
 -0.00000000  0.00091281   -0.00000000 -0.00012542    0.14499251  0.00000000
    1    2
 -0.10560958  0.03431463   -0.01833143  0.00595624    0.00832914  0.02563447
 -0.01833143  0.00595624   -0.10220773  0.03320931   -0.01840812 -0.05665436
  0.00832914  0.02563447   -0.01840812 -0.05665436   -0.10089383  0.03278239
    2    1
 -0.10560958 -0.03431463   -0.01833143 -0.00595624    0.00832914 -0.02563447
 -0.01833143 -0.00595624   -0.10220773 -0.03320931   -0.01840812  0.05665436
  0.00832914 -0.02563447   -0.01840812  0.05665436   -0.10089383 -0.03278239
    2    2
  0.15260062  0.00000000   -0.00188203  0.00000000   -0.00000000  0.00091281
 -0.00188203  0.00000000    0.13981863  0.00000000   -0.00000000 -0.00012542
 -0.00000000 -0.00091281   -0.00000000  0.00012542    0.14499251  0.00000000

     Dynamical  Matrix in cartesian axes

     q = (    0.000000000  -0.200000000   0.400000000 ) 

    1    1
  0.14499251  0.00000000    0.00000000 -0.00012542   -0.00000000  0.00091281
  0.00000000  0.00012542    0.13981863  0.00000000   -0.00188203  0.00000000
 -0.00000000 -0.00091281   -0.00188203  0.00000000    0.15260062  0.00000000
    1    2
 -0.10089383  0.03278239   -0.01840812 -0.05665436    0.00832914  0.02563447
 -0.01840812 -0.05665436   -0.10220773  0.03320931   -0.01833143  0.00595624
  0.00832914  0.02563447   -0.01833143  0.00595624   -0.10560958  0.03431463
    2    1
 -0.10089383 -0.03278239   -0.01840812  0.05665436    0.00832914 -0.02563447
 -0.01840812  0.05665436   -0.10220773 -0.03320931   -0.01833143 -0.00595624
  0.00832914 -0.02563447   -0.01833143 -0.00595624   -0.10560958 -0.03431463
    2    2
  0.14499251  0.00000000    0.00000000  0.00012542   -0.00000000 -0.00091281
  0.00000000 -0.00012542    0.13981863  0.00000000   -0.00188203  0.00000000
 -0.00000000  0.00091281   -0.00188203  0.00000000    0.15260062  0.00000000

     Dynamical  Matrix in cartesian axes

     q = (    0.000000000   0.200000000  -0.400000000 ) 

    1    1
  0.14499251  0.00000000    0.00000000  0.00012542   -0.00000000 -0.00091281
  0.00000000 -0.00012542    0.13981863  0.00000000   -0.00188203  0.00000000
 -0.00000000  0.00091281   -0.00188203  0.00000000    0.15260062  0.00000000
    1    2
 -0.10089383 -0.03278239   -0.01840812  0.05665436    0.00832914 -0.02563447
 -0.01840812  0.05665436   -0.10220773 -0.03320931   -0.01833143 -0.00595624
  0.00832914 -0.02563447   -0.01833143 -0.00595624   -0.10560958 -0.03431463
    2    1
 -0.10089383  0.03278239   -0.01840812 -0.05665436    0.00832914  0.02563447
 -0.01840812 -0.05665436   -0.10220773  0.03320931   -0.01833143  0.00595624
  0.00832914  0.02563447   -0.01833143  0.00595624   -0.10560958  0.03431463
    2    2
  0.14499251  0.00000000    0.00000000 -0.00012542   -0.00000000  0.00091281
  0.00000000  0.00012542    0.13981863  0.00000000   -0.00188203  0.00000000
 -0.00000000 -0.00091281   -0.00188203  0.00000000    0.15260062  0.00000000

     Dynamical  Matrix in cartesian axes

     q = (   -0.000000000   0.200000000   0.400000000 ) 

    1    1
  0.14499251  0.00000000    0.00000000 -0.00012542   -0.00000000 -0.00091281
  0.00000000  0.00012542    0.13981863  0.00000000    0.00188203  0.00000000
 -0.00000000  0.00091281    0.00188203  0.00000000    0.15260062  0.00000000
    1    2
 -0.06235582  0.08582542   -0.04819308 -0.03501432   -0.02180598 -0.01584297
 -0.04819308 -0.03501432   -0.06316785  0.08694309    0.01132945 -0.01559365
 -0.02180598 -0.01584297    0.01132945 -0.01559365   -0.06527031  0.08983687
    2    1
 -0.06235582 -0.08582542   -0.04819308  0.03501432   -0.02180598  0.01584297
 -0.04819308  0.03501432   -0.06316785 -0.08694309    0.01132945  0.01559365
 -0.02180598  0.01584297    0.01132945  0.01559365   -0.06527031 -0.08983687
    2    2
  0.14499251  0.00000000    0.00000000  0.00012542   -0.00000000  0.00091281
  0.00000000 -0.00012542    0.13981863  0.00000000    0.00188203  0.00000000
 -0.00000000 -0.00091281    0.00188203  0.00000000    0.15260062  0.00000000

     Dynamical  Matrix in cartesian axes

     q = (   -0.000000000  -0.200000000  -0.400000000 ) 

    1    1
  0.14499251  0.00000000    0.00000000  0.00012542   -0.00000000  0.00091281
  0.00000000 -0.00012542    0.13981863  0.00000000    0.00188203  0.00000000
 -0.00000000 -0.00091281    0.00188203  0.00000000    0.15260062  0.00000000
    1    2
 -0.06235582 -0.08582542   -0.04819308  0.03501432   -0.02180598  0.01584297
 -0.04819308  0.03501432   -0.06316785 -0.08694309    0.01132945  0.01559365
 -0.02180598  0.01584297    0.01132945  0.01559365   -0.06527031 -0.08983687
    2    1
 -0.06235582  0.08582542   -0.04819308 -0.03501432   -0.02180598 -0.01584297
 -0.04819308 -0.03501432   -0.06316785  0.08694309    0.01132945 -0.01559365
 -0.02180598 -0.01584297    0.01132945 -0.01559365   -0.06527031  0.08983687
    2    2
  0.14499251  0.00000000    0.00000000 -0.00012542   -0.00000000 -0.00091281
  0.00000000  0.00012542    0.13981863  0.00000000    0.00188203  0.00000000
 -0.00000000  0.00091281    0.00188203  0.00000000    0.15260062  0.00000000

     Dynamical  Matrix in cartesian axes

     q = (   -0.400000000   0.200000000   0.000000000 ) 

    1    1
  0.15260062  0.00000000   -0.00188203  0.00000000   -0.00000000  0.00091281
 -0.00188203  0.00000000    0.13981863  0.00000000   -0.00000000 -0.00012542
 -0.00000000 -0.00091281   -0.00000000  0.00012542    0.14499251  0.00000000
    1    2
 -0.10560958 -0.03431463   -0.01833143 -0.00595624    0.00832914 -0.02563447
 -0.01833143 -0.00595624   -0.10220773 -0.03320931   -0.01840812  0.05665436
  0.00832914 -0.02563447   -0.01840812  0.05665436   -0.10089383 -0.03278239
    2    1
 -0.10560958  0.03431463   -0.01833143  0.00595624    0.00832914  0.02563447
 -0.01833143  0.00595624   -0.10220773  0.03320931   -0.01840812 -0.05665436
  0.00832914  0.02563447   -0.01840812 -0.05665436   -0.10089383  0.03278239
    2    2
  0.15260062  0.00000000   -0.00188203  0.00000000   -0.00000000 -0.00091281
 -0.00188203  0.00000000    0.13981863  0.00000000   -0.00000000  0.00012542
 -0.00000000  0.00091281   -0.00000000 -0.00012542    0.14499251  0.00000000

     Dynamical  Matrix in cartesian axes

     q = (   -0.400000000  -0.000000000  -0.200000000 ) 

    1    1
  0.15260062  0.00000000    0.00000000 -0.00091281    0.00188203  0.00000000
 -0.00000000  0.00091281    0.14499251  0.00000000    0.00000000  0.00012542
  0.00188203  0.00000000   -0.00000000 -0.00012542    0.13981863  0.00000000
    1    2
 -0.06527031 -0.08983687   -0.02180598  0.01584297    0.01132945  0.01559365
 -0.02180598  0.01584297   -0.06235582 -0.08582542   -0.04819308  0.03501432
  0.01132945  0.01559365   -0.04819308  0.03501432   -0.06316785 -0.08694309
    2    1
 -0.06527031  0.08983687   -0.02180598 -0.01584297    0.01132945 -0.01559365
 -0.02180598 -0.01584297   -0.06235582  0.08582542   -0.04819308 -0.03501432
  0.01132945 -0.01559365   -0.04819308 -0.03501432   -0.06316785  0.08694309
    2    2
  0.15260062  0.00000000    0.00000000  0.00091281    0.00188203  0.00000000
 -0.00000000 -0.00091281    0.14499251  0.00000000    0.00000000 -0.00012542
  0.00188203  0.00000000   -0.00000000  0.00012542    0.13981863  0.00000000

     Dynamical  Matrix in cartesian axes

     q = (   -0.400000000  -0.200000000   0.000000000 ) 

    1    1
  0.15260062  0.00000000    0.00188203  0.00000000    0.00000000 -0.00091281
  0.00188203  0.00000000    0.13981863  0.00000000   -0.00000000 -0.00012542
  0.00000000  0.00091281    0.00000000  0.00012542    0.14499251  0.00000000
    1    2
 -0.06527031 -0.08983687    0.01132945  0.01559365   -0.02180598  0.01584297
  0.01132945  0.01559365   -0.06316785 -0.08694309   -0.04819308  0.03501432
 -0.02180598  0.01584297   -0.04819308  0.03501432   -0.06235582 -0.08582542
    2    1
 -0.06527031  0.08983687    0.01132945 -0.01559365   -0.02180598 -0.01584297
  0.01132945 -0.01559365   -0.06316785  0.08694309   -0.04819308 -0.03501432
 -0.02180598 -0.01584297   -0.04819308 -0.03501432   -0.06235582  0.08582542
    2    2
  0.15260062  0.00000000    0.00188203  0.00000000    0.00000000  0.00091281
  0.00188203  0.00000000    0.13981863  0.00000000   -0.00000000  0.00012542
  0.00000000 -0.00091281    0.00000000 -0.00012542    0.14499251  0.00000000

     Dynamical  Matrix in cartesian axes

     q = (    0.400000000   0.200000000  -0.000000000 ) 

    1    1
  0.15260062  0.00000000    0.00188203  0.00000000    0.00000000  0.00091281
  0.00188203  0.00000000    0.13981863  0.00000000   -0.00000000  0.00012542
  0.00000000 -0.00091281    0.00000000 -0.00012542    0.14499251  0.00000000
    1    2
 -0.06527031  0.08983687    0.01132945 -0.01559365   -0.02180598 -0.01584297
  0.01132945 -0.01559365   -0.06316785  0.08694309   -0.04819308 -0.03501432
 -0.02180598 -0.01584297   -0.04819308 -0.03501432   -0.06235582  0.08582542
    2    1
 -0.06527031 -0.08983687    0.01132945  0.01559365   -0.02180598  0.01584297
  0.01132945  0.01559365   -0.06316785 -0.08694309   -0.04819308  0.03501432
 -0.02180598  0.01584297   -0.04819308  0.03501432   -0.06235582 -0.08582542
    2    2
  0.15260062  0.00000000    0.00188203  0.00000000    0.00000000 -0.00091281
  0.00188203  0.00000000    0.13981863  0.00000000   -0.00000000 -0.00012542
  0.00000000  0.00091281    0.00000000  0.00012542    0.14499251  0.00000000

     Dynamical  Matrix in cartesian axes

     q = (   -0.200000000  -0.000000000  -0.400000000 ) 

    1    1
  0.13981863  0.00000000    0.00000000 -0.00012542    0.00188203  0.00000000
  0.00000000  0.00012542    0.14499251  0.00000000    0.00000000  0.00091281
  0.00188203  0.00000000    0.00000000 -0.00091281    0.15260062  0.00000000
    1    2
 -0.06316785 -0.08694309   -0.04819308  0.03501432    0.01132945  0.01559365
 -0.04819308  0.03501432   -0.06235582 -0.08582542   -0.02180598  0.01584297
  0.01132945  0.01559365   -0.02180598  0.01584297   -0.06527031 -0.08983687
    2    1
 -0.06316785  0.08694309   -0.04819308 -0.03501432    0.01132945 -0.01559365
 -0.04819308 -0.03501432   -0.06235582  0.08582542   -0.02180598 -0.01584297
  0.01132945 -0.01559365   -0.02180598 -0.01584297   -0.06527031  0.08983687
    2    2
  0.13981863  0.00000000    0.00000000  0.00012542    0.00188203  0.00000000
  0.00000000 -0.00012542    0.14499251  0.00000000    0.00000000 -0.00091281
  0.00188203  0.00000000    0.00000000  0.00091281    0.15260062  0.00000000

     Dynamical  Matrix in cartesian axes

     q = (    0.200000000  -0.000000000  -0.400000000 ) 

    1    1
  0.13981863  0.00000000    0.00000000 -0.00012542   -0.00188203  0.00000000
  0.00000000  0.00012542    0.14499251  0.00000000    0.00000000 -0.00091281
 -0.00188203  0.00000000    0.00000000  0.00091281    0.15260062  0.00000000
    1    2
 -0.10220773 -0.03320931   -0.01840812  0.05665436   -0.01833143 -0.00595624
 -0.01840812  0.05665436   -0.10089383 -0.03278239    0.00832914 -0.02563447
 -0.01833143 -0.00595624    0.00832914 -0.02563447   -0.10560958 -0.03431463
    2    1
 -0.10220773  0.03320931   -0.01840812 -0.05665436   -0.01833143  0.00595624
 -0.01840812 -0.05665436   -0.10089383  0.03278239    0.00832914  0.02563447
 -0.01833143  0.00595624    0.00832914  0.02563447   -0.10560958  0.03431463
    2    2
  0.13981863  0.00000000    0.00000000  0.00012542   -0.00188203  0.00000000
  0.00000000 -0.00012542    0.14499251  0.00000000    0.00000000  0.00091281
 -0.00188203  0.00000000    0.00000000 -0.00091281    0.15260062  0.00000000

     Dynamical  Matrix in cartesian axes

     q = (   -0.200000000   0.000000000   0.400000000 ) 

    1    1
  0.13981863  0.00000000    0.00000000  0.00012542   -0.00188203  0.00000000
  0.00000000 -0.00012542    0.14499251  0.00000000    0.00000000  0.00091281
 -0.00188203  0.00000000    0.00000000 -0.00091281    0.15260062  0.00000000
    1    2
 -0.10220773  0.03320931   -0.01840812 -0.05665436   -0.01833143  0.00595624
 -0.01840812 -0.05665436   -0.10089383  0.03278239    0.00832914  0.02563447
 -0.01833143  0.00595624    0.00832914  0.02563447   -0.10560958  0.03431463
    2    1
 -0.10220773 -0.03320931   -0.01840812  0.05665436   -0.01833143 -0.00595624
 -0.01840812  0.05665436   -0.10089383 -0.03278239    0.00832914 -0.02563447
 -0.01833143 -0.00595624    0.00832914 -0.02563447   -0.10560958 -0.03431463
    2    2
  0.13981863  0.00000000    0.00000000 -0.00012542   -0.00188203  0.00000000
  0.00000000  0.00012542    0.14499251  0.00000000    0.00000000 -0.00091281
 -0.00188203  0.00000000    0.00000000  0.00091281    0.15260062  0.00000000

     Dynamical  Matrix in cartesian axes

     q = (    0.200000000  -0.000000000   0.400000000 ) 

    1    1
  0.13981863  0.00000000    0.00000000  0.00012542    0.00188203  0.00000000
  0.00000000 -0.00012542    0.14499251  0.00000000    0.00000000 -0.00091281
  0.00188203  0.00000000    0.00000000  0.00091281    0.15260062  0.00000000
    1    2
 -0.06316785  0.08694309   -0.04819308 -0.03501432    0.01132945 -0.01559365
 -0.04819308 -0.03501432   -0.06235582  0.08582542   -0.02180598 -0.01584297
  0.01132945 -0.01559365   -0.02180598 -0.01584297   -0.06527031  0.08983687
    2    1
 -0.06316785 -0.08694309   -0.04819308  0.03501432    0.01132945  0.01559365
 -0.04819308  0.03501432   -0.06235582 -0.08582542   -0.02180598  0.01584297
  0.01132945  0.01559365   -0.02180598  0.01584297   -0.06527031 -0.08983687
    2    2
  0.13981863  0.00000000    0.00000000 -0.00012542    0.00188203  0.00000000
  0.00000000  0.00012542    0.14499251  0.00000000    0.00000000  0.00091281
  0.00188203  0.00000000    0.00000000 -0.00091281    0.15260062  0.00000000

     Diagonalizing the dynamical matrix

     q = (   -0.200000000   0.400000000   0.000000000 ) 

 **************************************************************************
     freq (    1) =       1.015381 [THz] =      33.869451 [cm-1]
 ( -0.192070 -0.591132 -0.097651 -0.300539  0.111777 -0.036319 ) 
 (  0.000000 -0.621552  0.000000 -0.316005 -0.117530  0.000000 ) 
     freq (    2) =       1.398028 [THz] =      46.633184 [cm-1]
 ( -0.056664 -0.174394  0.026374  0.081169 -0.644401  0.209379 ) 
 ( -0.000000  0.183369 -0.000000 -0.085347 -0.677563  0.000000 ) 
     freq (    3) =       2.093730 [THz] =      69.839318 [cm-1]
 ( -0.088438 -0.272184  0.193078  0.594233  0.158294 -0.051433 ) 
 ( -0.000000 -0.286191  0.000000  0.624814 -0.166441  0.000000 ) 
     freq (    4) =       5.049257 [THz] =     168.425075 [cm-1]
 (  0.159357  0.490452 -0.136778 -0.420959 -0.185755  0.060356 ) 
 (  0.000000 -0.515692 -0.000000  0.442622 -0.195315  0.000000 ) 
     freq (    5) =       5.205171 [THz] =     173.625805 [cm-1]
 (  0.055077  0.169510 -0.030511 -0.093902  0.643974 -0.209240 ) 
 ( -0.000000  0.178234 -0.000000 -0.098734 -0.677115  0.000000 ) 
     freq (    6) =       5.248914 [THz] =     175.084928 [cm-1]
 ( -0.138348 -0.425791 -0.168351 -0.518131  0.049968 -0.016235 ) 
 ( -0.000000  0.447703 -0.000000  0.544795  0.052539  0.000000 ) 
 **************************************************************************
