Dynamical matrix file
                                                                           
  1    2  2 12.5600000  0.0000000  0.0000000  0.0000000  0.0000000  0.0000000
           1  'Sn  '    108197.54598352207     
    1    1      0.0000000000      0.0000000000      0.0000000000
    2    1      0.2500000000      0.2500000000      0.2500000000

     Dynamical  Matrix in cartesian axes

     q = (    0.300000000  -0.100000000   0.300000000 ) 

    1    1
  0.14515604  0.00000000   -0.00167652  0.00105809    0.00059721  0.00000000
 -0.00167652 -0.00105809    0.14758556  0.00000000   -0.00167652 -0.00105809
  0.00059721  0.00000000   -0.00167652  0.00105809    0.14515604  0.00000000
    1    2
 -0.08389177  0.07359037   -0.03299520 -0.02461435    0.02492907 -0.00752972
 -0.03299520 -0.02461435   -0.08659636  0.07553043   -0.03299520 -0.02461435
  0.02492907 -0.00752972   -0.03299520 -0.02461435   -0.08389177  0.07359037
    2    1
 -0.08389177 -0.07359037   -0.03299520  0.02461435    0.02492907  0.00752972
 -0.03299520  0.02461435   -0.08659636 -0.07553043   -0.03299520  0.02461435
  0.02492907  0.00752972   -0.03299520  0.02461435   -0.08389177 -0.07359037
    2    2
  0.14515604  0.00000000   -0.00167652 -0.00105809    0.00059721  0.00000000
 -0.00167652  0.00105809    0.14758556  0.00000000   -0.00167652  0.00105809
  0.00059721  0.00000000   -0.00167652 -0.00105809    0.14515604  0.00000000

     Dynamical  Matrix in cartesian axes

     q = (    0.300000000   0.100000000  -0.300000000 ) 

    1    1
  0.14515604  0.00000000    0.00167652 -0.00105809   -0.00059721  0.00000000
  0.00167652  0.00105809    0.14758556  0.00000000   -0.00167652 -0.00105809
 -0.00059721  0.00000000   -0.00167652  0.00105809    0.14515604  0.00000000
    1    2
 -0.11112520  0.01022552    0.01222572  0.03930752   -0.02459390 -0.00856127
  0.01222572  0.03930752   -0.11445360  0.01020534   -0.01222572 -0.03930752
 -0.02459390 -0.00856127   -0.01222572 -0.03930752   -0.11112520  0.01022552
    2    1
 -0.11112520 -0.01022552    0.01222572 -0.03930752   -0.02459390  0.00856127
  0.01222572 -0.03930752   -0.11445360 -0.01020534   -0.01222572  0.03930752
 -0.02459390  0.00856127   -0.01222572  0.03930752   -0.11112520 -0.01022552
    2    2
  0.14515604  0.00000000    0.00167652  0.00105809   -0.00059721  0.00000000
  0.00167652 -0.00105809    0.14758556  0.00000000   -0.00167652  0.00105809
 -0.00059721  0.00000000   -0.00167652 -0.00105809    0.14515604  0.00000000

     Dynamical  Matrix in cartesian axes

     q = (    0.300000000  -0.100000000  -0.300000000 ) 

    1    1
  0.14515604  0.00000000   -0.00167652 -0.00105809   -0.00059721  0.00000000
 -0.00167652  0.00105809    0.14758556  0.00000000    0.00167652 -0.00105809
 -0.00059721  0.00000000    0.00167652  0.00105809    0.14515604  0.00000000
    1    2
 -0.11112520 -0.01022552   -0.01222572  0.03930752   -0.02459390  0.00856127
 -0.01222572  0.03930752   -0.11445360 -0.01020534    0.01222572 -0.03930752
 -0.02459390  0.00856127    0.01222572 -0.03930752   -0.11112520 -0.01022552
    2    1
 -0.11112520  0.01022552   -0.01222572 -0.03930752   -0.02459390 -0.00856127
 -0.01222572 -0.03930752   -0.11445360  0.01020534    0.01222572  0.03930752
 -0.02459390 -0.00856127    0.01222572  0.03930752   -0.11112520  0.01022552
    2    2
  0.14515604  0.00000000   -0.00167652  0.00105809   -0.00059721  0.00000000
 -0.00167652 -0.00105809    0.14758556  0.00000000    0.00167652  0.00105809
 -0.00059721  0.00000000    0.00167652 -0.00105809    0.14515604  0.00000000

     Dynamical  Matrix in cartesian axes

     q = (   -0.300000000  -0.100000000   0.300000000 ) 

    1    1
  0.14515604  0.00000000    0.00167652  0.00105809   -0.00059721  0.00000000
  0.00167652 -0.00105809    0.14758556  0.00000000   -0.00167652  0.00105809
 -0.00059721  0.00000000   -0.00167652 -0.00105809    0.14515604  0.00000000
    1    2
 -0.11112520 -0.01022552    0.01222572 -0.03930752   -0.02459390  0.00856127
  0.01222572 -0.03930752   -0.11445360 -0.01020534   -0.01222572  0.03930752
 -0.02459390  0.00856127   -0.01222572  0.03930752   -0.11112520 -0.01022552
    2    1
 -0.11112520  0.01022552    0.01222572  0.03930752   -0.02459390 -0.00856127
  0.01222572  0.03930752   -0.11445360  0.01020534   -0.01222572 -0.03930752
 -0.02459390 -0.00856127   -0.01222572 -0.03930752   -0.11112520  0.01022552
    2    2
  0.14515604  0.00000000    0.00167652 -0.00105809   -0.00059721  0.00000000
  0.00167652  0.00105809    0.14758556  0.00000000   -0.00167652 -0.00105809
 -0.00059721  0.00000000   -0.00167652  0.00105809    0.14515604  0.00000000

     Dynamical  Matrix in cartesian axes

     q = (   -0.300000000  -0.100000000  -0.300000000 ) 

    1    1
  0.14515604  0.00000000    0.00167652 -0.00105809    0.00059721  0.00000000
  0.00167652  0.00105809    0.14758556  0.00000000    0.00167652  0.00105809
  0.00059721  0.00000000    0.00167652 -0.00105809    0.14515604  0.00000000
    1    2
 -0.04406462 -0.10252649   -0.03360571  0.02377405   -0.00054232  0.02603577
 -0.03360571  0.02377405   -0.04507396 -0.10569821   -0.03360571  0.02377405
 -0.00054232  0.02603577   -0.03360571  0.02377405   -0.04406462 -0.10252649
    2    1
 -0.04406462  0.10252649   -0.03360571 -0.02377405   -0.00054232 -0.02603577
 -0.03360571 -0.02377405   -0.04507396  0.10569821   -0.03360571 -0.02377405
 -0.00054232 -0.02603577   -0.03360571 -0.02377405   -0.04406462  0.10252649
    2    2
  0.14515604  0.00000000    0.00167652  0.00105809    0.00059721  0.00000000
  0.00167652 -0.00105809    0.14758556  0.00000000    0.00167652 -0.00105809
  0.00059721  0.00000000    0.00167652  0.00105809    0.14515604  0.00000000

     Dynamical  Matrix in cartesian axes

     q = (   -0.300000000   0.100000000  -0.300000000 ) 

    1    1
  0.14515604  0.00000000   -0.00167652 -0.00105809    0.00059721  0.00000000
 -0.00167652  0.00105809    0.14758556  0.00000000   -0.00167652  0.00105809
  0.00059721  0.00000000   -0.00167652 -0.00105809    0.14515604  0.00000000
    1    2
 -0.08389177 -0.07359037   -0.03299520  0.02461435    0.02492907  0.00752972
 -0.03299520  0.02461435   -0.08659636 -0.07553043   -0.03299520  0.02461435
  0.02492907  0.00752972   -0.03299520  0.02461435   -0.08389177 -0.07359037
    2    1
 -0.08389177  0.07359037   -0.03299520 -0.02461435    0.02492907 -0.00752972
 -0.03299520 -0.02461435   -0.08659636  0.07553043   -0.03299520 -0.02461435
  0.02492907 -0.00752972   -0.03299520 -0.02461435   -0.08389177  0.07359037
    2    2
  0.14515604  0.00000000   -0.00167652  0.00105809    0.00059721  0.00000000
 -0.00167652 -0.00105809    0.14758556  0.00000000   -0.00167652 -0.00105809
  0.00059721  0.00000000   -0.00167652  0.00105809    0.14515604  0.00000000

     Dynamical  Matrix in cartesian axes

     q = (   -0.300000000   0.100000000   0.300000000 ) 

    1    1
  0.14515604  0.00000000   -0.00167652  0.00105809   -0.00059721  0.00000000
 -0.00167652 -0.00105809    0.14758556  0.00000000    0.00167652  0.00105809
 -0.00059721  0.00000000    0.00167652 -0.00105809    0.14515604  0.00000000
    1    2
 -0.11112520  0.01022552   -0.01222572 -0.03930752   -0.02459390 -0.00856127
 -0.01222572 -0.03930752   -0.11445360  0.01020534    0.01222572  0.03930752
 -0.02459390 -0.00856127    0.01222572  0.03930752   -0.11112520  0.01022552
    2    1
 -0.11112520 -0.01022552   -0.01222572  0.03930752   -0.02459390  0.00856127
 -0.01222572  0.03930752   -0.11445360 -0.01020534    0.01222572 -0.03930752
 -0.02459390  0.00856127    0.01222572 -0.03930752   -0.11112520 -0.01022552
    2    2
  0.14515604  0.00000000   -0.00167652 -0.00105809   -0.00059721  0.00000000
 -0.00167652  0.00105809    0.14758556  0.00000000    0.00167652 -0.00105809
 -0.00059721  0.00000000    0.00167652  0.00105809    0.14515604  0.00000000

     Dynamical  Matrix in cartesian axes

     q = (    0.300000000   0.100000000   0.300000000 ) 

    1    1
  0.14515604  0.00000000    0.00167652  0.00105809    0.00059721  0.00000000
  0.00167652 -0.00105809    0.14758556  0.00000000    0.00167652 -0.00105809
  0.00059721  0.00000000    0.00167652  0.00105809    0.14515604  0.00000000
    1    2
 -0.04406462  0.10252649   -0.03360571 -0.02377405   -0.00054232 -0.02603577
 -0.03360571 -0.02377405   -0.04507396  0.10569821   -0.03360571 -0.02377405
 -0.00054232 -0.02603577   -0.03360571 -0.02377405   -0.04406462  0.10252649
    2    1
 -0.04406462 -0.10252649   -0.03360571  0.02377405   -0.00054232  0.02603577
 -0.03360571  0.02377405   -0.04507396 -0.10569821   -0.03360571  0.02377405
 -0.00054232  0.02603577   -0.03360571  0.02377405   -0.04406462 -0.10252649
    2    2
  0.14515604  0.00000000    0.00167652 -0.00105809    0.00059721  0.00000000
  0.00167652  0.00105809    0.14758556  0.00000000    0.00167652  0.00105809
  0.00059721  0.00000000    0.00167652 -0.00105809    0.14515604  0.00000000

     Dynamical  Matrix in cartesian axes

     q = (   -0.100000000   0.300000000   0.300000000 ) 

    1    1
  0.14758556  0.00000000   -0.00167652 -0.00105809   -0.00167652 -0.00105809
 -0.00167652  0.00105809    0.14515604  0.00000000    0.00059721  0.00000000
 -0.00167652  0.00105809    0.00059721  0.00000000    0.14515604  0.00000000
    1    2
 -0.08659636  0.07553043   -0.03299520 -0.02461435   -0.03299520 -0.02461435
 -0.03299520 -0.02461435   -0.08389177  0.07359037    0.02492907 -0.00752972
 -0.03299520 -0.02461435    0.02492907 -0.00752972   -0.08389177  0.07359037
    2    1
 -0.08659636 -0.07553043   -0.03299520  0.02461435   -0.03299520  0.02461435
 -0.03299520  0.02461435   -0.08389177 -0.07359037    0.02492907  0.00752972
 -0.03299520  0.02461435    0.02492907  0.00752972   -0.08389177 -0.07359037
    2    2
  0.14758556  0.00000000   -0.00167652  0.00105809   -0.00167652  0.00105809
 -0.00167652 -0.00105809    0.14515604  0.00000000    0.00059721  0.00000000
 -0.00167652 -0.00105809    0.00059721  0.00000000    0.14515604  0.00000000

     Dynamical  Matrix in cartesian axes

     q = (    0.100000000   0.300000000  -0.300000000 ) 

    1    1
  0.14758556  0.00000000    0.00167652  0.00105809   -0.00167652 -0.00105809
  0.00167652 -0.00105809    0.14515604  0.00000000   -0.00059721  0.00000000
 -0.00167652  0.00105809   -0.00059721  0.00000000    0.14515604  0.00000000
    1    2
 -0.11445360  0.01020534    0.01222572  0.03930752   -0.01222572 -0.03930752
  0.01222572  0.03930752   -0.11112520  0.01022552   -0.02459390 -0.00856127
 -0.01222572 -0.03930752   -0.02459390 -0.00856127   -0.11112520  0.01022552
    2    1
 -0.11445360 -0.01020534    0.01222572 -0.03930752   -0.01222572  0.03930752
  0.01222572 -0.03930752   -0.11112520 -0.01022552   -0.02459390  0.00856127
 -0.01222572  0.03930752   -0.02459390  0.00856127   -0.11112520 -0.01022552
    2    2
  0.14758556  0.00000000    0.00167652 -0.00105809   -0.00167652  0.00105809
  0.00167652  0.00105809    0.14515604  0.00000000   -0.00059721  0.00000000
 -0.00167652 -0.00105809   -0.00059721  0.00000000    0.14515604  0.00000000

     Dynamical  Matrix in cartesian axes

     q = (   -0.100000000  -0.300000000  -0.300000000 ) 

    1    1
  0.14758556  0.00000000    0.00167652  0.00105809    0.00167652  0.00105809
  0.00167652 -0.00105809    0.14515604  0.00000000    0.00059721  0.00000000
  0.00167652 -0.00105809    0.00059721  0.00000000    0.14515604  0.00000000
    1    2
 -0.04507396 -0.10569821   -0.03360571  0.02377405   -0.03360571  0.02377405
 -0.03360571  0.02377405   -0.04406462 -0.10252649   -0.00054232  0.02603577
 -0.03360571  0.02377405   -0.00054232  0.02603577   -0.04406462 -0.10252649
    2    1
 -0.04507396  0.10569821   -0.03360571 -0.02377405   -0.03360571 -0.02377405
 -0.03360571 -0.02377405   -0.04406462  0.10252649   -0.00054232 -0.02603577
 -0.03360571 -0.02377405   -0.00054232 -0.02603577   -0.04406462  0.10252649
    2    2
  0.14758556  0.00000000    0.00167652 -0.00105809    0.00167652 -0.00105809
  0.00167652  0.00105809    0.14515604  0.00000000    0.00059721  0.00000000
  0.00167652  0.00105809    0.00059721  0.00000000    0.14515604  0.00000000

     Dynamical  Matrix in cartesian axes

     q = (   -0.100000000   0.300000000  -0.300000000 ) 

    1    1
  0.14758556  0.00000000   -0.00167652  0.00105809    0.00167652 -0.00105809
 -0.00167652 -0.00105809    0.14515604  0.00000000   -0.00059721  0.00000000
  0.00167652  0.00105809   -0.00059721  0.00000000    0.14515604  0.00000000
    1    2
 -0.11445360 -0.01020534   -0.01222572  0.03930752    0.01222572 -0.03930752
 -0.01222572  0.03930752   -0.11112520 -0.01022552   -0.02459390  0.00856127
  0.01222572 -0.03930752   -0.02459390  0.00856127   -0.11112520 -0.01022552
    2    1
 -0.11445360  0.01020534   -0.01222572 -0.03930752    0.01222572  0.03930752
 -0.01222572 -0.03930752   -0.11112520  0.01022552   -0.02459390 -0.00856127
  0.01222572  0.03930752   -0.02459390 -0.00856127   -0.11112520  0.01022552
    2    2
  0.14758556  0.00000000   -0.00167652 -0.00105809    0.00167652  0.00105809
 -0.00167652  0.00105809    0.14515604  0.00000000   -0.00059721  0.00000000
  0.00167652 -0.00105809   -0.00059721  0.00000000    0.14515604  0.00000000

     Dynamical  Matrix in cartesian axes

     q = (    0.300000000   0.300000000  -0.100000000 ) 

    1    1
  0.14515604  0.00000000    0.00059721  0.00000000   -0.00167652  0.00105809
  0.00059721  0.00000000    0.14515604  0.00000000   -0.00167652  0.00105809
 -0.00167652 -0.00105809   -0.00167652 -0.00105809    0.14758556  0.00000000
    1    2
 -0.08389177  0.07359037    0.02492907 -0.00752972   -0.03299520 -0.02461435
  0.02492907 -0.00752972   -0.08389177  0.07359037   -0.03299520 -0.02461435
 -0.03299520 -0.02461435   -0.03299520 -0.02461435   -0.08659636  0.07553043
    2    1
 -0.08389177 -0.07359037    0.02492907  0.00752972   -0.03299520  0.02461435
  0.02492907  0.00752972   -0.08389177 -0.07359037   -0.03299520  0.02461435
 -0.03299520  0.02461435   -0.03299520  0.02461435   -0.08659636 -0.07553043
    2    2
  0.14515604  0.00000000    0.00059721  0.00000000   -0.00167652 -0.00105809
  0.00059721  0.00000000    0.14515604  0.00000000   -0.00167652 -0.00105809
 -0.00167652  0.00105809   -0.00167652  0.00105809    0.14758556  0.00000000

     Dynamical  Matrix in cartesian axes

     q = (    0.300000000  -0.300000000   0.100000000 ) 

    1    1
  0.14515604  0.00000000   -0.00059721  0.00000000    0.00167652 -0.00105809
 -0.00059721  0.00000000    0.14515604  0.00000000   -0.00167652  0.00105809
  0.00167652  0.00105809   -0.00167652 -0.00105809    0.14758556  0.00000000
    1    2
 -0.11112520  0.01022552   -0.02459390 -0.00856127    0.01222572  0.03930752
 -0.02459390 -0.00856127   -0.11112520  0.01022552   -0.01222572 -0.03930752
  0.01222572  0.03930752   -0.01222572 -0.03930752   -0.11445360  0.01020534
    2    1
 -0.11112520 -0.01022552   -0.02459390  0.00856127    0.01222572 -0.03930752
 -0.02459390  0.00856127   -0.11112520 -0.01022552   -0.01222572  0.03930752
  0.01222572 -0.03930752   -0.01222572  0.03930752   -0.11445360 -0.01020534
    2    2
  0.14515604  0.00000000   -0.00059721  0.00000000    0.00167652  0.00105809
 -0.00059721  0.00000000    0.14515604  0.00000000   -0.00167652 -0.00105809
  0.00167652 -0.00105809   -0.00167652  0.00105809    0.14758556  0.00000000

     Dynamical  Matrix in cartesian axes

     q = (   -0.300000000  -0.300000000  -0.100000000 ) 

    1    1
  0.14515604  0.00000000    0.00059721  0.00000000    0.00167652 -0.00105809
  0.00059721  0.00000000    0.14515604  0.00000000    0.00167652 -0.00105809
  0.00167652  0.00105809    0.00167652  0.00105809    0.14758556  0.00000000
    1    2
 -0.04406462 -0.10252649   -0.00054232  0.02603577   -0.03360571  0.02377405
 -0.00054232  0.02603577   -0.04406462 -0.10252649   -0.03360571  0.02377405
 -0.03360571  0.02377405   -0.03360571  0.02377405   -0.04507396 -0.10569821
    2    1
 -0.04406462  0.10252649   -0.00054232 -0.02603577   -0.03360571 -0.02377405
 -0.00054232 -0.02603577   -0.04406462  0.10252649   -0.03360571 -0.02377405
 -0.03360571 -0.02377405   -0.03360571 -0.02377405   -0.04507396  0.10569821
    2    2
  0.14515604  0.00000000    0.00059721  0.00000000    0.00167652  0.00105809
  0.00059721  0.00000000    0.14515604  0.00000000    0.00167652  0.00105809
  0.00167652 -0.00105809    0.00167652 -0.00105809    0.14758556  0.00000000

     Dynamical  Matrix in cartesian axes

     q = (   -0.300000000   0.300000000   0.100000000 ) 

    1    1
  0.14515604  0.00000000   -0.00059721  0.00000000   -0.00167652  0.00105809
 -0.00059721  0.00000000    0.14515604  0.00000000    0.00167652 -0.00105809
 -0.00167652 -0.00105809    0.00167652  0.00105809    0.14758556  0.00000000
    1    2
 -0.11112520  0.01022552   -0.02459390 -0.00856127   -0.01222572 -0.03930752
 -0.02459390 -0.00856127   -0.11112520  0.01022552    0.01222572  0.03930752
 -0.01222572 -0.03930752    0.01222572  0.03930752   -0.11445360  0.01020534
    2    1
 -0.11112520 -0.01022552   -0.02459390  0.00856127   -0.01222572  0.03930752
 -0.02459390  0.00856127   -0.11112520 -0.01022552    0.01222572 -0.03930752
 -0.01222572  0.03930752    0.01222572 -0.03930752   -0.11445360 -0.01020534
    2    2
  0.14515604  0.00000000   -0.00059721  0.00000000   -0.00167652 -0.00105809
 -0.00059721  0.00000000    0.14515604  0.00000000    0.00167652  0.00105809
 -0.00167652  0.00105809    0.00167652 -0.00105809    0.14758556  0.00000000

     Dynamical  Matrix in cartesian axes

     q = (    0.100000000  -0.300000000   0.300000000 ) 

    1    1
  0.14758556  0.00000000   -0.00167652 -0.00105809    0.00167652  0.00105809
 -0.00167652  0.00105809    0.14515604  0.00000000   -0.00059721  0.00000000
  0.00167652 -0.00105809   -0.00059721  0.00000000    0.14515604  0.00000000
    1    2
 -0.11445360  0.01020534   -0.01222572 -0.03930752    0.01222572  0.03930752
 -0.01222572 -0.03930752   -0.11112520  0.01022552   -0.02459390 -0.00856127
  0.01222572  0.03930752   -0.02459390 -0.00856127   -0.11112520  0.01022552
    2    1
 -0.11445360 -0.01020534   -0.01222572  0.03930752    0.01222572 -0.03930752
 -0.01222572  0.03930752   -0.11112520 -0.01022552   -0.02459390  0.00856127
  0.01222572 -0.03930752   -0.02459390  0.00856127   -0.11112520 -0.01022552
    2    2
  0.14758556  0.00000000   -0.00167652  0.00105809    0.00167652 -0.00105809
 -0.00167652 -0.00105809    0.14515604  0.00000000   -0.00059721  0.00000000
  0.00167652  0.00105809   -0.00059721  0.00000000    0.14515604  0.00000000

     Dynamical  Matrix in cartesian axes

     q = (   -0.300000000   0.300000000  -0.100000000 ) 

    1    1
  0.14515604  0.00000000   -0.00059721  0.00000000    0.00167652  0.00105809
 -0.00059721  0.00000000    0.14515604  0.00000000   -0.00167652 -0.00105809
  0.00167652 -0.00105809   -0.00167652  0.00105809    0.14758556  0.00000000
    1    2
 -0.11112520 -0.01022552   -0.02459390  0.00856127    0.01222572 -0.03930752
 -0.02459390  0.00856127   -0.11112520 -0.01022552   -0.01222572  0.03930752
  0.01222572 -0.03930752   -0.01222572  0.03930752   -0.11445360 -0.01020534
    2    1
 -0.11112520  0.01022552   -0.02459390 -0.00856127    0.01222572  0.03930752
 -0.02459390 -0.00856127   -0.11112520  0.01022552   -0.01222572 -0.03930752
  0.01222572  0.03930752   -0.01222572 -0.03930752   -0.11445360  0.01020534
    2    2
  0.14515604  0.00000000   -0.00059721  0.00000000    0.00167652 -0.00105809
 -0.00059721  0.00000000    0.14515604  0.00000000   -0.00167652  0.00105809
  0.00167652  0.00105809   -0.00167652 -0.00105809    0.14758556  0.00000000

     Dynamical  Matrix in cartesian axes

     q = (    0.100000000   0.300000000   0.300000000 ) 

    1    1
  0.14758556  0.00000000    0.00167652 -0.00105809    0.00167652 -0.00105809
  0.00167652  0.00105809    0.14515604  0.00000000    0.00059721  0.00000000
  0.00167652  0.00105809    0.00059721  0.00000000    0.14515604  0.00000000
    1    2
 -0.04507396  0.10569821   -0.03360571 -0.02377405   -0.03360571 -0.02377405
 -0.03360571 -0.02377405   -0.04406462  0.10252649   -0.00054232 -0.02603577
 -0.03360571 -0.02377405   -0.00054232 -0.02603577   -0.04406462  0.10252649
    2    1
 -0.04507396 -0.10569821   -0.03360571  0.02377405   -0.03360571  0.02377405
 -0.03360571  0.02377405   -0.04406462 -0.10252649   -0.00054232  0.02603577
 -0.03360571  0.02377405   -0.00054232  0.02603577   -0.04406462 -0.10252649
    2    2
  0.14758556  0.00000000    0.00167652  0.00105809    0.00167652  0.00105809
  0.00167652 -0.00105809    0.14515604  0.00000000    0.00059721  0.00000000
  0.00167652 -0.00105809    0.00059721  0.00000000    0.14515604  0.00000000

     Dynamical  Matrix in cartesian axes

     q = (   -0.100000000  -0.300000000   0.300000000 ) 

    1    1
  0.14758556  0.00000000    0.00167652 -0.00105809   -0.00167652  0.00105809
  0.00167652  0.00105809    0.14515604  0.00000000   -0.00059721  0.00000000
 -0.00167652 -0.00105809   -0.00059721  0.00000000    0.14515604  0.00000000
    1    2
 -0.11445360 -0.01020534    0.01222572 -0.03930752   -0.01222572  0.03930752
  0.01222572 -0.03930752   -0.11112520 -0.01022552   -0.02459390  0.00856127
 -0.01222572  0.03930752   -0.02459390  0.00856127   -0.11112520 -0.01022552
    2    1
 -0.11445360  0.01020534    0.01222572  0.03930752   -0.01222572 -0.03930752
  0.01222572  0.03930752   -0.11112520  0.01022552   -0.02459390 -0.00856127
 -0.01222572 -0.03930752   -0.02459390 -0.00856127   -0.11112520  0.01022552
    2    2
  0.14758556  0.00000000    0.00167652  0.00105809   -0.00167652 -0.00105809
  0.00167652 -0.00105809    0.14515604  0.00000000   -0.00059721  0.00000000
 -0.00167652  0.00105809   -0.00059721  0.00000000    0.14515604  0.00000000

     Dynamical  Matrix in cartesian axes

     q = (   -0.300000000  -0.300000000   0.100000000 ) 

    1    1
  0.14515604  0.00000000    0.00059721  0.00000000   -0.00167652 -0.00105809
  0.00059721  0.00000000    0.14515604  0.00000000   -0.00167652 -0.00105809
 -0.00167652  0.00105809   -0.00167652  0.00105809    0.14758556  0.00000000
    1    2
 -0.08389177 -0.07359037    0.02492907  0.00752972   -0.03299520  0.02461435
  0.02492907  0.00752972   -0.08389177 -0.07359037   -0.03299520  0.02461435
 -0.03299520  0.02461435   -0.03299520  0.02461435   -0.08659636 -0.07553043
    2    1
 -0.08389177  0.07359037    0.02492907 -0.00752972   -0.03299520 -0.02461435
  0.02492907 -0.00752972   -0.08389177  0.07359037   -0.03299520 -0.02461435
 -0.03299520 -0.02461435   -0.03299520 -0.02461435   -0.08659636  0.07553043
    2    2
  0.14515604  0.00000000    0.00059721  0.00000000   -0.00167652  0.00105809
  0.00059721  0.00000000    0.14515604  0.00000000   -0.00167652  0.00105809
 -0.00167652 -0.00105809   -0.00167652 -0.00105809    0.14758556  0.00000000

     Dynamical  Matrix in cartesian axes

     q = (    0.300000000   0.300000000   0.100000000 ) 

    1    1
  0.14515604  0.00000000    0.00059721  0.00000000    0.00167652  0.00105809
  0.00059721  0.00000000    0.14515604  0.00000000    0.00167652  0.00105809
  0.00167652 -0.00105809    0.00167652 -0.00105809    0.14758556  0.00000000
    1    2
 -0.04406462  0.10252649   -0.00054232 -0.02603577   -0.03360571 -0.02377405
 -0.00054232 -0.02603577   -0.04406462  0.10252649   -0.03360571 -0.02377405
 -0.03360571 -0.02377405   -0.03360571 -0.02377405   -0.04507396  0.10569821
    2    1
 -0.04406462 -0.10252649   -0.00054232  0.02603577   -0.03360571  0.02377405
 -0.00054232  0.02603577   -0.04406462 -0.10252649   -0.03360571  0.02377405
 -0.03360571  0.02377405   -0.03360571  0.02377405   -0.04507396 -0.10569821
    2    2
  0.14515604  0.00000000    0.00059721  0.00000000    0.00167652 -0.00105809
  0.00059721  0.00000000    0.14515604  0.00000000    0.00167652 -0.00105809
  0.00167652  0.00105809    0.00167652  0.00105809    0.14758556  0.00000000

     Dynamical  Matrix in cartesian axes

     q = (    0.100000000  -0.300000000  -0.300000000 ) 

    1    1
  0.14758556  0.00000000   -0.00167652  0.00105809   -0.00167652  0.00105809
 -0.00167652 -0.00105809    0.14515604  0.00000000    0.00059721  0.00000000
 -0.00167652 -0.00105809    0.00059721  0.00000000    0.14515604  0.00000000
    1    2
 -0.08659636 -0.07553043   -0.03299520  0.02461435   -0.03299520  0.02461435
 -0.03299520  0.02461435   -0.08389177 -0.07359037    0.02492907  0.00752972
 -0.03299520  0.02461435    0.02492907  0.00752972   -0.08389177 -0.07359037
    2    1
 -0.08659636  0.07553043   -0.03299520 -0.02461435   -0.03299520 -0.02461435
 -0.03299520 -0.02461435   -0.08389177  0.07359037    0.02492907 -0.00752972
 -0.03299520 -0.02461435    0.02492907 -0.00752972   -0.08389177  0.07359037
    2    2
  0.14758556  0.00000000   -0.00167652 -0.00105809   -0.00167652 -0.00105809
 -0.00167652  0.00105809    0.14515604  0.00000000    0.00059721  0.00000000
 -0.00167652  0.00105809    0.00059721  0.00000000    0.14515604  0.00000000

     Dynamical  Matrix in cartesian axes

     q = (    0.300000000  -0.300000000  -0.100000000 ) 

    1    1
  0.14515604  0.00000000   -0.00059721  0.00000000   -0.00167652 -0.00105809
 -0.00059721  0.00000000    0.14515604  0.00000000    0.00167652  0.00105809
 -0.00167652  0.00105809    0.00167652 -0.00105809    0.14758556  0.00000000
    1    2
 -0.11112520 -0.01022552   -0.02459390  0.00856127   -0.01222572  0.03930752
 -0.02459390  0.00856127   -0.11112520 -0.01022552    0.01222572 -0.03930752
 -0.01222572  0.03930752    0.01222572 -0.03930752   -0.11445360 -0.01020534
    2    1
 -0.11112520  0.01022552   -0.02459390 -0.00856127   -0.01222572 -0.03930752
 -0.02459390 -0.00856127   -0.11112520  0.01022552    0.01222572  0.03930752
 -0.01222572 -0.03930752    0.01222572  0.03930752   -0.11445360  0.01020534
    2    2
  0.14515604  0.00000000   -0.00059721  0.00000000   -0.00167652  0.00105809
 -0.00059721  0.00000000    0.14515604  0.00000000    0.00167652 -0.00105809
 -0.00167652 -0.00105809    0.00167652  0.00105809    0.14758556  0.00000000

     Diagonalizing the dynamical matrix

     q = (    0.300000000  -0.100000000   0.300000000 ) 

 **************************************************************************
     freq (    1) =       0.939799 [THz] =      31.348320 [cm-1]
 (  0.400875 -0.298830  0.000000  0.000000 -0.400875  0.298830 ) 
 (  0.500000  0.000000 -0.000000  0.000000 -0.500000  0.000000 ) 
     freq (    2) =       1.195199 [THz] =      39.867538 [cm-1]
 ( -0.192414 -0.070394 -0.641706  0.065243 -0.192414 -0.070394 ) 
 ( -0.204886 -0.000000 -0.580227 -0.281744 -0.204886  0.000000 ) 
     freq (    3) =       2.124642 [THz] =      70.870431 [cm-1]
 ( -0.215997  0.400774  0.008818 -0.292186 -0.215997  0.400774 ) 
 ( -0.455275  0.000000  0.261392  0.130861 -0.455275  0.000000 ) 
     freq (    4) =       4.982070 [THz] =     166.183980 [cm-1]
 ( -0.268313  0.395005 -0.059962 -0.200905 -0.268313  0.395005 ) 
 (  0.477515 -0.000000 -0.132498 -0.162489  0.477515  0.000000 ) 
     freq (    5) =       5.284133 [THz] =     176.259692 [cm-1]
 ( -0.063930 -0.136524 -0.655581 -0.157359 -0.063930 -0.136524 ) 
 (  0.150751  0.000000  0.420523  0.526980  0.150751  0.000000 ) 
     freq (    6) =       5.295033 [THz] =     176.623296 [cm-1]
 (  0.400875 -0.298830  0.000000  0.000000 -0.400875  0.298830 ) 
 ( -0.500000 -0.000000 -0.000000 -0.000000  0.500000  0.000000 ) 
 **************************************************************************
