Dynamical matrix file
                                                                           
  1    2  2 12.5600000  0.0000000  0.0000000  0.0000000  0.0000000  0.0000000
           1  'Sn  '    108197.54598352207     
    1    1      0.0000000000      0.0000000000      0.0000000000
    2    1      0.2500000000      0.2500000000      0.2500000000

     Dynamical  Matrix in cartesian axes

     q = (   -0.200000000   0.200000000  -0.200000000 ) 

    1    1
  0.14813137  0.00000000   -0.00335934  0.00000000    0.00335934  0.00000000
 -0.00335934  0.00000000    0.14813137  0.00000000   -0.00335934  0.00000000
  0.00335934  0.00000000   -0.00335934  0.00000000    0.14813137  0.00000000
    1    2
 -0.12261817 -0.03161588   -0.01528927  0.02303417    0.01528927 -0.02303417
 -0.01528927  0.02303417   -0.12261817 -0.03161588   -0.01528927  0.02303417
  0.01528927 -0.02303417   -0.01528927  0.02303417   -0.12261817 -0.03161588
    2    1
 -0.12261817  0.03161588   -0.01528927 -0.02303417    0.01528927  0.02303417
 -0.01528927 -0.02303417   -0.12261817  0.03161588   -0.01528927 -0.02303417
  0.01528927  0.02303417   -0.01528927 -0.02303417   -0.12261817  0.03161588
    2    2
  0.14813137  0.00000000   -0.00335934  0.00000000    0.00335934  0.00000000
 -0.00335934  0.00000000    0.14813137  0.00000000   -0.00335934  0.00000000
  0.00335934  0.00000000   -0.00335934  0.00000000    0.14813137  0.00000000

     Dynamical  Matrix in cartesian axes

     q = (   -0.200000000   0.200000000   0.200000000 ) 

    1    1
  0.14813137  0.00000000   -0.00335934  0.00000000   -0.00335934  0.00000000
 -0.00335934  0.00000000    0.14813137  0.00000000    0.00335934  0.00000000
 -0.00335934  0.00000000    0.00335934  0.00000000    0.14813137  0.00000000
    1    2
 -0.12261817  0.03161588   -0.01528927 -0.02303417   -0.01528927 -0.02303417
 -0.01528927 -0.02303417   -0.12261817  0.03161588    0.01528927  0.02303417
 -0.01528927 -0.02303417    0.01528927  0.02303417   -0.12261817  0.03161588
    2    1
 -0.12261817 -0.03161588   -0.01528927  0.02303417   -0.01528927  0.02303417
 -0.01528927  0.02303417   -0.12261817 -0.03161588    0.01528927 -0.02303417
 -0.01528927  0.02303417    0.01528927 -0.02303417   -0.12261817 -0.03161588
    2    2
  0.14813137  0.00000000   -0.00335934  0.00000000   -0.00335934  0.00000000
 -0.00335934  0.00000000    0.14813137  0.00000000    0.00335934  0.00000000
 -0.00335934  0.00000000    0.00335934  0.00000000    0.14813137  0.00000000

     Dynamical  Matrix in cartesian axes

     q = (    0.200000000   0.200000000  -0.200000000 ) 

    1    1
  0.14813137  0.00000000    0.00335934  0.00000000   -0.00335934  0.00000000
  0.00335934  0.00000000    0.14813137  0.00000000   -0.00335934  0.00000000
 -0.00335934  0.00000000   -0.00335934  0.00000000    0.14813137  0.00000000
    1    2
 -0.12261817  0.03161588    0.01528927  0.02303417   -0.01528927 -0.02303417
  0.01528927  0.02303417   -0.12261817  0.03161588   -0.01528927 -0.02303417
 -0.01528927 -0.02303417   -0.01528927 -0.02303417   -0.12261817  0.03161588
    2    1
 -0.12261817 -0.03161588    0.01528927 -0.02303417   -0.01528927  0.02303417
  0.01528927 -0.02303417   -0.12261817 -0.03161588   -0.01528927  0.02303417
 -0.01528927  0.02303417   -0.01528927  0.02303417   -0.12261817 -0.03161588
    2    2
  0.14813137  0.00000000    0.00335934  0.00000000   -0.00335934  0.00000000
  0.00335934  0.00000000    0.14813137  0.00000000   -0.00335934  0.00000000
 -0.00335934  0.00000000   -0.00335934  0.00000000    0.14813137  0.00000000

     Dynamical  Matrix in cartesian axes

     q = (    0.200000000  -0.200000000   0.200000000 ) 

    1    1
  0.14813137  0.00000000   -0.00335934  0.00000000    0.00335934  0.00000000
 -0.00335934  0.00000000    0.14813137  0.00000000   -0.00335934  0.00000000
  0.00335934  0.00000000   -0.00335934  0.00000000    0.14813137  0.00000000
    1    2
 -0.12261817  0.03161588   -0.01528927 -0.02303417    0.01528927  0.02303417
 -0.01528927 -0.02303417   -0.12261817  0.03161588   -0.01528927 -0.02303417
  0.01528927  0.02303417   -0.01528927 -0.02303417   -0.12261817  0.03161588
    2    1
 -0.12261817 -0.03161588   -0.01528927  0.02303417    0.01528927 -0.02303417
 -0.01528927  0.02303417   -0.12261817 -0.03161588   -0.01528927  0.02303417
  0.01528927 -0.02303417   -0.01528927  0.02303417   -0.12261817 -0.03161588
    2    2
  0.14813137  0.00000000   -0.00335934  0.00000000    0.00335934  0.00000000
 -0.00335934  0.00000000    0.14813137  0.00000000   -0.00335934  0.00000000
  0.00335934  0.00000000   -0.00335934  0.00000000    0.14813137  0.00000000

     Dynamical  Matrix in cartesian axes

     q = (    0.200000000  -0.200000000  -0.200000000 ) 

    1    1
  0.14813137  0.00000000   -0.00335934  0.00000000   -0.00335934  0.00000000
 -0.00335934  0.00000000    0.14813137  0.00000000    0.00335934  0.00000000
 -0.00335934  0.00000000    0.00335934  0.00000000    0.14813137  0.00000000
    1    2
 -0.12261817 -0.03161588   -0.01528927  0.02303417   -0.01528927  0.02303417
 -0.01528927  0.02303417   -0.12261817 -0.03161588    0.01528927 -0.02303417
 -0.01528927  0.02303417    0.01528927 -0.02303417   -0.12261817 -0.03161588
    2    1
 -0.12261817  0.03161588   -0.01528927 -0.02303417   -0.01528927 -0.02303417
 -0.01528927 -0.02303417   -0.12261817  0.03161588    0.01528927  0.02303417
 -0.01528927 -0.02303417    0.01528927  0.02303417   -0.12261817  0.03161588
    2    2
  0.14813137  0.00000000   -0.00335934  0.00000000   -0.00335934  0.00000000
 -0.00335934  0.00000000    0.14813137  0.00000000    0.00335934  0.00000000
 -0.00335934  0.00000000    0.00335934  0.00000000    0.14813137  0.00000000

     Dynamical  Matrix in cartesian axes

     q = (    0.200000000   0.200000000   0.200000000 ) 

    1    1
  0.14813137  0.00000000    0.00335934  0.00000000    0.00335934  0.00000000
  0.00335934  0.00000000    0.14813137  0.00000000    0.00335934  0.00000000
  0.00335934  0.00000000    0.00335934  0.00000000    0.14813137  0.00000000
    1    2
 -0.06795959  0.10684697   -0.01718215 -0.02165891   -0.01718215 -0.02165891
 -0.01718215 -0.02165891   -0.06795959  0.10684697   -0.01718215 -0.02165891
 -0.01718215 -0.02165891   -0.01718215 -0.02165891   -0.06795959  0.10684697
    2    1
 -0.06795959 -0.10684697   -0.01718215  0.02165891   -0.01718215  0.02165891
 -0.01718215  0.02165891   -0.06795959 -0.10684697   -0.01718215  0.02165891
 -0.01718215  0.02165891   -0.01718215  0.02165891   -0.06795959 -0.10684697
    2    2
  0.14813137  0.00000000    0.00335934  0.00000000    0.00335934  0.00000000
  0.00335934  0.00000000    0.14813137  0.00000000    0.00335934  0.00000000
  0.00335934  0.00000000    0.00335934  0.00000000    0.14813137  0.00000000

     Dynamical  Matrix in cartesian axes

     q = (   -0.200000000  -0.200000000  -0.200000000 ) 

    1    1
  0.14813137  0.00000000    0.00335934  0.00000000    0.00335934  0.00000000
  0.00335934  0.00000000    0.14813137  0.00000000    0.00335934  0.00000000
  0.00335934  0.00000000    0.00335934  0.00000000    0.14813137  0.00000000
    1    2
 -0.06795959 -0.10684697   -0.01718215  0.02165891   -0.01718215  0.02165891
 -0.01718215  0.02165891   -0.06795959 -0.10684697   -0.01718215  0.02165891
 -0.01718215  0.02165891   -0.01718215  0.02165891   -0.06795959 -0.10684697
    2    1
 -0.06795959  0.10684697   -0.01718215 -0.02165891   -0.01718215 -0.02165891
 -0.01718215 -0.02165891   -0.06795959  0.10684697   -0.01718215 -0.02165891
 -0.01718215 -0.02165891   -0.01718215 -0.02165891   -0.06795959  0.10684697
    2    2
  0.14813137  0.00000000    0.00335934  0.00000000    0.00335934  0.00000000
  0.00335934  0.00000000    0.14813137  0.00000000    0.00335934  0.00000000
  0.00335934  0.00000000    0.00335934  0.00000000    0.14813137  0.00000000

     Dynamical  Matrix in cartesian axes

     q = (   -0.200000000  -0.200000000   0.200000000 ) 

    1    1
  0.14813137  0.00000000    0.00335934  0.00000000   -0.00335934  0.00000000
  0.00335934  0.00000000    0.14813137  0.00000000   -0.00335934  0.00000000
 -0.00335934  0.00000000   -0.00335934  0.00000000    0.14813137  0.00000000
    1    2
 -0.12261817 -0.03161588    0.01528927 -0.02303417   -0.01528927  0.02303417
  0.01528927 -0.02303417   -0.12261817 -0.03161588   -0.01528927  0.02303417
 -0.01528927  0.02303417   -0.01528927  0.02303417   -0.12261817 -0.03161588
    2    1
 -0.12261817  0.03161588    0.01528927  0.02303417   -0.01528927 -0.02303417
  0.01528927  0.02303417   -0.12261817  0.03161588   -0.01528927 -0.02303417
 -0.01528927 -0.02303417   -0.01528927 -0.02303417   -0.12261817  0.03161588
    2    2
  0.14813137  0.00000000    0.00335934  0.00000000   -0.00335934  0.00000000
  0.00335934  0.00000000    0.14813137  0.00000000   -0.00335934  0.00000000
 -0.00335934  0.00000000   -0.00335934  0.00000000    0.14813137  0.00000000

     Diagonalizing the dynamical matrix

     q = (   -0.200000000   0.200000000  -0.200000000 ) 

 **************************************************************************
     freq (    1) =       0.812395 [THz] =      27.098569 [cm-1]
 ( -0.533257  0.171003 -0.206654  0.191327  0.326603  0.020324 ) 
 ( -0.521607  0.203793 -0.194372  0.203793  0.327235  0.000000 ) 
     freq (    2) =       0.812395 [THz] =      27.098569 [cm-1]
 ( -0.017145  0.139406 -0.491885  0.109864 -0.474740 -0.029542 ) 
 ( -0.008454  0.140202 -0.484112  0.140202 -0.475658  0.000000 ) 
     freq (    3) =       1.855240 [THz] =      61.884154 [cm-1]
 (  0.311978  0.263318 -0.311978 -0.263318  0.311978  0.263318 ) 
 (  0.408248  0.000000 -0.408248  0.000000  0.408248  0.000000 ) 
     freq (    4) =       5.247624 [THz] =     175.041895 [cm-1]
 (  0.311978  0.263318 -0.311978 -0.263318  0.311978  0.263318 ) 
 ( -0.408248 -0.000000  0.408248 -0.000000 -0.408248  0.000000 ) 
     freq (    5) =       5.320081 [THz] =     177.458816 [cm-1]
 (  0.488735  0.106153 -0.004432  0.075464 -0.493167 -0.030689 ) 
 ( -0.494384 -0.075594 -0.000264 -0.075594  0.494121  0.000000 ) 
     freq (    6) =       5.320081 [THz] =     177.458816 [cm-1]
 ( -0.251649 -0.140982 -0.549699 -0.159529 -0.298050 -0.018547 ) 
 (  0.259919  0.125080  0.558546  0.125080  0.298627  0.000000 ) 
 **************************************************************************
