Dynamical matrix file
                                                                           
  1    2  2 12.5600000  0.0000000  0.0000000  0.0000000  0.0000000  0.0000000
           1  'Sn  '    108197.54598352207     
    1    1      0.0000000000      0.0000000000      0.0000000000
    2    1      0.2500000000      0.2500000000      0.2500000000

     Dynamical  Matrix in cartesian axes

     q = (    0.400000000   0.000000000   0.600000000 ) 

    1    1
  0.13564100  0.00000000    0.00000000  0.00076912    0.00078664  0.00000000
  0.00000000 -0.00076912    0.14655171  0.00000000    0.00000000 -0.00207350
  0.00078664  0.00000000    0.00000000  0.00207350    0.14791836  0.00000000
    1    2
 -0.00000000  0.06303255   -0.07318072 -0.00000000    0.00000000 -0.05474459
 -0.07318072 -0.00000000   -0.00000000  0.07094922   -0.03794056  0.00000000
  0.00000000 -0.05474459   -0.03794056 -0.00000000   -0.00000000  0.06669630
    2    1
 -0.00000000 -0.06303255   -0.07318072  0.00000000    0.00000000  0.05474459
 -0.07318072  0.00000000   -0.00000000 -0.07094922   -0.03794056  0.00000000
  0.00000000  0.05474459   -0.03794056  0.00000000   -0.00000000 -0.06669630
    2    2
  0.13564100  0.00000000    0.00000000 -0.00076912    0.00078664  0.00000000
  0.00000000  0.00076912    0.14655171  0.00000000    0.00000000  0.00207350
  0.00078664  0.00000000    0.00000000 -0.00207350    0.14791836  0.00000000

     Dynamical  Matrix in cartesian axes

     q = (    0.400000000   0.000000000  -0.600000000 ) 

    1    1
  0.13564100  0.00000000    0.00000000 -0.00076912   -0.00078664  0.00000000
  0.00000000  0.00076912    0.14655171  0.00000000    0.00000000 -0.00207350
 -0.00078664  0.00000000    0.00000000  0.00207350    0.14791836  0.00000000
    1    2
 -0.05994752 -0.01947813   -0.02261409  0.06959900   -0.05206520 -0.01691701
 -0.02261409  0.06959900   -0.06747672 -0.02192452    0.01172428 -0.03608362
 -0.05206520 -0.01691701    0.01172428 -0.03608362   -0.06343195 -0.02061029
    2    1
 -0.05994752  0.01947813   -0.02261409 -0.06959900   -0.05206520  0.01691701
 -0.02261409 -0.06959900   -0.06747672  0.02192452    0.01172428  0.03608362
 -0.05206520  0.01691701    0.01172428  0.03608362   -0.06343195  0.02061029
    2    2
  0.13564100  0.00000000    0.00000000  0.00076912   -0.00078664  0.00000000
  0.00000000 -0.00076912    0.14655171  0.00000000    0.00000000  0.00207350
 -0.00078664  0.00000000    0.00000000 -0.00207350    0.14791836  0.00000000

     Dynamical  Matrix in cartesian axes

     q = (   -0.400000000   0.000000000   0.600000000 ) 

    1    1
  0.13564100  0.00000000    0.00000000  0.00076912   -0.00078664  0.00000000
  0.00000000 -0.00076912    0.14655171  0.00000000    0.00000000  0.00207350
 -0.00078664  0.00000000    0.00000000 -0.00207350    0.14791836  0.00000000
    1    2
 -0.05994752  0.01947813   -0.02261409 -0.06959900   -0.05206520  0.01691701
 -0.02261409 -0.06959900   -0.06747672  0.02192452    0.01172428  0.03608362
 -0.05206520  0.01691701    0.01172428  0.03608362   -0.06343195  0.02061029
    2    1
 -0.05994752 -0.01947813   -0.02261409  0.06959900   -0.05206520 -0.01691701
 -0.02261409  0.06959900   -0.06747672 -0.02192452    0.01172428 -0.03608362
 -0.05206520 -0.01691701    0.01172428 -0.03608362   -0.06343195 -0.02061029
    2    2
  0.13564100  0.00000000    0.00000000 -0.00076912   -0.00078664  0.00000000
  0.00000000  0.00076912    0.14655171  0.00000000    0.00000000 -0.00207350
 -0.00078664  0.00000000    0.00000000  0.00207350    0.14791836  0.00000000

     Dynamical  Matrix in cartesian axes

     q = (   -0.600000000   0.000000000  -0.400000000 ) 

    1    1
  0.14791836  0.00000000    0.00000000 -0.00207350    0.00078664  0.00000000
  0.00000000  0.00207350    0.14655171  0.00000000    0.00000000  0.00076912
  0.00078664  0.00000000    0.00000000 -0.00076912    0.13564100  0.00000000
    1    2
 -0.00000000 -0.06669630   -0.03794056  0.00000000    0.00000000  0.05474459
 -0.03794056  0.00000000   -0.00000000 -0.07094922   -0.07318072  0.00000000
  0.00000000  0.05474459   -0.07318072  0.00000000   -0.00000000 -0.06303255
    2    1
 -0.00000000  0.06669630   -0.03794056 -0.00000000    0.00000000 -0.05474459
 -0.03794056 -0.00000000   -0.00000000  0.07094922   -0.07318072 -0.00000000
  0.00000000 -0.05474459   -0.07318072 -0.00000000   -0.00000000  0.06303255
    2    2
  0.14791836  0.00000000    0.00000000  0.00207350    0.00078664  0.00000000
  0.00000000 -0.00207350    0.14655171  0.00000000    0.00000000 -0.00076912
  0.00078664  0.00000000    0.00000000  0.00076912    0.13564100  0.00000000

     Dynamical  Matrix in cartesian axes

     q = (    0.600000000   0.000000000  -0.400000000 ) 

    1    1
  0.14791836  0.00000000   -0.00000000 -0.00207350   -0.00078664  0.00000000
  0.00000000  0.00207350    0.14655171  0.00000000    0.00000000 -0.00076912
 -0.00078664  0.00000000   -0.00000000  0.00076912    0.13564100  0.00000000
    1    2
 -0.06343195  0.02061029    0.01172428  0.03608362   -0.05206520  0.01691701
  0.01172428  0.03608362   -0.06747672  0.02192452   -0.02261409 -0.06959900
 -0.05206520  0.01691701   -0.02261409 -0.06959900   -0.05994752  0.01947813
    2    1
 -0.06343195 -0.02061029    0.01172428 -0.03608362   -0.05206520 -0.01691701
  0.01172428 -0.03608362   -0.06747672 -0.02192452   -0.02261409  0.06959900
 -0.05206520 -0.01691701   -0.02261409  0.06959900   -0.05994752 -0.01947813
    2    2
  0.14791836  0.00000000   -0.00000000  0.00207350   -0.00078664  0.00000000
  0.00000000 -0.00207350    0.14655171  0.00000000    0.00000000  0.00076912
 -0.00078664  0.00000000   -0.00000000 -0.00076912    0.13564100  0.00000000

     Dynamical  Matrix in cartesian axes

     q = (   -0.600000000   0.000000000   0.400000000 ) 

    1    1
  0.14791836  0.00000000   -0.00000000  0.00207350   -0.00078664  0.00000000
  0.00000000 -0.00207350    0.14655171  0.00000000    0.00000000  0.00076912
 -0.00078664  0.00000000   -0.00000000 -0.00076912    0.13564100  0.00000000
    1    2
 -0.06343195 -0.02061029    0.01172428 -0.03608362   -0.05206520 -0.01691701
  0.01172428 -0.03608362   -0.06747672 -0.02192452   -0.02261409  0.06959900
 -0.05206520 -0.01691701   -0.02261409  0.06959900   -0.05994752 -0.01947813
    2    1
 -0.06343195  0.02061029    0.01172428  0.03608362   -0.05206520  0.01691701
  0.01172428  0.03608362   -0.06747672  0.02192452   -0.02261409 -0.06959900
 -0.05206520  0.01691701   -0.02261409 -0.06959900   -0.05994752  0.01947813
    2    2
  0.14791836  0.00000000   -0.00000000 -0.00207350   -0.00078664  0.00000000
  0.00000000  0.00207350    0.14655171  0.00000000    0.00000000 -0.00076912
 -0.00078664  0.00000000   -0.00000000  0.00076912    0.13564100  0.00000000

     Dynamical  Matrix in cartesian axes

     q = (   -0.400000000   0.000000000  -0.600000000 ) 

    1    1
  0.13564100  0.00000000    0.00000000 -0.00076912    0.00078664  0.00000000
  0.00000000  0.00076912    0.14655171  0.00000000    0.00000000  0.00207350
  0.00078664  0.00000000    0.00000000 -0.00207350    0.14791836  0.00000000
    1    2
 -0.00000000 -0.06303255   -0.07318072  0.00000000    0.00000000  0.05474459
 -0.07318072  0.00000000   -0.00000000 -0.07094922   -0.03794056  0.00000000
  0.00000000  0.05474459   -0.03794056  0.00000000   -0.00000000 -0.06669630
    2    1
 -0.00000000  0.06303255   -0.07318072 -0.00000000    0.00000000 -0.05474459
 -0.07318072 -0.00000000   -0.00000000  0.07094922   -0.03794056  0.00000000
  0.00000000 -0.05474459   -0.03794056 -0.00000000   -0.00000000  0.06669630
    2    2
  0.13564100  0.00000000    0.00000000  0.00076912    0.00078664  0.00000000
  0.00000000 -0.00076912    0.14655171  0.00000000    0.00000000 -0.00207350
  0.00078664  0.00000000    0.00000000  0.00207350    0.14791836  0.00000000

     Dynamical  Matrix in cartesian axes

     q = (    0.600000000   0.000000000   0.400000000 ) 

    1    1
  0.14791836  0.00000000    0.00000000  0.00207350    0.00078664  0.00000000
  0.00000000 -0.00207350    0.14655171  0.00000000    0.00000000 -0.00076912
  0.00078664  0.00000000    0.00000000  0.00076912    0.13564100  0.00000000
    1    2
 -0.00000000  0.06669630   -0.03794056 -0.00000000    0.00000000 -0.05474459
 -0.03794056 -0.00000000   -0.00000000  0.07094922   -0.07318072 -0.00000000
  0.00000000 -0.05474459   -0.07318072 -0.00000000   -0.00000000  0.06303255
    2    1
 -0.00000000 -0.06669630   -0.03794056  0.00000000    0.00000000  0.05474459
 -0.03794056  0.00000000   -0.00000000 -0.07094922   -0.07318072  0.00000000
  0.00000000  0.05474459   -0.07318072  0.00000000   -0.00000000 -0.06303255
    2    2
  0.14791836  0.00000000    0.00000000 -0.00207350    0.00078664  0.00000000
  0.00000000  0.00207350    0.14655171  0.00000000    0.00000000  0.00076912
  0.00078664  0.00000000    0.00000000 -0.00076912    0.13564100  0.00000000

     Dynamical  Matrix in cartesian axes

     q = (    0.000000000   0.600000000   0.400000000 ) 

    1    1
  0.14655171  0.00000000    0.00000000 -0.00207350    0.00000000 -0.00076912
  0.00000000  0.00207350    0.14791836  0.00000000    0.00078664  0.00000000
  0.00000000  0.00076912    0.00078664  0.00000000    0.13564100  0.00000000
    1    2
 -0.00000000  0.07094922   -0.03794056 -0.00000000   -0.07318072  0.00000000
 -0.03794056 -0.00000000   -0.00000000  0.06669630    0.00000000 -0.05474459
 -0.07318072  0.00000000    0.00000000 -0.05474459   -0.00000000  0.06303255
    2    1
 -0.00000000 -0.07094922   -0.03794056  0.00000000   -0.07318072  0.00000000
 -0.03794056  0.00000000   -0.00000000 -0.06669630    0.00000000  0.05474459
 -0.07318072  0.00000000    0.00000000  0.05474459   -0.00000000 -0.06303255
    2    2
  0.14655171  0.00000000    0.00000000  0.00207350    0.00000000  0.00076912
  0.00000000 -0.00207350    0.14791836  0.00000000    0.00078664  0.00000000
  0.00000000 -0.00076912    0.00078664  0.00000000    0.13564100  0.00000000

     Dynamical  Matrix in cartesian axes

     q = (    0.000000000   0.600000000  -0.400000000 ) 

    1    1
  0.14655171  0.00000000    0.00000000  0.00207350    0.00000000 -0.00076912
  0.00000000 -0.00207350    0.14791836  0.00000000   -0.00078664  0.00000000
  0.00000000  0.00076912   -0.00078664  0.00000000    0.13564100  0.00000000
    1    2
 -0.06747672  0.02192452    0.01172428  0.03608362   -0.02261409 -0.06959900
  0.01172428  0.03608362   -0.06343195  0.02061029   -0.05206520  0.01691701
 -0.02261409 -0.06959900   -0.05206520  0.01691701   -0.05994752  0.01947813
    2    1
 -0.06747672 -0.02192452    0.01172428 -0.03608362   -0.02261409  0.06959900
  0.01172428 -0.03608362   -0.06343195 -0.02061029   -0.05206520 -0.01691701
 -0.02261409  0.06959900   -0.05206520 -0.01691701   -0.05994752 -0.01947813
    2    2
  0.14655171  0.00000000    0.00000000 -0.00207350    0.00000000  0.00076912
  0.00000000  0.00207350    0.14791836  0.00000000   -0.00078664  0.00000000
  0.00000000 -0.00076912   -0.00078664  0.00000000    0.13564100  0.00000000

     Dynamical  Matrix in cartesian axes

     q = (    0.000000000  -0.600000000  -0.400000000 ) 

    1    1
  0.14655171  0.00000000    0.00000000  0.00207350    0.00000000  0.00076912
  0.00000000 -0.00207350    0.14791836  0.00000000    0.00078664  0.00000000
  0.00000000 -0.00076912    0.00078664  0.00000000    0.13564100  0.00000000
    1    2
 -0.00000000 -0.07094922   -0.03794056  0.00000000   -0.07318072  0.00000000
 -0.03794056  0.00000000   -0.00000000 -0.06669630    0.00000000  0.05474459
 -0.07318072  0.00000000    0.00000000  0.05474459   -0.00000000 -0.06303255
    2    1
 -0.00000000  0.07094922   -0.03794056 -0.00000000   -0.07318072  0.00000000
 -0.03794056 -0.00000000   -0.00000000  0.06669630    0.00000000 -0.05474459
 -0.07318072  0.00000000    0.00000000 -0.05474459   -0.00000000  0.06303255
    2    2
  0.14655171  0.00000000    0.00000000 -0.00207350    0.00000000 -0.00076912
  0.00000000  0.00207350    0.14791836  0.00000000    0.00078664  0.00000000
  0.00000000  0.00076912    0.00078664  0.00000000    0.13564100  0.00000000

     Dynamical  Matrix in cartesian axes

     q = (    0.000000000   0.400000000  -0.600000000 ) 

    1    1
  0.14655171  0.00000000    0.00000000  0.00076912    0.00000000 -0.00207350
  0.00000000 -0.00076912    0.13564100  0.00000000   -0.00078664  0.00000000
  0.00000000  0.00207350   -0.00078664  0.00000000    0.14791836  0.00000000
    1    2
 -0.06747672 -0.02192452   -0.02261409  0.06959900    0.01172428 -0.03608362
 -0.02261409  0.06959900   -0.05994752 -0.01947813   -0.05206520 -0.01691701
  0.01172428 -0.03608362   -0.05206520 -0.01691701   -0.06343195 -0.02061029
    2    1
 -0.06747672  0.02192452   -0.02261409 -0.06959900    0.01172428  0.03608362
 -0.02261409 -0.06959900   -0.05994752  0.01947813   -0.05206520  0.01691701
  0.01172428  0.03608362   -0.05206520  0.01691701   -0.06343195  0.02061029
    2    2
  0.14655171  0.00000000    0.00000000 -0.00076912    0.00000000  0.00207350
  0.00000000  0.00076912    0.13564100  0.00000000   -0.00078664  0.00000000
  0.00000000 -0.00207350   -0.00078664  0.00000000    0.14791836  0.00000000

     Dynamical  Matrix in cartesian axes

     q = (    0.600000000   0.400000000   0.000000000 ) 

    1    1
  0.14791836  0.00000000    0.00078664  0.00000000    0.00000000  0.00207350
  0.00078664  0.00000000    0.13564100  0.00000000    0.00000000  0.00076912
  0.00000000 -0.00207350    0.00000000 -0.00076912    0.14655171  0.00000000
    1    2
 -0.00000000  0.06669630    0.00000000 -0.05474459   -0.03794056 -0.00000000
  0.00000000 -0.05474459   -0.00000000  0.06303255   -0.07318072 -0.00000000
 -0.03794056 -0.00000000   -0.07318072 -0.00000000   -0.00000000  0.07094922
    2    1
 -0.00000000 -0.06669630    0.00000000  0.05474459   -0.03794056  0.00000000
  0.00000000  0.05474459   -0.00000000 -0.06303255   -0.07318072  0.00000000
 -0.03794056  0.00000000   -0.07318072  0.00000000   -0.00000000 -0.07094922
    2    2
  0.14791836  0.00000000    0.00078664  0.00000000    0.00000000 -0.00207350
  0.00078664  0.00000000    0.13564100  0.00000000    0.00000000 -0.00076912
  0.00000000  0.00207350    0.00000000  0.00076912    0.14655171  0.00000000

     Dynamical  Matrix in cartesian axes

     q = (    0.600000000  -0.400000000   0.000000000 ) 

    1    1
  0.14791836  0.00000000   -0.00078664  0.00000000    0.00000000 -0.00207350
 -0.00078664  0.00000000    0.13564100  0.00000000    0.00000000  0.00076912
  0.00000000  0.00207350    0.00000000 -0.00076912    0.14655171  0.00000000
    1    2
 -0.06343195  0.02061029   -0.05206520  0.01691701    0.01172428  0.03608362
 -0.05206520  0.01691701   -0.05994752  0.01947813   -0.02261409 -0.06959900
  0.01172428  0.03608362   -0.02261409 -0.06959900   -0.06747672  0.02192452
    2    1
 -0.06343195 -0.02061029   -0.05206520 -0.01691701    0.01172428 -0.03608362
 -0.05206520 -0.01691701   -0.05994752 -0.01947813   -0.02261409  0.06959900
  0.01172428 -0.03608362   -0.02261409  0.06959900   -0.06747672 -0.02192452
    2    2
  0.14791836  0.00000000   -0.00078664  0.00000000    0.00000000  0.00207350
 -0.00078664  0.00000000    0.13564100  0.00000000    0.00000000 -0.00076912
  0.00000000 -0.00207350    0.00000000  0.00076912    0.14655171  0.00000000

     Dynamical  Matrix in cartesian axes

     q = (   -0.600000000  -0.400000000   0.000000000 ) 

    1    1
  0.14791836  0.00000000    0.00078664  0.00000000    0.00000000 -0.00207350
  0.00078664  0.00000000    0.13564100  0.00000000    0.00000000 -0.00076912
  0.00000000  0.00207350    0.00000000  0.00076912    0.14655171  0.00000000
    1    2
 -0.00000000 -0.06669630    0.00000000  0.05474459   -0.03794056  0.00000000
  0.00000000  0.05474459   -0.00000000 -0.06303255   -0.07318072  0.00000000
 -0.03794056  0.00000000   -0.07318072  0.00000000   -0.00000000 -0.07094922
    2    1
 -0.00000000  0.06669630    0.00000000 -0.05474459   -0.03794056 -0.00000000
  0.00000000 -0.05474459   -0.00000000  0.06303255   -0.07318072 -0.00000000
 -0.03794056 -0.00000000   -0.07318072 -0.00000000   -0.00000000  0.07094922
    2    2
  0.14791836  0.00000000    0.00078664  0.00000000    0.00000000  0.00207350
  0.00078664  0.00000000    0.13564100  0.00000000    0.00000000  0.00076912
  0.00000000 -0.00207350    0.00000000 -0.00076912    0.14655171  0.00000000

     Dynamical  Matrix in cartesian axes

     q = (   -0.600000000   0.400000000   0.000000000 ) 

    1    1
  0.14791836  0.00000000   -0.00078664  0.00000000    0.00000000  0.00207350
 -0.00078664  0.00000000    0.13564100  0.00000000    0.00000000 -0.00076912
  0.00000000 -0.00207350    0.00000000  0.00076912    0.14655171  0.00000000
    1    2
 -0.06343195 -0.02061029   -0.05206520 -0.01691701    0.01172428 -0.03608362
 -0.05206520 -0.01691701   -0.05994752 -0.01947813   -0.02261409  0.06959900
  0.01172428 -0.03608362   -0.02261409  0.06959900   -0.06747672 -0.02192452
    2    1
 -0.06343195  0.02061029   -0.05206520  0.01691701    0.01172428  0.03608362
 -0.05206520  0.01691701   -0.05994752  0.01947813   -0.02261409 -0.06959900
  0.01172428  0.03608362   -0.02261409 -0.06959900   -0.06747672  0.02192452
    2    2
  0.14791836  0.00000000   -0.00078664  0.00000000    0.00000000 -0.00207350
 -0.00078664  0.00000000    0.13564100  0.00000000    0.00000000  0.00076912
  0.00000000  0.00207350    0.00000000 -0.00076912    0.14655171  0.00000000

     Dynamical  Matrix in cartesian axes

     q = (    0.000000000  -0.400000000   0.600000000 ) 

    1    1
  0.14655171  0.00000000    0.00000000 -0.00076912    0.00000000  0.00207350
  0.00000000  0.00076912    0.13564100  0.00000000   -0.00078664  0.00000000
  0.00000000 -0.00207350   -0.00078664  0.00000000    0.14791836  0.00000000
    1    2
 -0.06747672  0.02192452   -0.02261409 -0.06959900    0.01172428  0.03608362
 -0.02261409 -0.06959900   -0.05994752  0.01947813   -0.05206520  0.01691701
  0.01172428  0.03608362   -0.05206520  0.01691701   -0.06343195  0.02061029
    2    1
 -0.06747672 -0.02192452   -0.02261409  0.06959900    0.01172428 -0.03608362
 -0.02261409  0.06959900   -0.05994752 -0.01947813   -0.05206520 -0.01691701
  0.01172428 -0.03608362   -0.05206520 -0.01691701   -0.06343195 -0.02061029
    2    2
  0.14655171  0.00000000    0.00000000  0.00076912    0.00000000 -0.00207350
  0.00000000 -0.00076912    0.13564100  0.00000000   -0.00078664  0.00000000
  0.00000000  0.00207350   -0.00078664  0.00000000    0.14791836  0.00000000

     Dynamical  Matrix in cartesian axes

     q = (    0.000000000  -0.600000000   0.400000000 ) 

    1    1
  0.14655171  0.00000000    0.00000000 -0.00207350    0.00000000  0.00076912
  0.00000000  0.00207350    0.14791836  0.00000000   -0.00078664  0.00000000
  0.00000000 -0.00076912   -0.00078664  0.00000000    0.13564100  0.00000000
    1    2
 -0.06747672 -0.02192452    0.01172428 -0.03608362   -0.02261409  0.06959900
  0.01172428 -0.03608362   -0.06343195 -0.02061029   -0.05206520 -0.01691701
 -0.02261409  0.06959900   -0.05206520 -0.01691701   -0.05994752 -0.01947813
    2    1
 -0.06747672  0.02192452    0.01172428  0.03608362   -0.02261409 -0.06959900
  0.01172428  0.03608362   -0.06343195  0.02061029   -0.05206520  0.01691701
 -0.02261409 -0.06959900   -0.05206520  0.01691701   -0.05994752  0.01947813
    2    2
  0.14655171  0.00000000    0.00000000  0.00207350    0.00000000 -0.00076912
  0.00000000 -0.00207350    0.14791836  0.00000000   -0.00078664  0.00000000
  0.00000000  0.00076912   -0.00078664  0.00000000    0.13564100  0.00000000

     Dynamical  Matrix in cartesian axes

     q = (    0.000000000   0.400000000   0.600000000 ) 

    1    1
  0.14655171  0.00000000    0.00000000 -0.00076912    0.00000000 -0.00207350
  0.00000000  0.00076912    0.13564100  0.00000000    0.00078664  0.00000000
  0.00000000  0.00207350    0.00078664  0.00000000    0.14791836  0.00000000
    1    2
 -0.00000000  0.07094922   -0.07318072 -0.00000000   -0.03794056 -0.00000000
 -0.07318072 -0.00000000   -0.00000000  0.06303255    0.00000000 -0.05474459
 -0.03794056  0.00000000    0.00000000 -0.05474459   -0.00000000  0.06669630
    2    1
 -0.00000000 -0.07094922   -0.07318072  0.00000000   -0.03794056  0.00000000
 -0.07318072  0.00000000   -0.00000000 -0.06303255    0.00000000  0.05474459
 -0.03794056  0.00000000    0.00000000  0.05474459   -0.00000000 -0.06669630
    2    2
  0.14655171  0.00000000    0.00000000  0.00076912    0.00000000  0.00207350
  0.00000000 -0.00076912    0.13564100  0.00000000    0.00078664  0.00000000
  0.00000000 -0.00207350    0.00078664  0.00000000    0.14791836  0.00000000

     Dynamical  Matrix in cartesian axes

     q = (    0.000000000  -0.400000000  -0.600000000 ) 

    1    1
  0.14655171  0.00000000    0.00000000  0.00076912    0.00000000  0.00207350
  0.00000000 -0.00076912    0.13564100  0.00000000    0.00078664  0.00000000
  0.00000000 -0.00207350    0.00078664  0.00000000    0.14791836  0.00000000
    1    2
 -0.00000000 -0.07094922   -0.07318072  0.00000000   -0.03794056  0.00000000
 -0.07318072  0.00000000   -0.00000000 -0.06303255    0.00000000  0.05474459
 -0.03794056  0.00000000    0.00000000  0.05474459   -0.00000000 -0.06669630
    2    1
 -0.00000000  0.07094922   -0.07318072 -0.00000000   -0.03794056 -0.00000000
 -0.07318072 -0.00000000   -0.00000000  0.06303255    0.00000000 -0.05474459
 -0.03794056  0.00000000    0.00000000 -0.05474459   -0.00000000  0.06669630
    2    2
  0.14655171  0.00000000    0.00000000 -0.00076912    0.00000000 -0.00207350
  0.00000000  0.00076912    0.13564100  0.00000000    0.00078664  0.00000000
  0.00000000  0.00207350    0.00078664  0.00000000    0.14791836  0.00000000

     Dynamical  Matrix in cartesian axes

     q = (    0.400000000  -0.600000000   0.000000000 ) 

    1    1
  0.13564100  0.00000000   -0.00078664  0.00000000    0.00000000 -0.00076912
 -0.00078664  0.00000000    0.14791836  0.00000000    0.00000000  0.00207350
  0.00000000  0.00076912    0.00000000 -0.00207350    0.14655171  0.00000000
    1    2
 -0.05994752 -0.01947813   -0.05206520 -0.01691701   -0.02261409  0.06959900
 -0.05206520 -0.01691701   -0.06343195 -0.02061029    0.01172428 -0.03608362
 -0.02261409  0.06959900    0.01172428 -0.03608362   -0.06747672 -0.02192452
    2    1
 -0.05994752  0.01947813   -0.05206520  0.01691701   -0.02261409 -0.06959900
 -0.05206520  0.01691701   -0.06343195  0.02061029    0.01172428  0.03608362
 -0.02261409 -0.06959900    0.01172428  0.03608362   -0.06747672  0.02192452
    2    2
  0.13564100  0.00000000   -0.00078664  0.00000000    0.00000000  0.00076912
 -0.00078664  0.00000000    0.14791836  0.00000000    0.00000000 -0.00207350
  0.00000000 -0.00076912    0.00000000  0.00207350    0.14655171  0.00000000

     Dynamical  Matrix in cartesian axes

     q = (   -0.400000000  -0.600000000   0.000000000 ) 

    1    1
  0.13564100  0.00000000    0.00078664  0.00000000    0.00000000 -0.00076912
  0.00078664  0.00000000    0.14791836  0.00000000    0.00000000 -0.00207350
  0.00000000  0.00076912    0.00000000  0.00207350    0.14655171  0.00000000
    1    2
 -0.00000000 -0.06303255    0.00000000  0.05474459   -0.07318072  0.00000000
  0.00000000  0.05474459   -0.00000000 -0.06669630   -0.03794056  0.00000000
 -0.07318072  0.00000000   -0.03794056  0.00000000   -0.00000000 -0.07094922
    2    1
 -0.00000000  0.06303255    0.00000000 -0.05474459   -0.07318072 -0.00000000
  0.00000000 -0.05474459   -0.00000000  0.06669630   -0.03794056 -0.00000000
 -0.07318072 -0.00000000   -0.03794056  0.00000000   -0.00000000  0.07094922
    2    2
  0.13564100  0.00000000    0.00078664  0.00000000    0.00000000  0.00076912
  0.00078664  0.00000000    0.14791836  0.00000000    0.00000000  0.00207350
  0.00000000 -0.00076912    0.00000000 -0.00207350    0.14655171  0.00000000

     Dynamical  Matrix in cartesian axes

     q = (    0.400000000   0.600000000   0.000000000 ) 

    1    1
  0.13564100  0.00000000    0.00078664  0.00000000    0.00000000  0.00076912
  0.00078664  0.00000000    0.14791836  0.00000000    0.00000000  0.00207350
  0.00000000 -0.00076912    0.00000000 -0.00207350    0.14655171  0.00000000
    1    2
 -0.00000000  0.06303255    0.00000000 -0.05474459   -0.07318072 -0.00000000
  0.00000000 -0.05474459   -0.00000000  0.06669630   -0.03794056 -0.00000000
 -0.07318072 -0.00000000   -0.03794056  0.00000000   -0.00000000  0.07094922
    2    1
 -0.00000000 -0.06303255    0.00000000  0.05474459   -0.07318072  0.00000000
  0.00000000  0.05474459   -0.00000000 -0.06669630   -0.03794056  0.00000000
 -0.07318072  0.00000000   -0.03794056  0.00000000   -0.00000000 -0.07094922
    2    2
  0.13564100  0.00000000    0.00078664  0.00000000    0.00000000 -0.00076912
  0.00078664  0.00000000    0.14791836  0.00000000    0.00000000 -0.00207350
  0.00000000  0.00076912    0.00000000  0.00207350    0.14655171  0.00000000

     Dynamical  Matrix in cartesian axes

     q = (   -0.400000000   0.600000000   0.000000000 ) 

    1    1
  0.13564100  0.00000000   -0.00078664  0.00000000    0.00000000  0.00076912
 -0.00078664  0.00000000    0.14791836  0.00000000    0.00000000 -0.00207350
  0.00000000 -0.00076912    0.00000000  0.00207350    0.14655171  0.00000000
    1    2
 -0.05994752  0.01947813   -0.05206520  0.01691701   -0.02261409 -0.06959900
 -0.05206520  0.01691701   -0.06343195  0.02061029    0.01172428  0.03608362
 -0.02261409 -0.06959900    0.01172428  0.03608362   -0.06747672  0.02192452
    2    1
 -0.05994752 -0.01947813   -0.05206520 -0.01691701   -0.02261409  0.06959900
 -0.05206520 -0.01691701   -0.06343195 -0.02061029    0.01172428 -0.03608362
 -0.02261409  0.06959900    0.01172428 -0.03608362   -0.06747672 -0.02192452
    2    2
  0.13564100  0.00000000   -0.00078664  0.00000000    0.00000000 -0.00076912
 -0.00078664  0.00000000    0.14791836  0.00000000    0.00000000  0.00207350
  0.00000000  0.00076912    0.00000000 -0.00207350    0.14655171  0.00000000

     Diagonalizing the dynamical matrix

     q = (    0.400000000   0.000000000   0.600000000 ) 

 **************************************************************************
     freq (    1) =       1.273681 [THz] =      42.485411 [cm-1]
 (  0.000000 -0.565613  0.127328  0.000000 -0.000000  0.404808 ) 
 (  0.565613  0.000000 -0.000000 -0.127328 -0.404808  0.000000 ) 
     freq (    2) =       1.597342 [THz] =      53.281608 [cm-1]
 (  0.000000 -0.314241 -0.599887 -0.000000  0.000000 -0.203440 ) 
 ( -0.314241 -0.000000  0.000000 -0.599887 -0.203440  0.000000 ) 
     freq (    3) =       2.961021 [THz] =      98.769043 [cm-1]
 ( -0.000000  0.307924 -0.340994 -0.000000 -0.000000  0.537500 ) 
 ( -0.307924  0.000000 -0.000000  0.340994 -0.537500  0.000000 ) 
     freq (    4) =       4.463442 [THz] =     148.884411 [cm-1]
 ( -0.000000  0.376074 -0.359423 -0.000000 -0.000000  0.478940 ) 
 (  0.376074  0.000000  0.000000 -0.359423  0.478940  0.000000 ) 
     freq (    5) =       5.141030 [THz] =     171.486288 [cm-1]
 ( -0.000000 -0.509726  0.104643  0.000000 -0.000000  0.478779 ) 
 ( -0.509726 -0.000000  0.000000  0.104643  0.478779  0.000000 ) 
     freq (    6) =       5.172483 [THz] =     172.535451 [cm-1]
 ( -0.000000  0.292001  0.606227  0.000000 -0.000000  0.217313 ) 
 ( -0.292001 -0.000000  0.000000 -0.606227 -0.217313  0.000000 ) 
 **************************************************************************
