Dynamical matrix file
                                                                           
  1    2  2 12.5600000  0.0000000  0.0000000  0.0000000  0.0000000  0.0000000
           1  'Sn  '    108197.54598352207     
    1    1      0.0000000000      0.0000000000      0.0000000000
    2    1      0.2500000000      0.2500000000      0.2500000000

     Dynamical  Matrix in cartesian axes

     q = (    0.600000000  -0.200000000   0.600000000 ) 

    1    1
  0.14108603  0.00000000   -0.00308349  0.00274436   -0.00011070  0.00000000
 -0.00308349 -0.00274436    0.15486783  0.00000000   -0.00308349 -0.00274436
 -0.00011070  0.00000000   -0.00308349  0.00274436    0.14108603  0.00000000
    1    2
 -0.02990564  0.04527250   -0.05156510  0.01681345    0.01330437 -0.07165347
 -0.05156510  0.01681345   -0.03172485  0.05471149   -0.05156510  0.01681345
  0.01330437 -0.07165347   -0.05156510  0.01681345   -0.02990564  0.04527250
    2    1
 -0.02990564 -0.04527250   -0.05156510 -0.01681345    0.01330437  0.07165347
 -0.05156510 -0.01681345   -0.03172485 -0.05471149   -0.05156510 -0.01681345
  0.01330437  0.07165347   -0.05156510 -0.01681345   -0.02990564 -0.04527250
    2    2
  0.14108603  0.00000000   -0.00308349 -0.00274436   -0.00011070  0.00000000
 -0.00308349  0.00274436    0.15486783  0.00000000   -0.00308349  0.00274436
 -0.00011070  0.00000000   -0.00308349 -0.00274436    0.14108603  0.00000000

     Dynamical  Matrix in cartesian axes

     q = (    0.600000000   0.200000000  -0.600000000 ) 

    1    1
  0.14108603  0.00000000    0.00308349 -0.00274436    0.00011070  0.00000000
  0.00308349  0.00274436    0.15486783  0.00000000   -0.00308349 -0.00274436
  0.00011070  0.00000000   -0.00308349  0.00274436    0.14108603  0.00000000
    1    2
 -0.05229806 -0.01445198    0.03192503  0.04384568   -0.07225777  0.00948893
  0.03192503  0.04384568   -0.06183723 -0.01326535   -0.03192503 -0.04384568
 -0.07225777  0.00948893   -0.03192503 -0.04384568   -0.05229806 -0.01445198
    2    1
 -0.05229806  0.01445198    0.03192503 -0.04384568   -0.07225777 -0.00948893
  0.03192503 -0.04384568   -0.06183723  0.01326535   -0.03192503  0.04384568
 -0.07225777 -0.00948893   -0.03192503  0.04384568   -0.05229806  0.01445198
    2    2
  0.14108603  0.00000000    0.00308349  0.00274436    0.00011070  0.00000000
  0.00308349 -0.00274436    0.15486783  0.00000000   -0.00308349  0.00274436
  0.00011070  0.00000000   -0.00308349 -0.00274436    0.14108603  0.00000000

     Dynamical  Matrix in cartesian axes

     q = (    0.600000000  -0.200000000  -0.600000000 ) 

    1    1
  0.14108603  0.00000000   -0.00308349 -0.00274436    0.00011070  0.00000000
 -0.00308349  0.00274436    0.15486783  0.00000000    0.00308349 -0.00274436
  0.00011070  0.00000000    0.00308349  0.00274436    0.14108603  0.00000000
    1    2
 -0.05229806  0.01445198   -0.03192503  0.04384568   -0.07225777 -0.00948893
 -0.03192503  0.04384568   -0.06183723  0.01326535    0.03192503 -0.04384568
 -0.07225777 -0.00948893    0.03192503 -0.04384568   -0.05229806  0.01445198
    2    1
 -0.05229806 -0.01445198   -0.03192503 -0.04384568   -0.07225777  0.00948893
 -0.03192503 -0.04384568   -0.06183723 -0.01326535    0.03192503  0.04384568
 -0.07225777  0.00948893    0.03192503  0.04384568   -0.05229806 -0.01445198
    2    2
  0.14108603  0.00000000   -0.00308349  0.00274436    0.00011070  0.00000000
 -0.00308349 -0.00274436    0.15486783  0.00000000    0.00308349  0.00274436
  0.00011070  0.00000000    0.00308349 -0.00274436    0.14108603  0.00000000

     Dynamical  Matrix in cartesian axes

     q = (   -0.600000000  -0.200000000   0.600000000 ) 

    1    1
  0.14108603  0.00000000    0.00308349  0.00274436    0.00011070  0.00000000
  0.00308349 -0.00274436    0.15486783  0.00000000   -0.00308349  0.00274436
  0.00011070  0.00000000   -0.00308349 -0.00274436    0.14108603  0.00000000
    1    2
 -0.05229806  0.01445198    0.03192503 -0.04384568   -0.07225777 -0.00948893
  0.03192503 -0.04384568   -0.06183723  0.01326535   -0.03192503  0.04384568
 -0.07225777 -0.00948893   -0.03192503  0.04384568   -0.05229806  0.01445198
    2    1
 -0.05229806 -0.01445198    0.03192503  0.04384568   -0.07225777  0.00948893
  0.03192503  0.04384568   -0.06183723 -0.01326535   -0.03192503 -0.04384568
 -0.07225777  0.00948893   -0.03192503 -0.04384568   -0.05229806 -0.01445198
    2    2
  0.14108603  0.00000000    0.00308349 -0.00274436    0.00011070  0.00000000
  0.00308349  0.00274436    0.15486783  0.00000000   -0.00308349 -0.00274436
  0.00011070  0.00000000   -0.00308349  0.00274436    0.14108603  0.00000000

     Dynamical  Matrix in cartesian axes

     q = (   -0.600000000  -0.200000000  -0.600000000 ) 

    1    1
  0.14108603  0.00000000    0.00308349 -0.00274436   -0.00011070  0.00000000
  0.00308349  0.00274436    0.15486783  0.00000000    0.00308349  0.00274436
 -0.00011070  0.00000000    0.00308349 -0.00274436    0.14108603  0.00000000
    1    2
  0.05080468 -0.01904813   -0.05159974 -0.01670684   -0.05288031  0.05014876
 -0.05159974 -0.01670684    0.05782455 -0.02561512   -0.05159974 -0.01670684
 -0.05288031  0.05014876   -0.05159974 -0.01670684    0.05080468 -0.01904813
    2    1
  0.05080468  0.01904813   -0.05159974  0.01670684   -0.05288031 -0.05014876
 -0.05159974  0.01670684    0.05782455  0.02561512   -0.05159974  0.01670684
 -0.05288031 -0.05014876   -0.05159974  0.01670684    0.05080468  0.01904813
    2    2
  0.14108603  0.00000000    0.00308349  0.00274436   -0.00011070  0.00000000
  0.00308349 -0.00274436    0.15486783  0.00000000    0.00308349 -0.00274436
 -0.00011070  0.00000000    0.00308349  0.00274436    0.14108603  0.00000000

     Dynamical  Matrix in cartesian axes

     q = (   -0.600000000   0.200000000  -0.600000000 ) 

    1    1
  0.14108603  0.00000000   -0.00308349 -0.00274436   -0.00011070  0.00000000
 -0.00308349  0.00274436    0.15486783  0.00000000   -0.00308349  0.00274436
 -0.00011070  0.00000000   -0.00308349 -0.00274436    0.14108603  0.00000000
    1    2
 -0.02990564 -0.04527250   -0.05156510 -0.01681345    0.01330437  0.07165347
 -0.05156510 -0.01681345   -0.03172485 -0.05471149   -0.05156510 -0.01681345
  0.01330437  0.07165347   -0.05156510 -0.01681345   -0.02990564 -0.04527250
    2    1
 -0.02990564  0.04527250   -0.05156510  0.01681345    0.01330437 -0.07165347
 -0.05156510  0.01681345   -0.03172485  0.05471149   -0.05156510  0.01681345
  0.01330437 -0.07165347   -0.05156510  0.01681345   -0.02990564  0.04527250
    2    2
  0.14108603  0.00000000   -0.00308349  0.00274436   -0.00011070  0.00000000
 -0.00308349 -0.00274436    0.15486783  0.00000000   -0.00308349 -0.00274436
 -0.00011070  0.00000000   -0.00308349  0.00274436    0.14108603  0.00000000

     Dynamical  Matrix in cartesian axes

     q = (   -0.600000000   0.200000000   0.600000000 ) 

    1    1
  0.14108603  0.00000000   -0.00308349  0.00274436    0.00011070  0.00000000
 -0.00308349 -0.00274436    0.15486783  0.00000000    0.00308349  0.00274436
  0.00011070  0.00000000    0.00308349 -0.00274436    0.14108603  0.00000000
    1    2
 -0.05229806 -0.01445198   -0.03192503 -0.04384568   -0.07225777  0.00948893
 -0.03192503 -0.04384568   -0.06183723 -0.01326535    0.03192503  0.04384568
 -0.07225777  0.00948893    0.03192503  0.04384568   -0.05229806 -0.01445198
    2    1
 -0.05229806  0.01445198   -0.03192503  0.04384568   -0.07225777 -0.00948893
 -0.03192503  0.04384568   -0.06183723  0.01326535    0.03192503 -0.04384568
 -0.07225777 -0.00948893    0.03192503 -0.04384568   -0.05229806  0.01445198
    2    2
  0.14108603  0.00000000   -0.00308349 -0.00274436    0.00011070  0.00000000
 -0.00308349  0.00274436    0.15486783  0.00000000    0.00308349 -0.00274436
  0.00011070  0.00000000    0.00308349  0.00274436    0.14108603  0.00000000

     Dynamical  Matrix in cartesian axes

     q = (    0.600000000   0.200000000   0.600000000 ) 

    1    1
  0.14108603  0.00000000    0.00308349  0.00274436   -0.00011070  0.00000000
  0.00308349 -0.00274436    0.15486783  0.00000000    0.00308349 -0.00274436
 -0.00011070  0.00000000    0.00308349  0.00274436    0.14108603  0.00000000
    1    2
  0.05080468  0.01904813   -0.05159974  0.01670684   -0.05288031 -0.05014876
 -0.05159974  0.01670684    0.05782455  0.02561512   -0.05159974  0.01670684
 -0.05288031 -0.05014876   -0.05159974  0.01670684    0.05080468  0.01904813
    2    1
  0.05080468 -0.01904813   -0.05159974 -0.01670684   -0.05288031  0.05014876
 -0.05159974 -0.01670684    0.05782455 -0.02561512   -0.05159974 -0.01670684
 -0.05288031  0.05014876   -0.05159974 -0.01670684    0.05080468 -0.01904813
    2    2
  0.14108603  0.00000000    0.00308349 -0.00274436   -0.00011070  0.00000000
  0.00308349  0.00274436    0.15486783  0.00000000    0.00308349  0.00274436
 -0.00011070  0.00000000    0.00308349 -0.00274436    0.14108603  0.00000000

     Dynamical  Matrix in cartesian axes

     q = (   -0.200000000   0.600000000   0.600000000 ) 

    1    1
  0.15486783  0.00000000   -0.00308349 -0.00274436   -0.00308349 -0.00274436
 -0.00308349  0.00274436    0.14108603  0.00000000   -0.00011070  0.00000000
 -0.00308349  0.00274436   -0.00011070  0.00000000    0.14108603  0.00000000
    1    2
 -0.03172485  0.05471149   -0.05156510  0.01681345   -0.05156510  0.01681345
 -0.05156510  0.01681345   -0.02990564  0.04527250    0.01330437 -0.07165347
 -0.05156510  0.01681345    0.01330437 -0.07165347   -0.02990564  0.04527250
    2    1
 -0.03172485 -0.05471149   -0.05156510 -0.01681345   -0.05156510 -0.01681345
 -0.05156510 -0.01681345   -0.02990564 -0.04527250    0.01330437  0.07165347
 -0.05156510 -0.01681345    0.01330437  0.07165347   -0.02990564 -0.04527250
    2    2
  0.15486783  0.00000000   -0.00308349  0.00274436   -0.00308349  0.00274436
 -0.00308349 -0.00274436    0.14108603  0.00000000   -0.00011070  0.00000000
 -0.00308349 -0.00274436   -0.00011070  0.00000000    0.14108603  0.00000000

     Dynamical  Matrix in cartesian axes

     q = (    0.200000000   0.600000000  -0.600000000 ) 

    1    1
  0.15486783  0.00000000    0.00308349  0.00274436   -0.00308349 -0.00274436
  0.00308349 -0.00274436    0.14108603  0.00000000    0.00011070  0.00000000
 -0.00308349  0.00274436    0.00011070  0.00000000    0.14108603  0.00000000
    1    2
 -0.06183723 -0.01326535    0.03192503  0.04384568   -0.03192503 -0.04384568
  0.03192503  0.04384568   -0.05229806 -0.01445198   -0.07225777  0.00948893
 -0.03192503 -0.04384568   -0.07225777  0.00948893   -0.05229806 -0.01445198
    2    1
 -0.06183723  0.01326535    0.03192503 -0.04384568   -0.03192503  0.04384568
  0.03192503 -0.04384568   -0.05229806  0.01445198   -0.07225777 -0.00948893
 -0.03192503  0.04384568   -0.07225777 -0.00948893   -0.05229806  0.01445198
    2    2
  0.15486783  0.00000000    0.00308349 -0.00274436   -0.00308349  0.00274436
  0.00308349  0.00274436    0.14108603  0.00000000    0.00011070  0.00000000
 -0.00308349 -0.00274436    0.00011070  0.00000000    0.14108603  0.00000000

     Dynamical  Matrix in cartesian axes

     q = (   -0.200000000  -0.600000000  -0.600000000 ) 

    1    1
  0.15486783  0.00000000    0.00308349  0.00274436    0.00308349  0.00274436
  0.00308349 -0.00274436    0.14108603  0.00000000   -0.00011070  0.00000000
  0.00308349 -0.00274436   -0.00011070  0.00000000    0.14108603  0.00000000
    1    2
  0.05782455 -0.02561512   -0.05159974 -0.01670684   -0.05159974 -0.01670684
 -0.05159974 -0.01670684    0.05080468 -0.01904813   -0.05288031  0.05014876
 -0.05159974 -0.01670684   -0.05288031  0.05014876    0.05080468 -0.01904813
    2    1
  0.05782455  0.02561512   -0.05159974  0.01670684   -0.05159974  0.01670684
 -0.05159974  0.01670684    0.05080468  0.01904813   -0.05288031 -0.05014876
 -0.05159974  0.01670684   -0.05288031 -0.05014876    0.05080468  0.01904813
    2    2
  0.15486783  0.00000000    0.00308349 -0.00274436    0.00308349 -0.00274436
  0.00308349  0.00274436    0.14108603  0.00000000   -0.00011070  0.00000000
  0.00308349  0.00274436   -0.00011070  0.00000000    0.14108603  0.00000000

     Dynamical  Matrix in cartesian axes

     q = (   -0.200000000   0.600000000  -0.600000000 ) 

    1    1
  0.15486783  0.00000000   -0.00308349  0.00274436    0.00308349 -0.00274436
 -0.00308349 -0.00274436    0.14108603  0.00000000    0.00011070  0.00000000
  0.00308349  0.00274436    0.00011070  0.00000000    0.14108603  0.00000000
    1    2
 -0.06183723  0.01326535   -0.03192503  0.04384568    0.03192503 -0.04384568
 -0.03192503  0.04384568   -0.05229806  0.01445198   -0.07225777 -0.00948893
  0.03192503 -0.04384568   -0.07225777 -0.00948893   -0.05229806  0.01445198
    2    1
 -0.06183723 -0.01326535   -0.03192503 -0.04384568    0.03192503  0.04384568
 -0.03192503 -0.04384568   -0.05229806 -0.01445198   -0.07225777  0.00948893
  0.03192503  0.04384568   -0.07225777  0.00948893   -0.05229806 -0.01445198
    2    2
  0.15486783  0.00000000   -0.00308349 -0.00274436    0.00308349  0.00274436
 -0.00308349  0.00274436    0.14108603  0.00000000    0.00011070  0.00000000
  0.00308349 -0.00274436    0.00011070  0.00000000    0.14108603  0.00000000

     Dynamical  Matrix in cartesian axes

     q = (    0.600000000   0.600000000  -0.200000000 ) 

    1    1
  0.14108603  0.00000000   -0.00011070  0.00000000   -0.00308349  0.00274436
 -0.00011070  0.00000000    0.14108603  0.00000000   -0.00308349  0.00274436
 -0.00308349 -0.00274436   -0.00308349 -0.00274436    0.15486783  0.00000000
    1    2
 -0.02990564  0.04527250    0.01330437 -0.07165347   -0.05156510  0.01681345
  0.01330437 -0.07165347   -0.02990564  0.04527250   -0.05156510  0.01681345
 -0.05156510  0.01681345   -0.05156510  0.01681345   -0.03172485  0.05471149
    2    1
 -0.02990564 -0.04527250    0.01330437  0.07165347   -0.05156510 -0.01681345
  0.01330437  0.07165347   -0.02990564 -0.04527250   -0.05156510 -0.01681345
 -0.05156510 -0.01681345   -0.05156510 -0.01681345   -0.03172485 -0.05471149
    2    2
  0.14108603  0.00000000   -0.00011070  0.00000000   -0.00308349 -0.00274436
 -0.00011070  0.00000000    0.14108603  0.00000000   -0.00308349 -0.00274436
 -0.00308349  0.00274436   -0.00308349  0.00274436    0.15486783  0.00000000

     Dynamical  Matrix in cartesian axes

     q = (    0.600000000  -0.600000000   0.200000000 ) 

    1    1
  0.14108603  0.00000000    0.00011070  0.00000000    0.00308349 -0.00274436
  0.00011070  0.00000000    0.14108603  0.00000000   -0.00308349  0.00274436
  0.00308349  0.00274436   -0.00308349 -0.00274436    0.15486783  0.00000000
    1    2
 -0.05229806 -0.01445198   -0.07225777  0.00948893    0.03192503  0.04384568
 -0.07225777  0.00948893   -0.05229806 -0.01445198   -0.03192503 -0.04384568
  0.03192503  0.04384568   -0.03192503 -0.04384568   -0.06183723 -0.01326535
    2    1
 -0.05229806  0.01445198   -0.07225777 -0.00948893    0.03192503 -0.04384568
 -0.07225777 -0.00948893   -0.05229806  0.01445198   -0.03192503  0.04384568
  0.03192503 -0.04384568   -0.03192503  0.04384568   -0.06183723  0.01326535
    2    2
  0.14108603  0.00000000    0.00011070  0.00000000    0.00308349  0.00274436
  0.00011070  0.00000000    0.14108603  0.00000000   -0.00308349 -0.00274436
  0.00308349 -0.00274436   -0.00308349  0.00274436    0.15486783  0.00000000

     Dynamical  Matrix in cartesian axes

     q = (   -0.600000000  -0.600000000  -0.200000000 ) 

    1    1
  0.14108603  0.00000000   -0.00011070  0.00000000    0.00308349 -0.00274436
 -0.00011070  0.00000000    0.14108603  0.00000000    0.00308349 -0.00274436
  0.00308349  0.00274436    0.00308349  0.00274436    0.15486783  0.00000000
    1    2
  0.05080468 -0.01904813   -0.05288031  0.05014876   -0.05159974 -0.01670684
 -0.05288031  0.05014876    0.05080468 -0.01904813   -0.05159974 -0.01670684
 -0.05159974 -0.01670684   -0.05159974 -0.01670684    0.05782455 -0.02561512
    2    1
  0.05080468  0.01904813   -0.05288031 -0.05014876   -0.05159974  0.01670684
 -0.05288031 -0.05014876    0.05080468  0.01904813   -0.05159974  0.01670684
 -0.05159974  0.01670684   -0.05159974  0.01670684    0.05782455  0.02561512
    2    2
  0.14108603  0.00000000   -0.00011070  0.00000000    0.00308349  0.00274436
 -0.00011070  0.00000000    0.14108603  0.00000000    0.00308349  0.00274436
  0.00308349 -0.00274436    0.00308349 -0.00274436    0.15486783  0.00000000

     Dynamical  Matrix in cartesian axes

     q = (   -0.600000000   0.600000000   0.200000000 ) 

    1    1
  0.14108603  0.00000000    0.00011070  0.00000000   -0.00308349  0.00274436
  0.00011070  0.00000000    0.14108603  0.00000000    0.00308349 -0.00274436
 -0.00308349 -0.00274436    0.00308349  0.00274436    0.15486783  0.00000000
    1    2
 -0.05229806 -0.01445198   -0.07225777  0.00948893   -0.03192503 -0.04384568
 -0.07225777  0.00948893   -0.05229806 -0.01445198    0.03192503  0.04384568
 -0.03192503 -0.04384568    0.03192503  0.04384568   -0.06183723 -0.01326535
    2    1
 -0.05229806  0.01445198   -0.07225777 -0.00948893   -0.03192503  0.04384568
 -0.07225777 -0.00948893   -0.05229806  0.01445198    0.03192503 -0.04384568
 -0.03192503  0.04384568    0.03192503 -0.04384568   -0.06183723  0.01326535
    2    2
  0.14108603  0.00000000    0.00011070  0.00000000   -0.00308349 -0.00274436
  0.00011070  0.00000000    0.14108603  0.00000000    0.00308349  0.00274436
 -0.00308349  0.00274436    0.00308349 -0.00274436    0.15486783  0.00000000

     Dynamical  Matrix in cartesian axes

     q = (    0.200000000  -0.600000000   0.600000000 ) 

    1    1
  0.15486783  0.00000000   -0.00308349 -0.00274436    0.00308349  0.00274436
 -0.00308349  0.00274436    0.14108603  0.00000000    0.00011070  0.00000000
  0.00308349 -0.00274436    0.00011070  0.00000000    0.14108603  0.00000000
    1    2
 -0.06183723 -0.01326535   -0.03192503 -0.04384568    0.03192503  0.04384568
 -0.03192503 -0.04384568   -0.05229806 -0.01445198   -0.07225777  0.00948893
  0.03192503  0.04384568   -0.07225777  0.00948893   -0.05229806 -0.01445198
    2    1
 -0.06183723  0.01326535   -0.03192503  0.04384568    0.03192503 -0.04384568
 -0.03192503  0.04384568   -0.05229806  0.01445198   -0.07225777 -0.00948893
  0.03192503 -0.04384568   -0.07225777 -0.00948893   -0.05229806  0.01445198
    2    2
  0.15486783  0.00000000   -0.00308349  0.00274436    0.00308349 -0.00274436
 -0.00308349 -0.00274436    0.14108603  0.00000000    0.00011070  0.00000000
  0.00308349  0.00274436    0.00011070  0.00000000    0.14108603  0.00000000

     Dynamical  Matrix in cartesian axes

     q = (   -0.600000000   0.600000000  -0.200000000 ) 

    1    1
  0.14108603  0.00000000    0.00011070  0.00000000    0.00308349  0.00274436
  0.00011070  0.00000000    0.14108603  0.00000000   -0.00308349 -0.00274436
  0.00308349 -0.00274436   -0.00308349  0.00274436    0.15486783  0.00000000
    1    2
 -0.05229806  0.01445198   -0.07225777 -0.00948893    0.03192503 -0.04384568
 -0.07225777 -0.00948893   -0.05229806  0.01445198   -0.03192503  0.04384568
  0.03192503 -0.04384568   -0.03192503  0.04384568   -0.06183723  0.01326535
    2    1
 -0.05229806 -0.01445198   -0.07225777  0.00948893    0.03192503  0.04384568
 -0.07225777  0.00948893   -0.05229806 -0.01445198   -0.03192503 -0.04384568
  0.03192503  0.04384568   -0.03192503 -0.04384568   -0.06183723 -0.01326535
    2    2
  0.14108603  0.00000000    0.00011070  0.00000000    0.00308349 -0.00274436
  0.00011070  0.00000000    0.14108603  0.00000000   -0.00308349  0.00274436
  0.00308349  0.00274436   -0.00308349 -0.00274436    0.15486783  0.00000000

     Dynamical  Matrix in cartesian axes

     q = (    0.200000000   0.600000000   0.600000000 ) 

    1    1
  0.15486783  0.00000000    0.00308349 -0.00274436    0.00308349 -0.00274436
  0.00308349  0.00274436    0.14108603  0.00000000   -0.00011070  0.00000000
  0.00308349  0.00274436   -0.00011070  0.00000000    0.14108603  0.00000000
    1    2
  0.05782455  0.02561512   -0.05159974  0.01670684   -0.05159974  0.01670684
 -0.05159974  0.01670684    0.05080468  0.01904813   -0.05288031 -0.05014876
 -0.05159974  0.01670684   -0.05288031 -0.05014876    0.05080468  0.01904813
    2    1
  0.05782455 -0.02561512   -0.05159974 -0.01670684   -0.05159974 -0.01670684
 -0.05159974 -0.01670684    0.05080468 -0.01904813   -0.05288031  0.05014876
 -0.05159974 -0.01670684   -0.05288031  0.05014876    0.05080468 -0.01904813
    2    2
  0.15486783  0.00000000    0.00308349  0.00274436    0.00308349  0.00274436
  0.00308349 -0.00274436    0.14108603  0.00000000   -0.00011070  0.00000000
  0.00308349 -0.00274436   -0.00011070  0.00000000    0.14108603  0.00000000

     Dynamical  Matrix in cartesian axes

     q = (   -0.200000000  -0.600000000   0.600000000 ) 

    1    1
  0.15486783  0.00000000    0.00308349 -0.00274436   -0.00308349  0.00274436
  0.00308349  0.00274436    0.14108603  0.00000000    0.00011070  0.00000000
 -0.00308349 -0.00274436    0.00011070  0.00000000    0.14108603  0.00000000
    1    2
 -0.06183723  0.01326535    0.03192503 -0.04384568   -0.03192503  0.04384568
  0.03192503 -0.04384568   -0.05229806  0.01445198   -0.07225777 -0.00948893
 -0.03192503  0.04384568   -0.07225777 -0.00948893   -0.05229806  0.01445198
    2    1
 -0.06183723 -0.01326535    0.03192503  0.04384568   -0.03192503 -0.04384568
  0.03192503  0.04384568   -0.05229806 -0.01445198   -0.07225777  0.00948893
 -0.03192503 -0.04384568   -0.07225777  0.00948893   -0.05229806 -0.01445198
    2    2
  0.15486783  0.00000000    0.00308349  0.00274436   -0.00308349 -0.00274436
  0.00308349 -0.00274436    0.14108603  0.00000000    0.00011070  0.00000000
 -0.00308349  0.00274436    0.00011070  0.00000000    0.14108603  0.00000000

     Dynamical  Matrix in cartesian axes

     q = (   -0.600000000  -0.600000000   0.200000000 ) 

    1    1
  0.14108603  0.00000000   -0.00011070  0.00000000   -0.00308349 -0.00274436
 -0.00011070  0.00000000    0.14108603  0.00000000   -0.00308349 -0.00274436
 -0.00308349  0.00274436   -0.00308349  0.00274436    0.15486783  0.00000000
    1    2
 -0.02990564 -0.04527250    0.01330437  0.07165347   -0.05156510 -0.01681345
  0.01330437  0.07165347   -0.02990564 -0.04527250   -0.05156510 -0.01681345
 -0.05156510 -0.01681345   -0.05156510 -0.01681345   -0.03172485 -0.05471149
    2    1
 -0.02990564  0.04527250    0.01330437 -0.07165347   -0.05156510  0.01681345
  0.01330437 -0.07165347   -0.02990564  0.04527250   -0.05156510  0.01681345
 -0.05156510  0.01681345   -0.05156510  0.01681345   -0.03172485  0.05471149
    2    2
  0.14108603  0.00000000   -0.00011070  0.00000000   -0.00308349  0.00274436
 -0.00011070  0.00000000    0.14108603  0.00000000   -0.00308349  0.00274436
 -0.00308349 -0.00274436   -0.00308349 -0.00274436    0.15486783  0.00000000

     Dynamical  Matrix in cartesian axes

     q = (    0.600000000   0.600000000   0.200000000 ) 

    1    1
  0.14108603  0.00000000   -0.00011070  0.00000000    0.00308349  0.00274436
 -0.00011070  0.00000000    0.14108603  0.00000000    0.00308349  0.00274436
  0.00308349 -0.00274436    0.00308349 -0.00274436    0.15486783  0.00000000
    1    2
  0.05080468  0.01904813   -0.05288031 -0.05014876   -0.05159974  0.01670684
 -0.05288031 -0.05014876    0.05080468  0.01904813   -0.05159974  0.01670684
 -0.05159974  0.01670684   -0.05159974  0.01670684    0.05782455  0.02561512
    2    1
  0.05080468 -0.01904813   -0.05288031  0.05014876   -0.05159974 -0.01670684
 -0.05288031  0.05014876    0.05080468 -0.01904813   -0.05159974 -0.01670684
 -0.05159974 -0.01670684   -0.05159974 -0.01670684    0.05782455 -0.02561512
    2    2
  0.14108603  0.00000000   -0.00011070  0.00000000    0.00308349 -0.00274436
 -0.00011070  0.00000000    0.14108603  0.00000000    0.00308349 -0.00274436
  0.00308349  0.00274436    0.00308349  0.00274436    0.15486783  0.00000000

     Dynamical  Matrix in cartesian axes

     q = (    0.200000000  -0.600000000  -0.600000000 ) 

    1    1
  0.15486783  0.00000000   -0.00308349  0.00274436   -0.00308349  0.00274436
 -0.00308349 -0.00274436    0.14108603  0.00000000   -0.00011070  0.00000000
 -0.00308349 -0.00274436   -0.00011070  0.00000000    0.14108603  0.00000000
    1    2
 -0.03172485 -0.05471149   -0.05156510 -0.01681345   -0.05156510 -0.01681345
 -0.05156510 -0.01681345   -0.02990564 -0.04527250    0.01330437  0.07165347
 -0.05156510 -0.01681345    0.01330437  0.07165347   -0.02990564 -0.04527250
    2    1
 -0.03172485  0.05471149   -0.05156510  0.01681345   -0.05156510  0.01681345
 -0.05156510  0.01681345   -0.02990564  0.04527250    0.01330437 -0.07165347
 -0.05156510  0.01681345    0.01330437 -0.07165347   -0.02990564  0.04527250
    2    2
  0.15486783  0.00000000   -0.00308349 -0.00274436   -0.00308349 -0.00274436
 -0.00308349  0.00274436    0.14108603  0.00000000   -0.00011070  0.00000000
 -0.00308349  0.00274436   -0.00011070  0.00000000    0.14108603  0.00000000

     Dynamical  Matrix in cartesian axes

     q = (    0.600000000  -0.600000000  -0.200000000 ) 

    1    1
  0.14108603  0.00000000    0.00011070  0.00000000   -0.00308349 -0.00274436
  0.00011070  0.00000000    0.14108603  0.00000000    0.00308349  0.00274436
 -0.00308349  0.00274436    0.00308349 -0.00274436    0.15486783  0.00000000
    1    2
 -0.05229806  0.01445198   -0.07225777 -0.00948893   -0.03192503  0.04384568
 -0.07225777 -0.00948893   -0.05229806  0.01445198    0.03192503 -0.04384568
 -0.03192503  0.04384568    0.03192503 -0.04384568   -0.06183723  0.01326535
    2    1
 -0.05229806 -0.01445198   -0.07225777  0.00948893   -0.03192503 -0.04384568
 -0.07225777  0.00948893   -0.05229806 -0.01445198    0.03192503  0.04384568
 -0.03192503 -0.04384568    0.03192503  0.04384568   -0.06183723 -0.01326535
    2    2
  0.14108603  0.00000000    0.00011070  0.00000000   -0.00308349  0.00274436
  0.00011070  0.00000000    0.14108603  0.00000000    0.00308349 -0.00274436
 -0.00308349 -0.00274436    0.00308349  0.00274436    0.15486783  0.00000000

     Diagonalizing the dynamical matrix

     q = (    0.600000000  -0.200000000   0.600000000 ) 

 **************************************************************************
     freq (    1) =       1.286356 [THz] =      42.908210 [cm-1]
 (  0.173319 -0.469000  0.000000 -0.000000 -0.173319  0.469000 ) 
 (  0.500000  0.000000  0.000000  0.000000 -0.500000  0.000000 ) 
     freq (    2) =       1.574612 [THz] =      52.523388 [cm-1]
 (  0.277223  0.176193  0.517907 -0.126412  0.277223  0.176193 ) 
 (  0.328476  0.000000  0.369289  0.384491  0.328476  0.000000 ) 
     freq (    3) =       3.325284 [THz] =     110.919537 [cm-1]
 (  0.399744  0.074706 -0.324217  0.253242  0.399744  0.074706 ) 
 ( -0.406665 -0.000000  0.272177  0.308492 -0.406665  0.000000 ) 
     freq (    4) =       4.260604 [THz] =     142.118443 [cm-1]
 (  0.354156  0.107289 -0.365955  0.303648  0.354156  0.107289 ) 
 (  0.370051  0.000000 -0.262199 -0.396707  0.370051  0.000000 ) 
     freq (    5) =       5.156865 [THz] =     172.014516 [cm-1]
 (  0.173319 -0.469000  0.000000  0.000000 -0.173319  0.469000 ) 
 ( -0.500000 -0.000000 -0.000000 -0.000000  0.500000  0.000000 ) 
     freq (    6) =       5.243763 [THz] =     174.913105 [cm-1]
 ( -0.198749 -0.224252 -0.555800  0.107267 -0.198749 -0.224252 ) 
 (  0.299650  0.000000  0.288368  0.487097  0.299650  0.000000 ) 
 **************************************************************************
