Dynamical matrix file
                                                                           
  1    2  2 12.5600000  0.0000000  0.0000000  0.0000000  0.0000000  0.0000000
           1  'Sn  '    108197.54598352207     
    1    1      0.0000000000      0.0000000000      0.0000000000
    2    1      0.2500000000      0.2500000000      0.2500000000

     Dynamical  Matrix in cartesian axes

     q = (   -0.300000000   0.300000000  -0.300000000 ) 

    1    1
  0.15064502  0.00000000   -0.00530067  0.00000000    0.00530067  0.00000000
 -0.00530067  0.00000000    0.15064502  0.00000000   -0.00530067  0.00000000
  0.00530067  0.00000000   -0.00530067  0.00000000    0.15064502  0.00000000
    1    2
 -0.10258394 -0.03007278   -0.03145168  0.02378062    0.03145168 -0.02378062
 -0.03145168  0.02378062   -0.10258394 -0.03007278   -0.03145168  0.02378062
  0.03145168 -0.02378062   -0.03145168  0.02378062   -0.10258394 -0.03007278
    2    1
 -0.10258394  0.03007278   -0.03145168 -0.02378062    0.03145168  0.02378062
 -0.03145168 -0.02378062   -0.10258394  0.03007278   -0.03145168 -0.02378062
  0.03145168  0.02378062   -0.03145168 -0.02378062   -0.10258394  0.03007278
    2    2
  0.15064502  0.00000000   -0.00530067  0.00000000    0.00530067  0.00000000
 -0.00530067  0.00000000    0.15064502  0.00000000   -0.00530067  0.00000000
  0.00530067  0.00000000   -0.00530067  0.00000000    0.15064502  0.00000000

     Dynamical  Matrix in cartesian axes

     q = (   -0.300000000   0.300000000   0.300000000 ) 

    1    1
  0.15064502  0.00000000   -0.00530067  0.00000000   -0.00530067  0.00000000
 -0.00530067  0.00000000    0.15064502  0.00000000    0.00530067  0.00000000
 -0.00530067  0.00000000    0.00530067  0.00000000    0.15064502  0.00000000
    1    2
 -0.10258394  0.03007278   -0.03145168 -0.02378062   -0.03145168 -0.02378062
 -0.03145168 -0.02378062   -0.10258394  0.03007278    0.03145168  0.02378062
 -0.03145168 -0.02378062    0.03145168  0.02378062   -0.10258394  0.03007278
    2    1
 -0.10258394 -0.03007278   -0.03145168  0.02378062   -0.03145168  0.02378062
 -0.03145168  0.02378062   -0.10258394 -0.03007278    0.03145168 -0.02378062
 -0.03145168  0.02378062    0.03145168 -0.02378062   -0.10258394 -0.03007278
    2    2
  0.15064502  0.00000000   -0.00530067  0.00000000   -0.00530067  0.00000000
 -0.00530067  0.00000000    0.15064502  0.00000000    0.00530067  0.00000000
 -0.00530067  0.00000000    0.00530067  0.00000000    0.15064502  0.00000000

     Dynamical  Matrix in cartesian axes

     q = (    0.300000000   0.300000000  -0.300000000 ) 

    1    1
  0.15064502  0.00000000    0.00530067  0.00000000   -0.00530067  0.00000000
  0.00530067  0.00000000    0.15064502  0.00000000   -0.00530067  0.00000000
 -0.00530067  0.00000000   -0.00530067  0.00000000    0.15064502  0.00000000
    1    2
 -0.10258394  0.03007278    0.03145168  0.02378062   -0.03145168 -0.02378062
  0.03145168  0.02378062   -0.10258394  0.03007278   -0.03145168 -0.02378062
 -0.03145168 -0.02378062   -0.03145168 -0.02378062   -0.10258394  0.03007278
    2    1
 -0.10258394 -0.03007278    0.03145168 -0.02378062   -0.03145168  0.02378062
  0.03145168 -0.02378062   -0.10258394 -0.03007278   -0.03145168  0.02378062
 -0.03145168  0.02378062   -0.03145168  0.02378062   -0.10258394 -0.03007278
    2    2
  0.15064502  0.00000000    0.00530067  0.00000000   -0.00530067  0.00000000
  0.00530067  0.00000000    0.15064502  0.00000000   -0.00530067  0.00000000
 -0.00530067  0.00000000   -0.00530067  0.00000000    0.15064502  0.00000000

     Dynamical  Matrix in cartesian axes

     q = (    0.300000000  -0.300000000   0.300000000 ) 

    1    1
  0.15064502  0.00000000   -0.00530067  0.00000000    0.00530067  0.00000000
 -0.00530067  0.00000000    0.15064502  0.00000000   -0.00530067  0.00000000
  0.00530067  0.00000000   -0.00530067  0.00000000    0.15064502  0.00000000
    1    2
 -0.10258394  0.03007278   -0.03145168 -0.02378062    0.03145168  0.02378062
 -0.03145168 -0.02378062   -0.10258394  0.03007278   -0.03145168 -0.02378062
  0.03145168  0.02378062   -0.03145168 -0.02378062   -0.10258394  0.03007278
    2    1
 -0.10258394 -0.03007278   -0.03145168  0.02378062    0.03145168 -0.02378062
 -0.03145168  0.02378062   -0.10258394 -0.03007278   -0.03145168  0.02378062
  0.03145168 -0.02378062   -0.03145168  0.02378062   -0.10258394 -0.03007278
    2    2
  0.15064502  0.00000000   -0.00530067  0.00000000    0.00530067  0.00000000
 -0.00530067  0.00000000    0.15064502  0.00000000   -0.00530067  0.00000000
  0.00530067  0.00000000   -0.00530067  0.00000000    0.15064502  0.00000000

     Dynamical  Matrix in cartesian axes

     q = (    0.300000000  -0.300000000  -0.300000000 ) 

    1    1
  0.15064502  0.00000000   -0.00530067  0.00000000   -0.00530067  0.00000000
 -0.00530067  0.00000000    0.15064502  0.00000000    0.00530067  0.00000000
 -0.00530067  0.00000000    0.00530067  0.00000000    0.15064502  0.00000000
    1    2
 -0.10258394 -0.03007278   -0.03145168  0.02378062   -0.03145168  0.02378062
 -0.03145168  0.02378062   -0.10258394 -0.03007278    0.03145168 -0.02378062
 -0.03145168  0.02378062    0.03145168 -0.02378062   -0.10258394 -0.03007278
    2    1
 -0.10258394  0.03007278   -0.03145168 -0.02378062   -0.03145168 -0.02378062
 -0.03145168 -0.02378062   -0.10258394  0.03007278    0.03145168  0.02378062
 -0.03145168 -0.02378062    0.03145168  0.02378062   -0.10258394  0.03007278
    2    2
  0.15064502  0.00000000   -0.00530067  0.00000000   -0.00530067  0.00000000
 -0.00530067  0.00000000    0.15064502  0.00000000    0.00530067  0.00000000
 -0.00530067  0.00000000    0.00530067  0.00000000    0.15064502  0.00000000

     Dynamical  Matrix in cartesian axes

     q = (    0.300000000   0.300000000   0.300000000 ) 

    1    1
  0.15064502  0.00000000    0.00530067  0.00000000    0.00530067  0.00000000
  0.00530067  0.00000000    0.15064502  0.00000000    0.00530067  0.00000000
  0.00530067  0.00000000    0.00530067  0.00000000    0.15064502  0.00000000
    1    2
  0.00309927  0.10685613   -0.03233582 -0.02256371   -0.03233582 -0.02256371
 -0.03233582 -0.02256371    0.00309927  0.10685613   -0.03233582 -0.02256371
 -0.03233582 -0.02256371   -0.03233582 -0.02256371    0.00309927  0.10685613
    2    1
  0.00309927 -0.10685613   -0.03233582  0.02256371   -0.03233582  0.02256371
 -0.03233582  0.02256371    0.00309927 -0.10685613   -0.03233582  0.02256371
 -0.03233582  0.02256371   -0.03233582  0.02256371    0.00309927 -0.10685613
    2    2
  0.15064502  0.00000000    0.00530067  0.00000000    0.00530067  0.00000000
  0.00530067  0.00000000    0.15064502  0.00000000    0.00530067  0.00000000
  0.00530067  0.00000000    0.00530067  0.00000000    0.15064502  0.00000000

     Dynamical  Matrix in cartesian axes

     q = (   -0.300000000  -0.300000000  -0.300000000 ) 

    1    1
  0.15064502  0.00000000    0.00530067  0.00000000    0.00530067  0.00000000
  0.00530067  0.00000000    0.15064502  0.00000000    0.00530067  0.00000000
  0.00530067  0.00000000    0.00530067  0.00000000    0.15064502  0.00000000
    1    2
  0.00309927 -0.10685613   -0.03233582  0.02256371   -0.03233582  0.02256371
 -0.03233582  0.02256371    0.00309927 -0.10685613   -0.03233582  0.02256371
 -0.03233582  0.02256371   -0.03233582  0.02256371    0.00309927 -0.10685613
    2    1
  0.00309927  0.10685613   -0.03233582 -0.02256371   -0.03233582 -0.02256371
 -0.03233582 -0.02256371    0.00309927  0.10685613   -0.03233582 -0.02256371
 -0.03233582 -0.02256371   -0.03233582 -0.02256371    0.00309927  0.10685613
    2    2
  0.15064502  0.00000000    0.00530067  0.00000000    0.00530067  0.00000000
  0.00530067  0.00000000    0.15064502  0.00000000    0.00530067  0.00000000
  0.00530067  0.00000000    0.00530067  0.00000000    0.15064502  0.00000000

     Dynamical  Matrix in cartesian axes

     q = (   -0.300000000  -0.300000000   0.300000000 ) 

    1    1
  0.15064502  0.00000000    0.00530067  0.00000000   -0.00530067  0.00000000
  0.00530067  0.00000000    0.15064502  0.00000000   -0.00530067  0.00000000
 -0.00530067  0.00000000   -0.00530067  0.00000000    0.15064502  0.00000000
    1    2
 -0.10258394 -0.03007278    0.03145168 -0.02378062   -0.03145168  0.02378062
  0.03145168 -0.02378062   -0.10258394 -0.03007278   -0.03145168  0.02378062
 -0.03145168  0.02378062   -0.03145168  0.02378062   -0.10258394 -0.03007278
    2    1
 -0.10258394  0.03007278    0.03145168  0.02378062   -0.03145168 -0.02378062
  0.03145168  0.02378062   -0.10258394  0.03007278   -0.03145168 -0.02378062
 -0.03145168 -0.02378062   -0.03145168 -0.02378062   -0.10258394  0.03007278
    2    2
  0.15064502  0.00000000    0.00530067  0.00000000   -0.00530067  0.00000000
  0.00530067  0.00000000    0.15064502  0.00000000   -0.00530067  0.00000000
 -0.00530067  0.00000000   -0.00530067  0.00000000    0.15064502  0.00000000

     Diagonalizing the dynamical matrix

     q = (   -0.300000000   0.300000000  -0.300000000 ) 

 **************************************************************************
     freq (    1) =       1.056624 [THz] =      35.245169 [cm-1]
 (  0.512169  0.228315  0.190067  0.213194 -0.322102 -0.015121 ) 
 (  0.522311  0.204047  0.199855  0.204047 -0.322456  0.000000 ) 
     freq (    2) =       1.056624 [THz] =      35.245169 [cm-1]
 (  0.002780 -0.137408 -0.475604 -0.159866 -0.478384 -0.022457 ) 
 ( -0.003666 -0.137387 -0.482577 -0.137387 -0.478911  0.000000 ) 
     freq (    3) =       2.721798 [THz] =      90.789425 [cm-1]
 (  0.185802  0.363517 -0.185802 -0.363517  0.185802  0.363517 ) 
 (  0.408248  0.000000 -0.408248 -0.000000  0.408248  0.000000 ) 
     freq (    4) =       4.985071 [THz] =     166.284077 [cm-1]
 (  0.185802  0.363517 -0.185802 -0.363517  0.185802  0.363517 ) 
 ( -0.408248  0.000000  0.408248  0.000000 -0.408248  0.000000 ) 
     freq (    5) =       5.287844 [THz] =     176.383501 [cm-1]
 ( -0.288432 -0.013016  0.288283  0.014057  0.576715  0.027073 ) 
 (  0.288725 -0.000523 -0.288625 -0.000523 -0.577350  0.000000 ) 
     freq (    6) =       5.287844 [THz] =     176.383501 [cm-1]
 ( -0.070802  0.494932 -0.071409  0.494904 -0.000607 -0.000028 ) 
 (  0.047516 -0.497708  0.048123 -0.497708  0.000607  0.000000 ) 
 **************************************************************************
