Dynamical matrix file
                                                                           
  1    2  2 12.5600000  0.0000000  0.0000000  0.0000000  0.0000000  0.0000000
           1  'Sn  '    108197.54598352207     
    1    1      0.0000000000      0.0000000000      0.0000000000
    2    1      0.2500000000      0.2500000000      0.2500000000

     Dynamical  Matrix in cartesian axes

     q = (    0.400000000   0.000000000   0.400000000 ) 

    1    1
  0.14319354  0.00000000    0.00000000  0.00133248    0.00211918  0.00000000
  0.00000000 -0.00133248    0.14850159  0.00000000    0.00000000 -0.00133248
  0.00211918  0.00000000    0.00000000  0.00133248    0.14319354  0.00000000
    1    2
 -0.02765409  0.08511053   -0.04935721 -0.01603713    0.01200915 -0.03696036
 -0.04935721 -0.01603713   -0.02990760  0.09204613   -0.04935721 -0.01603713
  0.01200915 -0.03696036   -0.04935721 -0.01603713   -0.02765409  0.08511053
    2    1
 -0.02765409 -0.08511053   -0.04935721  0.01603713    0.01200915  0.03696036
 -0.04935721  0.01603713   -0.02990760 -0.09204613   -0.04935721  0.01603713
  0.01200915  0.03696036   -0.04935721  0.01603713   -0.02765409 -0.08511053
    2    2
  0.14319354  0.00000000    0.00000000 -0.00133248    0.00211918  0.00000000
  0.00000000  0.00133248    0.14850159  0.00000000    0.00000000  0.00133248
  0.00211918  0.00000000    0.00000000 -0.00133248    0.14319354  0.00000000

     Dynamical  Matrix in cartesian axes

     q = (   -0.400000000   0.000000000   0.400000000 ) 

    1    1
  0.14319354  0.00000000    0.00000000  0.00133248   -0.00211918  0.00000000
  0.00000000 -0.00133248    0.14850159  0.00000000    0.00000000  0.00133248
 -0.00211918  0.00000000    0.00000000 -0.00133248    0.14319354  0.00000000
    1    2
 -0.08949051  0.00000000   -0.00000000 -0.05189725   -0.03886243  0.00000000
  0.00000000 -0.05189725   -0.09678303  0.00000000   -0.00000000  0.05189725
 -0.03886243  0.00000000    0.00000000  0.05189725   -0.08949051  0.00000000
    2    1
 -0.08949051 -0.00000000    0.00000000  0.05189725   -0.03886243 -0.00000000
 -0.00000000  0.05189725   -0.09678303 -0.00000000    0.00000000 -0.05189725
 -0.03886243  0.00000000    0.00000000 -0.05189725   -0.08949051 -0.00000000
    2    2
  0.14319354  0.00000000    0.00000000 -0.00133248   -0.00211918  0.00000000
  0.00000000  0.00133248    0.14850159  0.00000000    0.00000000 -0.00133248
 -0.00211918  0.00000000    0.00000000  0.00133248    0.14319354  0.00000000

     Dynamical  Matrix in cartesian axes

     q = (   -0.400000000   0.000000000  -0.400000000 ) 

    1    1
  0.14319354  0.00000000    0.00000000 -0.00133248    0.00211918  0.00000000
  0.00000000  0.00133248    0.14850159  0.00000000   -0.00000000  0.00133248
  0.00211918  0.00000000    0.00000000 -0.00133248    0.14319354  0.00000000
    1    2
 -0.02765409 -0.08511053   -0.04935721  0.01603713    0.01200915  0.03696036
 -0.04935721  0.01603713   -0.02990760 -0.09204613   -0.04935721  0.01603713
  0.01200915  0.03696036   -0.04935721  0.01603713   -0.02765409 -0.08511053
    2    1
 -0.02765409  0.08511053   -0.04935721 -0.01603713    0.01200915 -0.03696036
 -0.04935721 -0.01603713   -0.02990760  0.09204613   -0.04935721 -0.01603713
  0.01200915 -0.03696036   -0.04935721 -0.01603713   -0.02765409  0.08511053
    2    2
  0.14319354  0.00000000    0.00000000  0.00133248    0.00211918  0.00000000
  0.00000000 -0.00133248    0.14850159  0.00000000   -0.00000000 -0.00133248
  0.00211918  0.00000000    0.00000000  0.00133248    0.14319354  0.00000000

     Dynamical  Matrix in cartesian axes

     q = (    0.400000000   0.000000000  -0.400000000 ) 

    1    1
  0.14319354  0.00000000    0.00000000 -0.00133248   -0.00211918  0.00000000
  0.00000000  0.00133248    0.14850159  0.00000000    0.00000000 -0.00133248
 -0.00211918  0.00000000    0.00000000  0.00133248    0.14319354  0.00000000
    1    2
 -0.08949051  0.00000000    0.00000000  0.05189725   -0.03886243  0.00000000
  0.00000000  0.05189725   -0.09678303  0.00000000    0.00000000 -0.05189725
 -0.03886243  0.00000000   -0.00000000 -0.05189725   -0.08949051  0.00000000
    2    1
 -0.08949051 -0.00000000    0.00000000 -0.05189725   -0.03886243  0.00000000
  0.00000000 -0.05189725   -0.09678303 -0.00000000   -0.00000000  0.05189725
 -0.03886243  0.00000000    0.00000000  0.05189725   -0.08949051 -0.00000000
    2    2
  0.14319354  0.00000000    0.00000000  0.00133248   -0.00211918  0.00000000
  0.00000000 -0.00133248    0.14850159  0.00000000    0.00000000  0.00133248
 -0.00211918  0.00000000    0.00000000 -0.00133248    0.14319354  0.00000000

     Dynamical  Matrix in cartesian axes

     q = (    0.000000000   0.400000000   0.400000000 ) 

    1    1
  0.14850159  0.00000000    0.00000000 -0.00133248    0.00000000 -0.00133248
  0.00000000  0.00133248    0.14319354  0.00000000    0.00211918  0.00000000
  0.00000000  0.00133248    0.00211918  0.00000000    0.14319354  0.00000000
    1    2
 -0.02990760  0.09204613   -0.04935721 -0.01603713   -0.04935721 -0.01603713
 -0.04935721 -0.01603713   -0.02765409  0.08511053    0.01200915 -0.03696036
 -0.04935721 -0.01603713    0.01200915 -0.03696036   -0.02765409  0.08511053
    2    1
 -0.02990760 -0.09204613   -0.04935721  0.01603713   -0.04935721  0.01603713
 -0.04935721  0.01603713   -0.02765409 -0.08511053    0.01200915  0.03696036
 -0.04935721  0.01603713    0.01200915  0.03696036   -0.02765409 -0.08511053
    2    2
  0.14850159  0.00000000    0.00000000  0.00133248    0.00000000  0.00133248
  0.00000000 -0.00133248    0.14319354  0.00000000    0.00211918  0.00000000
  0.00000000 -0.00133248    0.00211918  0.00000000    0.14319354  0.00000000

     Dynamical  Matrix in cartesian axes

     q = (   -0.000000000   0.400000000  -0.400000000 ) 

    1    1
  0.14850159  0.00000000    0.00000000  0.00133248    0.00000000 -0.00133248
  0.00000000 -0.00133248    0.14319354  0.00000000   -0.00211918  0.00000000
  0.00000000  0.00133248   -0.00211918  0.00000000    0.14319354  0.00000000
    1    2
 -0.09678303 -0.00000000    0.00000000  0.05189725    0.00000000 -0.05189725
  0.00000000  0.05189725   -0.08949051 -0.00000000   -0.03886243 -0.00000000
 -0.00000000 -0.05189725   -0.03886243 -0.00000000   -0.08949051 -0.00000000
    2    1
 -0.09678303  0.00000000   -0.00000000 -0.05189725   -0.00000000  0.05189725
 -0.00000000 -0.05189725   -0.08949051  0.00000000   -0.03886243  0.00000000
 -0.00000000  0.05189725   -0.03886243  0.00000000   -0.08949051  0.00000000
    2    2
  0.14850159  0.00000000    0.00000000 -0.00133248    0.00000000  0.00133248
  0.00000000  0.00133248    0.14319354  0.00000000   -0.00211918  0.00000000
  0.00000000 -0.00133248   -0.00211918  0.00000000    0.14319354  0.00000000

     Dynamical  Matrix in cartesian axes

     q = (    0.000000000  -0.400000000  -0.400000000 ) 

    1    1
  0.14850159  0.00000000    0.00000000  0.00133248    0.00000000  0.00133248
  0.00000000 -0.00133248    0.14319354  0.00000000    0.00211918  0.00000000
  0.00000000 -0.00133248    0.00211918  0.00000000    0.14319354  0.00000000
    1    2
 -0.02990760 -0.09204613   -0.04935721  0.01603713   -0.04935721  0.01603713
 -0.04935721  0.01603713   -0.02765409 -0.08511053    0.01200915  0.03696036
 -0.04935721  0.01603713    0.01200915  0.03696036   -0.02765409 -0.08511053
    2    1
 -0.02990760  0.09204613   -0.04935721 -0.01603713   -0.04935721 -0.01603713
 -0.04935721 -0.01603713   -0.02765409  0.08511053    0.01200915 -0.03696036
 -0.04935721 -0.01603713    0.01200915 -0.03696036   -0.02765409  0.08511053
    2    2
  0.14850159  0.00000000    0.00000000 -0.00133248    0.00000000 -0.00133248
  0.00000000  0.00133248    0.14319354  0.00000000    0.00211918  0.00000000
  0.00000000  0.00133248    0.00211918  0.00000000    0.14319354  0.00000000

     Dynamical  Matrix in cartesian axes

     q = (    0.400000000   0.400000000   0.000000000 ) 

    1    1
  0.14319354  0.00000000    0.00211918  0.00000000   -0.00000000  0.00133248
  0.00211918  0.00000000    0.14319354  0.00000000   -0.00000000  0.00133248
  0.00000000 -0.00133248   -0.00000000 -0.00133248    0.14850159  0.00000000
    1    2
 -0.02765409  0.08511053    0.01200915 -0.03696036   -0.04935721 -0.01603713
  0.01200915 -0.03696036   -0.02765409  0.08511053   -0.04935721 -0.01603713
 -0.04935721 -0.01603713   -0.04935721 -0.01603713   -0.02990760  0.09204613
    2    1
 -0.02765409 -0.08511053    0.01200915  0.03696036   -0.04935721  0.01603713
  0.01200915  0.03696036   -0.02765409 -0.08511053   -0.04935721  0.01603713
 -0.04935721  0.01603713   -0.04935721  0.01603713   -0.02990760 -0.09204613
    2    2
  0.14319354  0.00000000    0.00211918  0.00000000    0.00000000 -0.00133248
  0.00211918  0.00000000    0.14319354  0.00000000    0.00000000 -0.00133248
 -0.00000000  0.00133248    0.00000000  0.00133248    0.14850159  0.00000000

     Dynamical  Matrix in cartesian axes

     q = (    0.400000000  -0.400000000  -0.000000000 ) 

    1    1
  0.14319354  0.00000000   -0.00211918  0.00000000    0.00000000 -0.00133248
 -0.00211918  0.00000000    0.14319354  0.00000000    0.00000000  0.00133248
  0.00000000  0.00133248    0.00000000 -0.00133248    0.14850159  0.00000000
    1    2
 -0.08949051 -0.00000000   -0.03886243 -0.00000000    0.00000000  0.05189725
 -0.03886243  0.00000000   -0.08949051 -0.00000000    0.00000000 -0.05189725
 -0.00000000  0.05189725    0.00000000 -0.05189725   -0.09678303 -0.00000000
    2    1
 -0.08949051  0.00000000   -0.03886243  0.00000000   -0.00000000 -0.05189725
 -0.03886243  0.00000000   -0.08949051  0.00000000   -0.00000000  0.05189725
 -0.00000000 -0.05189725   -0.00000000  0.05189725   -0.09678303  0.00000000
    2    2
  0.14319354  0.00000000   -0.00211918  0.00000000    0.00000000  0.00133248
 -0.00211918  0.00000000    0.14319354  0.00000000    0.00000000 -0.00133248
  0.00000000 -0.00133248    0.00000000  0.00133248    0.14850159  0.00000000

     Dynamical  Matrix in cartesian axes

     q = (   -0.400000000  -0.400000000   0.000000000 ) 

    1    1
  0.14319354  0.00000000    0.00211918  0.00000000   -0.00000000 -0.00133248
  0.00211918  0.00000000    0.14319354  0.00000000   -0.00000000 -0.00133248
  0.00000000  0.00133248   -0.00000000  0.00133248    0.14850159  0.00000000
    1    2
 -0.02765409 -0.08511053    0.01200915  0.03696036   -0.04935721  0.01603713
  0.01200915  0.03696036   -0.02765409 -0.08511053   -0.04935721  0.01603713
 -0.04935721  0.01603713   -0.04935721  0.01603713   -0.02990760 -0.09204613
    2    1
 -0.02765409  0.08511053    0.01200915 -0.03696036   -0.04935721 -0.01603713
  0.01200915 -0.03696036   -0.02765409  0.08511053   -0.04935721 -0.01603713
 -0.04935721 -0.01603713   -0.04935721 -0.01603713   -0.02990760  0.09204613
    2    2
  0.14319354  0.00000000    0.00211918  0.00000000    0.00000000  0.00133248
  0.00211918  0.00000000    0.14319354  0.00000000    0.00000000  0.00133248
  0.00000000 -0.00133248   -0.00000000 -0.00133248    0.14850159  0.00000000

     Dynamical  Matrix in cartesian axes

     q = (   -0.400000000   0.400000000  -0.000000000 ) 

    1    1
  0.14319354  0.00000000   -0.00211918  0.00000000    0.00000000  0.00133248
 -0.00211918  0.00000000    0.14319354  0.00000000    0.00000000 -0.00133248
  0.00000000 -0.00133248    0.00000000  0.00133248    0.14850159  0.00000000
    1    2
 -0.08949051 -0.00000000   -0.03886243  0.00000000    0.00000000 -0.05189725
 -0.03886243  0.00000000   -0.08949051 -0.00000000    0.00000000  0.05189725
  0.00000000 -0.05189725   -0.00000000  0.05189725   -0.09678303 -0.00000000
    2    1
 -0.08949051  0.00000000   -0.03886243  0.00000000   -0.00000000  0.05189725
 -0.03886243  0.00000000   -0.08949051  0.00000000   -0.00000000 -0.05189725
 -0.00000000  0.05189725   -0.00000000 -0.05189725   -0.09678303  0.00000000
    2    2
  0.14319354  0.00000000   -0.00211918  0.00000000    0.00000000 -0.00133248
 -0.00211918  0.00000000    0.14319354  0.00000000    0.00000000  0.00133248
  0.00000000  0.00133248    0.00000000 -0.00133248    0.14850159  0.00000000

     Dynamical  Matrix in cartesian axes

     q = (   -0.000000000  -0.400000000   0.400000000 ) 

    1    1
  0.14850159  0.00000000    0.00000000 -0.00133248    0.00000000  0.00133248
  0.00000000  0.00133248    0.14319354  0.00000000   -0.00211918  0.00000000
  0.00000000 -0.00133248   -0.00211918  0.00000000    0.14319354  0.00000000
    1    2
 -0.09678303 -0.00000000    0.00000000 -0.05189725    0.00000000  0.05189725
  0.00000000 -0.05189725   -0.08949051 -0.00000000   -0.03886243 -0.00000000
  0.00000000  0.05189725   -0.03886243 -0.00000000   -0.08949051 -0.00000000
    2    1
 -0.09678303  0.00000000    0.00000000  0.05189725    0.00000000 -0.05189725
  0.00000000  0.05189725   -0.08949051  0.00000000   -0.03886243  0.00000000
  0.00000000 -0.05189725   -0.03886243  0.00000000   -0.08949051  0.00000000
    2    2
  0.14850159  0.00000000   -0.00000000  0.00133248   -0.00000000 -0.00133248
  0.00000000 -0.00133248    0.14319354  0.00000000   -0.00211918  0.00000000
  0.00000000  0.00133248   -0.00211918  0.00000000    0.14319354  0.00000000

     Diagonalizing the dynamical matrix

     q = (    0.400000000   0.000000000   0.400000000 ) 

 **************************************************************************
     freq (    1) =       1.128065 [THz] =      37.628204 [cm-1]
 ( -0.154508  0.475528  0.000000 -0.000000  0.154508 -0.475528 ) 
 ( -0.500000 -0.000000  0.000000 -0.000000  0.500000 -0.000000 ) 
     freq (    2) =       1.492668 [THz] =      49.790036 [cm-1]
 ( -0.058829  0.181056  0.621845  0.202050 -0.058829  0.181056 ) 
 (  0.190374  0.000000 -0.000000  0.653847  0.190374  0.000000 ) 
     freq (    3) =       2.520499 [THz] =      84.074804 [cm-1]
 (  0.142752 -0.439344  0.257309  0.083605  0.142752 -0.439344 ) 
 (  0.461954 -0.000000 -0.000000 -0.270551  0.461954  0.000000 ) 
     freq (    4) =       4.748204 [THz] =     158.383053 [cm-1]
 (  0.142871 -0.439711  0.256052  0.083196  0.142871 -0.439711 ) 
 ( -0.462340  0.000000  0.000000  0.269229 -0.462340  0.000000 ) 
     freq (    5) =       5.191432 [THz] =     173.167516 [cm-1]
 ( -0.154508  0.475528 -0.000000  0.000000  0.154508 -0.475528 ) 
 (  0.500000 -0.000000  0.000000  0.000000 -0.500000  0.000000 ) 
     freq (    6) =       5.258745 [THz] =     175.412839 [cm-1]
 ( -0.059118  0.181945  0.621326  0.201881 -0.059118  0.181945 ) 
 ( -0.191308  0.000000 -0.000000 -0.653301 -0.191308  0.000000 ) 
 **************************************************************************
