Dynamical matrix file
                                                                           
  1    2  2 12.5600000  0.0000000  0.0000000  0.0000000  0.0000000  0.0000000
           1  'Sn  '    108197.54598352207     
    1    1      0.0000000000      0.0000000000      0.0000000000
    2    1      0.2500000000      0.2500000000      0.2500000000

     Dynamical  Matrix in cartesian axes

     q = (    0.000000000   0.400000000   0.000000000 ) 

    1    1
  0.13770785  0.00000000    0.00000000  0.00000000   -0.00000000  0.00000000
  0.00000000  0.00000000    0.16142407  0.00000000   -0.00000000  0.00000000
 -0.00000000  0.00000000    0.00000000  0.00000000    0.13770785  0.00000000
    1    2
 -0.08996040  0.06536006    0.00000000  0.00000000   -0.03663686 -0.05042631
  0.00000000 -0.00000000   -0.09772168  0.07099896   -0.00000000  0.00000000
 -0.03663686 -0.05042631    0.00000000  0.00000000   -0.08996040  0.06536006
    2    1
 -0.08996040 -0.06536006    0.00000000 -0.00000000   -0.03663686  0.05042631
  0.00000000  0.00000000   -0.09772168 -0.07099896   -0.00000000  0.00000000
 -0.03663686  0.05042631    0.00000000 -0.00000000   -0.08996040 -0.06536006
    2    2
  0.13770785  0.00000000    0.00000000  0.00000000   -0.00000000  0.00000000
  0.00000000  0.00000000    0.16142407  0.00000000   -0.00000000  0.00000000
 -0.00000000  0.00000000    0.00000000  0.00000000    0.13770785  0.00000000

     Dynamical  Matrix in cartesian axes

     q = (    0.000000000  -0.400000000   0.000000000 ) 

    1    1
  0.13770785  0.00000000    0.00000000  0.00000000   -0.00000000  0.00000000
  0.00000000  0.00000000    0.16142407  0.00000000   -0.00000000  0.00000000
 -0.00000000  0.00000000    0.00000000  0.00000000    0.13770785  0.00000000
    1    2
 -0.08996040 -0.06536006    0.00000000 -0.00000000   -0.03663686  0.05042631
  0.00000000  0.00000000   -0.09772168 -0.07099896    0.00000000  0.00000000
 -0.03663686  0.05042631    0.00000000 -0.00000000   -0.08996040 -0.06536006
    2    1
 -0.08996040  0.06536006    0.00000000  0.00000000   -0.03663686 -0.05042631
  0.00000000 -0.00000000   -0.09772168  0.07099896    0.00000000  0.00000000
 -0.03663686 -0.05042631    0.00000000  0.00000000   -0.08996040  0.06536006
    2    2
  0.13770785  0.00000000    0.00000000  0.00000000   -0.00000000  0.00000000
  0.00000000  0.00000000    0.16142407  0.00000000   -0.00000000  0.00000000
 -0.00000000  0.00000000    0.00000000  0.00000000    0.13770785  0.00000000

     Dynamical  Matrix in cartesian axes

     q = (    0.400000000   0.000000000   0.000000000 ) 

    1    1
  0.16142407  0.00000000    0.00000000  0.00000000   -0.00000000  0.00000000
  0.00000000  0.00000000    0.13770785  0.00000000   -0.00000000  0.00000000
 -0.00000000  0.00000000    0.00000000  0.00000000    0.13770785  0.00000000
    1    2
 -0.09772168  0.07099896    0.00000000  0.00000000    0.00000000 -0.00000000
 -0.00000000  0.00000000   -0.08996040  0.06536006   -0.03663686 -0.05042631
  0.00000000  0.00000000   -0.03663686 -0.05042631   -0.08996040  0.06536006
    2    1
 -0.09772168 -0.07099896    0.00000000 -0.00000000    0.00000000  0.00000000
 -0.00000000  0.00000000   -0.08996040 -0.06536006   -0.03663686  0.05042631
  0.00000000  0.00000000   -0.03663686  0.05042631   -0.08996040 -0.06536006
    2    2
  0.16142407  0.00000000    0.00000000  0.00000000   -0.00000000  0.00000000
  0.00000000  0.00000000    0.13770785  0.00000000   -0.00000000  0.00000000
 -0.00000000  0.00000000    0.00000000  0.00000000    0.13770785  0.00000000

     Dynamical  Matrix in cartesian axes

     q = (   -0.400000000   0.000000000   0.000000000 ) 

    1    1
  0.16142407  0.00000000    0.00000000  0.00000000   -0.00000000  0.00000000
  0.00000000  0.00000000    0.13770785  0.00000000   -0.00000000  0.00000000
 -0.00000000  0.00000000    0.00000000  0.00000000    0.13770785  0.00000000
    1    2
 -0.09772168 -0.07099896   -0.00000000 -0.00000000    0.00000000  0.00000000
 -0.00000000 -0.00000000   -0.08996040 -0.06536006   -0.03663686  0.05042631
  0.00000000  0.00000000   -0.03663686  0.05042631   -0.08996040 -0.06536006
    2    1
 -0.09772168  0.07099896   -0.00000000  0.00000000    0.00000000 -0.00000000
 -0.00000000  0.00000000   -0.08996040  0.06536006   -0.03663686 -0.05042631
  0.00000000 -0.00000000   -0.03663686 -0.05042631   -0.08996040  0.06536006
    2    2
  0.16142407  0.00000000    0.00000000  0.00000000   -0.00000000  0.00000000
  0.00000000  0.00000000    0.13770785  0.00000000   -0.00000000  0.00000000
 -0.00000000  0.00000000    0.00000000  0.00000000    0.13770785  0.00000000

     Dynamical  Matrix in cartesian axes

     q = (    0.000000000   0.000000000   0.400000000 ) 

    1    1
  0.13770785  0.00000000    0.00000000  0.00000000   -0.00000000  0.00000000
  0.00000000  0.00000000    0.13770785  0.00000000   -0.00000000  0.00000000
 -0.00000000  0.00000000    0.00000000  0.00000000    0.16142407  0.00000000
    1    2
 -0.08996040  0.06536006   -0.03663686 -0.05042631   -0.00000000 -0.00000000
 -0.03663686 -0.05042631   -0.08996040  0.06536006    0.00000000 -0.00000000
 -0.00000000 -0.00000000    0.00000000  0.00000000   -0.09772168  0.07099896
    2    1
 -0.08996040 -0.06536006   -0.03663686  0.05042631   -0.00000000  0.00000000
 -0.03663686  0.05042631   -0.08996040 -0.06536006    0.00000000  0.00000000
 -0.00000000  0.00000000    0.00000000 -0.00000000   -0.09772168 -0.07099896
    2    2
  0.13770785  0.00000000    0.00000000  0.00000000   -0.00000000  0.00000000
  0.00000000  0.00000000    0.13770785  0.00000000   -0.00000000  0.00000000
 -0.00000000  0.00000000    0.00000000  0.00000000    0.16142407  0.00000000

     Dynamical  Matrix in cartesian axes

     q = (    0.000000000   0.000000000  -0.400000000 ) 

    1    1
  0.13770785  0.00000000    0.00000000  0.00000000   -0.00000000  0.00000000
  0.00000000  0.00000000    0.13770785  0.00000000   -0.00000000  0.00000000
 -0.00000000  0.00000000    0.00000000  0.00000000    0.16142407  0.00000000
    1    2
 -0.08996040 -0.06536006   -0.03663686  0.05042631    0.00000000  0.00000000
 -0.03663686  0.05042631   -0.08996040 -0.06536006    0.00000000  0.00000000
  0.00000000  0.00000000    0.00000000 -0.00000000   -0.09772168 -0.07099896
    2    1
 -0.08996040  0.06536006   -0.03663686 -0.05042631    0.00000000 -0.00000000
 -0.03663686 -0.05042631   -0.08996040  0.06536006    0.00000000 -0.00000000
  0.00000000 -0.00000000    0.00000000  0.00000000   -0.09772168  0.07099896
    2    2
  0.13770785  0.00000000    0.00000000  0.00000000   -0.00000000  0.00000000
  0.00000000  0.00000000    0.13770785  0.00000000   -0.00000000  0.00000000
 -0.00000000  0.00000000    0.00000000  0.00000000    0.16142407  0.00000000

     Diagonalizing the dynamical matrix

     q = (    0.000000000   0.400000000   0.000000000 ) 

 **************************************************************************
     freq (    1) =       1.011729 [THz] =      33.747641 [cm-1]
 (  0.292120 -0.172190  0.000000 -0.000000 -0.366874  0.500420 ) 
 (  0.386953  0.317212  0.000000 -0.000000 -0.499644  0.000000 ) 
     freq (    2) =       1.011729 [THz] =      33.747641 [cm-1]
 (  0.578905  0.223352 -0.000000  0.000000  0.338856 -0.012656 ) 
 (  0.386402  0.316761 -0.000000 -0.000000  0.500356  0.000000 ) 
     freq (    3) =       2.016082 [THz] =      67.249241 [cm-1]
 ( -0.000000 -0.000000 -0.596464  0.379777 -0.000000  0.000000 ) 
 ( -0.000000  0.000000 -0.705777 -0.043347 -0.000000  0.000000 ) 
     freq (    4) =       5.150378 [THz] =     171.798104 [cm-1]
 (  0.219338  0.263646  0.000000 -0.000000  0.507575 -0.353199 ) 
 ( -0.025771  0.003778 -0.000000  0.000000 -0.706627  0.000000 ) 
     freq (    5) =       5.150378 [THz] =     171.798104 [cm-1]
 ( -0.433365  0.441109 -0.000000  0.000000 -0.223101 -0.260469 ) 
 (  0.699155 -0.102491  0.000000 -0.000000 -0.026047  0.000000 ) 
     freq (    6) =       5.313200 [THz] =     177.229273 [cm-1]
 ( -0.000000  0.000000  0.373507 -0.600410 -0.000000 -0.000000 ) 
 (  0.000000 -0.000000 -0.655086  0.266200  0.000000  0.000000 ) 
 **************************************************************************
