Dynamical matrix file
                                                                           
  1    2  2 12.5600000  0.0000000  0.0000000  0.0000000  0.0000000  0.0000000
           1  'Sn  '    108197.54598352207     
    1    1      0.0000000000      0.0000000000      0.0000000000
    2    1      0.2500000000      0.2500000000      0.2500000000

     Dynamical  Matrix in cartesian axes

     q = (   -0.200000000   0.600000000  -0.200000000 ) 

    1    1
  0.13778996  0.00000000   -0.00134491  0.00287146   -0.00039885  0.00000000
 -0.00134491 -0.00287146    0.15880944  0.00000000   -0.00134491 -0.00287146
 -0.00039885  0.00000000   -0.00134491  0.00287146    0.13778996  0.00000000
    1    2
 -0.06535617  0.03349605   -0.02029848  0.02530032   -0.01824826 -0.08048010
 -0.02029848  0.02530032   -0.06905417  0.04210002   -0.02029848  0.02530032
 -0.01824826 -0.08048010   -0.02029848  0.02530032   -0.06535617  0.03349605
    2    1
 -0.06535617 -0.03349605   -0.02029848 -0.02530032   -0.01824826  0.08048010
 -0.02029848 -0.02530032   -0.06905417 -0.04210002   -0.02029848 -0.02530032
 -0.01824826  0.08048010   -0.02029848 -0.02530032   -0.06535617 -0.03349605
    2    2
  0.13778996  0.00000000   -0.00134491 -0.00287146   -0.00039885  0.00000000
 -0.00134491  0.00287146    0.15880944  0.00000000   -0.00134491  0.00287146
 -0.00039885  0.00000000   -0.00134491 -0.00287146    0.13778996  0.00000000

     Dynamical  Matrix in cartesian axes

     q = (    0.200000000   0.600000000  -0.200000000 ) 

    1    1
  0.13778996  0.00000000    0.00134491  0.00287146    0.00039885  0.00000000
  0.00134491 -0.00287146    0.15880944  0.00000000   -0.00134491  0.00287146
  0.00039885  0.00000000   -0.00134491 -0.00287146    0.13778996  0.00000000
    1    2
 -0.05205281  0.05180656    0.03033461 -0.01148677   -0.07090210 -0.04222484
  0.03033461 -0.01148677   -0.06137841  0.05266480   -0.03033461  0.01148677
 -0.07090210 -0.04222484   -0.03033461  0.01148677   -0.05205281  0.05180656
    2    1
 -0.05205281 -0.05180656    0.03033461  0.01148677   -0.07090210  0.04222484
  0.03033461  0.01148677   -0.06137841 -0.05266480   -0.03033461 -0.01148677
 -0.07090210  0.04222484   -0.03033461 -0.01148677   -0.05205281 -0.05180656
    2    2
  0.13778996  0.00000000    0.00134491 -0.00287146    0.00039885  0.00000000
  0.00134491  0.00287146    0.15880944  0.00000000   -0.00134491 -0.00287146
  0.00039885  0.00000000   -0.00134491  0.00287146    0.13778996  0.00000000

     Dynamical  Matrix in cartesian axes

     q = (    0.200000000   0.600000000   0.200000000 ) 

    1    1
  0.13778996  0.00000000    0.00134491 -0.00287146   -0.00039885  0.00000000
  0.00134491  0.00287146    0.15880944  0.00000000    0.00134491  0.00287146
 -0.00039885  0.00000000    0.00134491 -0.00287146    0.13778996  0.00000000
    1    2
  0.01166047  0.07250826   -0.01778946 -0.02712323   -0.08218015 -0.00751459
 -0.01778946 -0.02712323    0.01870059  0.07868404   -0.01778946 -0.02712323
 -0.08218015 -0.00751459   -0.01778946 -0.02712323    0.01166047  0.07250826
    2    1
  0.01166047 -0.07250826   -0.01778946  0.02712323   -0.08218015  0.00751459
 -0.01778946  0.02712323    0.01870059 -0.07868404   -0.01778946  0.02712323
 -0.08218015  0.00751459   -0.01778946  0.02712323    0.01166047 -0.07250826
    2    2
  0.13778996  0.00000000    0.00134491  0.00287146   -0.00039885  0.00000000
  0.00134491 -0.00287146    0.15880944  0.00000000    0.00134491 -0.00287146
 -0.00039885  0.00000000    0.00134491  0.00287146    0.13778996  0.00000000

     Dynamical  Matrix in cartesian axes

     q = (   -0.200000000   0.600000000   0.200000000 ) 

    1    1
  0.13778996  0.00000000   -0.00134491 -0.00287146    0.00039885  0.00000000
 -0.00134491  0.00287146    0.15880944  0.00000000    0.00134491 -0.00287146
  0.00039885  0.00000000    0.00134491  0.00287146    0.13778996  0.00000000
    1    2
 -0.05205281  0.05180656   -0.03033461  0.01148677   -0.07090210 -0.04222484
 -0.03033461  0.01148677   -0.06137841  0.05266480    0.03033461 -0.01148677
 -0.07090210 -0.04222484    0.03033461 -0.01148677   -0.05205281  0.05180656
    2    1
 -0.05205281 -0.05180656   -0.03033461 -0.01148677   -0.07090210  0.04222484
 -0.03033461 -0.01148677   -0.06137841 -0.05266480    0.03033461  0.01148677
 -0.07090210  0.04222484    0.03033461  0.01148677   -0.05205281 -0.05180656
    2    2
  0.13778996  0.00000000   -0.00134491  0.00287146    0.00039885  0.00000000
 -0.00134491 -0.00287146    0.15880944  0.00000000    0.00134491  0.00287146
  0.00039885  0.00000000    0.00134491 -0.00287146    0.13778996  0.00000000

     Dynamical  Matrix in cartesian axes

     q = (    0.200000000  -0.600000000   0.200000000 ) 

    1    1
  0.13778996  0.00000000   -0.00134491 -0.00287146   -0.00039885  0.00000000
 -0.00134491  0.00287146    0.15880944  0.00000000   -0.00134491  0.00287146
 -0.00039885  0.00000000   -0.00134491 -0.00287146    0.13778996  0.00000000
    1    2
 -0.06535617 -0.03349605   -0.02029848 -0.02530032   -0.01824826  0.08048010
 -0.02029848 -0.02530032   -0.06905417 -0.04210002   -0.02029848 -0.02530032
 -0.01824826  0.08048010   -0.02029848 -0.02530032   -0.06535617 -0.03349605
    2    1
 -0.06535617  0.03349605   -0.02029848  0.02530032   -0.01824826 -0.08048010
 -0.02029848  0.02530032   -0.06905417  0.04210002   -0.02029848  0.02530032
 -0.01824826 -0.08048010   -0.02029848  0.02530032   -0.06535617  0.03349605
    2    2
  0.13778996  0.00000000   -0.00134491  0.00287146   -0.00039885  0.00000000
 -0.00134491 -0.00287146    0.15880944  0.00000000   -0.00134491 -0.00287146
 -0.00039885  0.00000000   -0.00134491  0.00287146    0.13778996  0.00000000

     Dynamical  Matrix in cartesian axes

     q = (    0.200000000  -0.600000000  -0.200000000 ) 

    1    1
  0.13778996  0.00000000   -0.00134491  0.00287146    0.00039885  0.00000000
 -0.00134491 -0.00287146    0.15880944  0.00000000    0.00134491  0.00287146
  0.00039885  0.00000000    0.00134491 -0.00287146    0.13778996  0.00000000
    1    2
 -0.05205281 -0.05180656   -0.03033461 -0.01148677   -0.07090210  0.04222484
 -0.03033461 -0.01148677   -0.06137841 -0.05266480    0.03033461  0.01148677
 -0.07090210  0.04222484    0.03033461  0.01148677   -0.05205281 -0.05180656
    2    1
 -0.05205281  0.05180656   -0.03033461  0.01148677   -0.07090210 -0.04222484
 -0.03033461  0.01148677   -0.06137841  0.05266480    0.03033461 -0.01148677
 -0.07090210 -0.04222484    0.03033461 -0.01148677   -0.05205281  0.05180656
    2    2
  0.13778996  0.00000000   -0.00134491 -0.00287146    0.00039885  0.00000000
 -0.00134491  0.00287146    0.15880944  0.00000000    0.00134491 -0.00287146
  0.00039885  0.00000000    0.00134491  0.00287146    0.13778996  0.00000000

     Dynamical  Matrix in cartesian axes

     q = (   -0.200000000  -0.600000000   0.200000000 ) 

    1    1
  0.13778996  0.00000000    0.00134491 -0.00287146    0.00039885  0.00000000
  0.00134491  0.00287146    0.15880944  0.00000000   -0.00134491 -0.00287146
  0.00039885  0.00000000   -0.00134491  0.00287146    0.13778996  0.00000000
    1    2
 -0.05205281 -0.05180656    0.03033461  0.01148677   -0.07090210  0.04222484
  0.03033461  0.01148677   -0.06137841 -0.05266480   -0.03033461 -0.01148677
 -0.07090210  0.04222484   -0.03033461 -0.01148677   -0.05205281 -0.05180656
    2    1
 -0.05205281  0.05180656    0.03033461 -0.01148677   -0.07090210 -0.04222484
  0.03033461 -0.01148677   -0.06137841  0.05266480   -0.03033461  0.01148677
 -0.07090210 -0.04222484   -0.03033461  0.01148677   -0.05205281  0.05180656
    2    2
  0.13778996  0.00000000    0.00134491  0.00287146    0.00039885  0.00000000
  0.00134491 -0.00287146    0.15880944  0.00000000   -0.00134491  0.00287146
  0.00039885  0.00000000   -0.00134491 -0.00287146    0.13778996  0.00000000

     Dynamical  Matrix in cartesian axes

     q = (   -0.200000000  -0.600000000  -0.200000000 ) 

    1    1
  0.13778996  0.00000000    0.00134491  0.00287146   -0.00039885  0.00000000
  0.00134491 -0.00287146    0.15880944  0.00000000    0.00134491 -0.00287146
 -0.00039885  0.00000000    0.00134491  0.00287146    0.13778996  0.00000000
    1    2
  0.01166047 -0.07250826   -0.01778946  0.02712323   -0.08218015  0.00751459
 -0.01778946  0.02712323    0.01870059 -0.07868404   -0.01778946  0.02712323
 -0.08218015  0.00751459   -0.01778946  0.02712323    0.01166047 -0.07250826
    2    1
  0.01166047  0.07250826   -0.01778946 -0.02712323   -0.08218015 -0.00751459
 -0.01778946 -0.02712323    0.01870059  0.07868404   -0.01778946 -0.02712323
 -0.08218015 -0.00751459   -0.01778946 -0.02712323    0.01166047  0.07250826
    2    2
  0.13778996  0.00000000    0.00134491 -0.00287146   -0.00039885  0.00000000
  0.00134491  0.00287146    0.15880944  0.00000000    0.00134491  0.00287146
 -0.00039885  0.00000000    0.00134491 -0.00287146    0.13778996  0.00000000

     Dynamical  Matrix in cartesian axes

     q = (    0.600000000  -0.200000000  -0.200000000 ) 

    1    1
  0.15880944  0.00000000   -0.00134491 -0.00287146   -0.00134491 -0.00287146
 -0.00134491  0.00287146    0.13778996  0.00000000   -0.00039885  0.00000000
 -0.00134491  0.00287146   -0.00039885  0.00000000    0.13778996  0.00000000
    1    2
 -0.06905417  0.04210002   -0.02029848  0.02530032   -0.02029848  0.02530032
 -0.02029848  0.02530032   -0.06535617  0.03349605   -0.01824826 -0.08048010
 -0.02029848  0.02530032   -0.01824826 -0.08048010   -0.06535617  0.03349605
    2    1
 -0.06905417 -0.04210002   -0.02029848 -0.02530032   -0.02029848 -0.02530032
 -0.02029848 -0.02530032   -0.06535617 -0.03349605   -0.01824826  0.08048010
 -0.02029848 -0.02530032   -0.01824826  0.08048010   -0.06535617 -0.03349605
    2    2
  0.15880944  0.00000000   -0.00134491  0.00287146   -0.00134491  0.00287146
 -0.00134491 -0.00287146    0.13778996  0.00000000   -0.00039885  0.00000000
 -0.00134491 -0.00287146   -0.00039885  0.00000000    0.13778996  0.00000000

     Dynamical  Matrix in cartesian axes

     q = (   -0.600000000  -0.200000000   0.200000000 ) 

    1    1
  0.15880944  0.00000000    0.00134491  0.00287146   -0.00134491 -0.00287146
  0.00134491 -0.00287146    0.13778996  0.00000000    0.00039885  0.00000000
 -0.00134491  0.00287146    0.00039885  0.00000000    0.13778996  0.00000000
    1    2
 -0.06137841 -0.05266480    0.03033461  0.01148677   -0.03033461 -0.01148677
  0.03033461  0.01148677   -0.05205281 -0.05180656   -0.07090210  0.04222484
 -0.03033461 -0.01148677   -0.07090210  0.04222484   -0.05205281 -0.05180656
    2    1
 -0.06137841  0.05266480    0.03033461 -0.01148677   -0.03033461  0.01148677
  0.03033461 -0.01148677   -0.05205281  0.05180656   -0.07090210 -0.04222484
 -0.03033461  0.01148677   -0.07090210 -0.04222484   -0.05205281  0.05180656
    2    2
  0.15880944  0.00000000    0.00134491 -0.00287146   -0.00134491  0.00287146
  0.00134491  0.00287146    0.13778996  0.00000000    0.00039885  0.00000000
 -0.00134491 -0.00287146    0.00039885  0.00000000    0.13778996  0.00000000

     Dynamical  Matrix in cartesian axes

     q = (    0.600000000   0.200000000   0.200000000 ) 

    1    1
  0.15880944  0.00000000    0.00134491  0.00287146    0.00134491  0.00287146
  0.00134491 -0.00287146    0.13778996  0.00000000   -0.00039885  0.00000000
  0.00134491 -0.00287146   -0.00039885  0.00000000    0.13778996  0.00000000
    1    2
  0.01870059  0.07868404   -0.01778946 -0.02712323   -0.01778946 -0.02712323
 -0.01778946 -0.02712323    0.01166047  0.07250826   -0.08218015 -0.00751459
 -0.01778946 -0.02712323   -0.08218015 -0.00751459    0.01166047  0.07250826
    2    1
  0.01870059 -0.07868404   -0.01778946  0.02712323   -0.01778946  0.02712323
 -0.01778946  0.02712323    0.01166047 -0.07250826   -0.08218015  0.00751459
 -0.01778946  0.02712323   -0.08218015  0.00751459    0.01166047 -0.07250826
    2    2
  0.15880944  0.00000000    0.00134491 -0.00287146    0.00134491 -0.00287146
  0.00134491  0.00287146    0.13778996  0.00000000   -0.00039885  0.00000000
  0.00134491  0.00287146   -0.00039885  0.00000000    0.13778996  0.00000000

     Dynamical  Matrix in cartesian axes

     q = (    0.600000000  -0.200000000   0.200000000 ) 

    1    1
  0.15880944  0.00000000   -0.00134491  0.00287146    0.00134491 -0.00287146
 -0.00134491 -0.00287146    0.13778996  0.00000000    0.00039885  0.00000000
  0.00134491  0.00287146    0.00039885  0.00000000    0.13778996  0.00000000
    1    2
 -0.06137841  0.05266480   -0.03033461  0.01148677    0.03033461 -0.01148677
 -0.03033461  0.01148677   -0.05205281  0.05180656   -0.07090210 -0.04222484
  0.03033461 -0.01148677   -0.07090210 -0.04222484   -0.05205281  0.05180656
    2    1
 -0.06137841 -0.05266480   -0.03033461 -0.01148677    0.03033461  0.01148677
 -0.03033461 -0.01148677   -0.05205281 -0.05180656   -0.07090210  0.04222484
  0.03033461  0.01148677   -0.07090210  0.04222484   -0.05205281 -0.05180656
    2    2
  0.15880944  0.00000000   -0.00134491 -0.00287146    0.00134491  0.00287146
 -0.00134491  0.00287146    0.13778996  0.00000000    0.00039885  0.00000000
  0.00134491 -0.00287146    0.00039885  0.00000000    0.13778996  0.00000000

     Dynamical  Matrix in cartesian axes

     q = (   -0.200000000  -0.200000000   0.600000000 ) 

    1    1
  0.13778996  0.00000000   -0.00039885  0.00000000   -0.00134491  0.00287146
 -0.00039885  0.00000000    0.13778996  0.00000000   -0.00134491  0.00287146
 -0.00134491 -0.00287146   -0.00134491 -0.00287146    0.15880944  0.00000000
    1    2
 -0.06535617  0.03349605   -0.01824826 -0.08048010   -0.02029848  0.02530032
 -0.01824826 -0.08048010   -0.06535617  0.03349605   -0.02029848  0.02530032
 -0.02029848  0.02530032   -0.02029848  0.02530032   -0.06905417  0.04210002
    2    1
 -0.06535617 -0.03349605   -0.01824826  0.08048010   -0.02029848 -0.02530032
 -0.01824826  0.08048010   -0.06535617 -0.03349605   -0.02029848 -0.02530032
 -0.02029848 -0.02530032   -0.02029848 -0.02530032   -0.06905417 -0.04210002
    2    2
  0.13778996  0.00000000   -0.00039885  0.00000000   -0.00134491 -0.00287146
 -0.00039885  0.00000000    0.13778996  0.00000000   -0.00134491 -0.00287146
 -0.00134491  0.00287146   -0.00134491  0.00287146    0.15880944  0.00000000

     Dynamical  Matrix in cartesian axes

     q = (   -0.200000000   0.200000000  -0.600000000 ) 

    1    1
  0.13778996  0.00000000    0.00039885  0.00000000    0.00134491 -0.00287146
  0.00039885  0.00000000    0.13778996  0.00000000   -0.00134491  0.00287146
  0.00134491  0.00287146   -0.00134491 -0.00287146    0.15880944  0.00000000
    1    2
 -0.05205281 -0.05180656   -0.07090210  0.04222484    0.03033461  0.01148677
 -0.07090210  0.04222484   -0.05205281 -0.05180656   -0.03033461 -0.01148677
  0.03033461  0.01148677   -0.03033461 -0.01148677   -0.06137841 -0.05266480
    2    1
 -0.05205281  0.05180656   -0.07090210 -0.04222484    0.03033461 -0.01148677
 -0.07090210 -0.04222484   -0.05205281  0.05180656   -0.03033461  0.01148677
  0.03033461 -0.01148677   -0.03033461  0.01148677   -0.06137841  0.05266480
    2    2
  0.13778996  0.00000000    0.00039885  0.00000000    0.00134491  0.00287146
  0.00039885  0.00000000    0.13778996  0.00000000   -0.00134491 -0.00287146
  0.00134491 -0.00287146   -0.00134491  0.00287146    0.15880944  0.00000000

     Dynamical  Matrix in cartesian axes

     q = (    0.200000000   0.200000000   0.600000000 ) 

    1    1
  0.13778996  0.00000000   -0.00039885  0.00000000    0.00134491 -0.00287146
 -0.00039885  0.00000000    0.13778996  0.00000000    0.00134491 -0.00287146
  0.00134491  0.00287146    0.00134491  0.00287146    0.15880944  0.00000000
    1    2
  0.01166047  0.07250826   -0.08218015 -0.00751459   -0.01778946 -0.02712323
 -0.08218015 -0.00751459    0.01166047  0.07250826   -0.01778946 -0.02712323
 -0.01778946 -0.02712323   -0.01778946 -0.02712323    0.01870059  0.07868404
    2    1
  0.01166047 -0.07250826   -0.08218015  0.00751459   -0.01778946  0.02712323
 -0.08218015  0.00751459    0.01166047 -0.07250826   -0.01778946  0.02712323
 -0.01778946  0.02712323   -0.01778946  0.02712323    0.01870059 -0.07868404
    2    2
  0.13778996  0.00000000   -0.00039885  0.00000000    0.00134491  0.00287146
 -0.00039885  0.00000000    0.13778996  0.00000000    0.00134491  0.00287146
  0.00134491 -0.00287146    0.00134491 -0.00287146    0.15880944  0.00000000

     Dynamical  Matrix in cartesian axes

     q = (    0.200000000  -0.200000000  -0.600000000 ) 

    1    1
  0.13778996  0.00000000    0.00039885  0.00000000   -0.00134491  0.00287146
  0.00039885  0.00000000    0.13778996  0.00000000    0.00134491 -0.00287146
 -0.00134491 -0.00287146    0.00134491  0.00287146    0.15880944  0.00000000
    1    2
 -0.05205281 -0.05180656   -0.07090210  0.04222484   -0.03033461 -0.01148677
 -0.07090210  0.04222484   -0.05205281 -0.05180656    0.03033461  0.01148677
 -0.03033461 -0.01148677    0.03033461  0.01148677   -0.06137841 -0.05266480
    2    1
 -0.05205281  0.05180656   -0.07090210 -0.04222484   -0.03033461  0.01148677
 -0.07090210 -0.04222484   -0.05205281  0.05180656    0.03033461 -0.01148677
 -0.03033461  0.01148677    0.03033461 -0.01148677   -0.06137841  0.05266480
    2    2
  0.13778996  0.00000000    0.00039885  0.00000000   -0.00134491 -0.00287146
  0.00039885  0.00000000    0.13778996  0.00000000    0.00134491  0.00287146
 -0.00134491  0.00287146    0.00134491 -0.00287146    0.15880944  0.00000000

     Dynamical  Matrix in cartesian axes

     q = (   -0.600000000   0.200000000  -0.200000000 ) 

    1    1
  0.15880944  0.00000000   -0.00134491 -0.00287146    0.00134491  0.00287146
 -0.00134491  0.00287146    0.13778996  0.00000000    0.00039885  0.00000000
  0.00134491 -0.00287146    0.00039885  0.00000000    0.13778996  0.00000000
    1    2
 -0.06137841 -0.05266480   -0.03033461 -0.01148677    0.03033461  0.01148677
 -0.03033461 -0.01148677   -0.05205281 -0.05180656   -0.07090210  0.04222484
  0.03033461  0.01148677   -0.07090210  0.04222484   -0.05205281 -0.05180656
    2    1
 -0.06137841  0.05266480   -0.03033461  0.01148677    0.03033461 -0.01148677
 -0.03033461  0.01148677   -0.05205281  0.05180656   -0.07090210 -0.04222484
  0.03033461 -0.01148677   -0.07090210 -0.04222484   -0.05205281  0.05180656
    2    2
  0.15880944  0.00000000   -0.00134491  0.00287146    0.00134491 -0.00287146
 -0.00134491 -0.00287146    0.13778996  0.00000000    0.00039885  0.00000000
  0.00134491  0.00287146    0.00039885  0.00000000    0.13778996  0.00000000

     Dynamical  Matrix in cartesian axes

     q = (    0.200000000  -0.200000000   0.600000000 ) 

    1    1
  0.13778996  0.00000000    0.00039885  0.00000000    0.00134491  0.00287146
  0.00039885  0.00000000    0.13778996  0.00000000   -0.00134491 -0.00287146
  0.00134491 -0.00287146   -0.00134491  0.00287146    0.15880944  0.00000000
    1    2
 -0.05205281  0.05180656   -0.07090210 -0.04222484    0.03033461 -0.01148677
 -0.07090210 -0.04222484   -0.05205281  0.05180656   -0.03033461  0.01148677
  0.03033461 -0.01148677   -0.03033461  0.01148677   -0.06137841  0.05266480
    2    1
 -0.05205281 -0.05180656   -0.07090210  0.04222484    0.03033461  0.01148677
 -0.07090210  0.04222484   -0.05205281 -0.05180656   -0.03033461 -0.01148677
  0.03033461  0.01148677   -0.03033461 -0.01148677   -0.06137841 -0.05266480
    2    2
  0.13778996  0.00000000    0.00039885  0.00000000    0.00134491 -0.00287146
  0.00039885  0.00000000    0.13778996  0.00000000   -0.00134491  0.00287146
  0.00134491  0.00287146   -0.00134491 -0.00287146    0.15880944  0.00000000

     Dynamical  Matrix in cartesian axes

     q = (   -0.600000000  -0.200000000  -0.200000000 ) 

    1    1
  0.15880944  0.00000000    0.00134491 -0.00287146    0.00134491 -0.00287146
  0.00134491  0.00287146    0.13778996  0.00000000   -0.00039885  0.00000000
  0.00134491  0.00287146   -0.00039885  0.00000000    0.13778996  0.00000000
    1    2
  0.01870059 -0.07868404   -0.01778946  0.02712323   -0.01778946  0.02712323
 -0.01778946  0.02712323    0.01166047 -0.07250826   -0.08218015  0.00751459
 -0.01778946  0.02712323   -0.08218015  0.00751459    0.01166047 -0.07250826
    2    1
  0.01870059  0.07868404   -0.01778946 -0.02712323   -0.01778946 -0.02712323
 -0.01778946 -0.02712323    0.01166047  0.07250826   -0.08218015 -0.00751459
 -0.01778946 -0.02712323   -0.08218015 -0.00751459    0.01166047  0.07250826
    2    2
  0.15880944  0.00000000    0.00134491  0.00287146    0.00134491  0.00287146
  0.00134491 -0.00287146    0.13778996  0.00000000   -0.00039885  0.00000000
  0.00134491 -0.00287146   -0.00039885  0.00000000    0.13778996  0.00000000

     Dynamical  Matrix in cartesian axes

     q = (    0.600000000   0.200000000  -0.200000000 ) 

    1    1
  0.15880944  0.00000000    0.00134491 -0.00287146   -0.00134491  0.00287146
  0.00134491  0.00287146    0.13778996  0.00000000    0.00039885  0.00000000
 -0.00134491 -0.00287146    0.00039885  0.00000000    0.13778996  0.00000000
    1    2
 -0.06137841  0.05266480    0.03033461 -0.01148677   -0.03033461  0.01148677
  0.03033461 -0.01148677   -0.05205281  0.05180656   -0.07090210 -0.04222484
 -0.03033461  0.01148677   -0.07090210 -0.04222484   -0.05205281  0.05180656
    2    1
 -0.06137841 -0.05266480    0.03033461  0.01148677   -0.03033461 -0.01148677
  0.03033461  0.01148677   -0.05205281 -0.05180656   -0.07090210  0.04222484
 -0.03033461 -0.01148677   -0.07090210  0.04222484   -0.05205281 -0.05180656
    2    2
  0.15880944  0.00000000    0.00134491  0.00287146   -0.00134491 -0.00287146
  0.00134491 -0.00287146    0.13778996  0.00000000    0.00039885  0.00000000
 -0.00134491  0.00287146    0.00039885  0.00000000    0.13778996  0.00000000

     Dynamical  Matrix in cartesian axes

     q = (    0.200000000   0.200000000  -0.600000000 ) 

    1    1
  0.13778996  0.00000000   -0.00039885  0.00000000   -0.00134491 -0.00287146
 -0.00039885  0.00000000    0.13778996  0.00000000   -0.00134491 -0.00287146
 -0.00134491  0.00287146   -0.00134491  0.00287146    0.15880944  0.00000000
    1    2
 -0.06535617 -0.03349605   -0.01824826  0.08048010   -0.02029848 -0.02530032
 -0.01824826  0.08048010   -0.06535617 -0.03349605   -0.02029848 -0.02530032
 -0.02029848 -0.02530032   -0.02029848 -0.02530032   -0.06905417 -0.04210002
    2    1
 -0.06535617  0.03349605   -0.01824826 -0.08048010   -0.02029848  0.02530032
 -0.01824826 -0.08048010   -0.06535617  0.03349605   -0.02029848  0.02530032
 -0.02029848  0.02530032   -0.02029848  0.02530032   -0.06905417  0.04210002
    2    2
  0.13778996  0.00000000   -0.00039885  0.00000000   -0.00134491  0.00287146
 -0.00039885  0.00000000    0.13778996  0.00000000   -0.00134491  0.00287146
 -0.00134491 -0.00287146   -0.00134491 -0.00287146    0.15880944  0.00000000

     Dynamical  Matrix in cartesian axes

     q = (   -0.200000000  -0.200000000  -0.600000000 ) 

    1    1
  0.13778996  0.00000000   -0.00039885  0.00000000    0.00134491  0.00287146
 -0.00039885  0.00000000    0.13778996  0.00000000    0.00134491  0.00287146
  0.00134491 -0.00287146    0.00134491 -0.00287146    0.15880944  0.00000000
    1    2
  0.01166047 -0.07250826   -0.08218015  0.00751459   -0.01778946  0.02712323
 -0.08218015  0.00751459    0.01166047 -0.07250826   -0.01778946  0.02712323
 -0.01778946  0.02712323   -0.01778946  0.02712323    0.01870059 -0.07868404
    2    1
  0.01166047  0.07250826   -0.08218015 -0.00751459   -0.01778946 -0.02712323
 -0.08218015 -0.00751459    0.01166047  0.07250826   -0.01778946 -0.02712323
 -0.01778946 -0.02712323   -0.01778946 -0.02712323    0.01870059  0.07868404
    2    2
  0.13778996  0.00000000   -0.00039885  0.00000000    0.00134491 -0.00287146
 -0.00039885  0.00000000    0.13778996  0.00000000    0.00134491 -0.00287146
  0.00134491  0.00287146    0.00134491  0.00287146    0.15880944  0.00000000

     Dynamical  Matrix in cartesian axes

     q = (   -0.600000000   0.200000000   0.200000000 ) 

    1    1
  0.15880944  0.00000000   -0.00134491  0.00287146   -0.00134491  0.00287146
 -0.00134491 -0.00287146    0.13778996  0.00000000   -0.00039885  0.00000000
 -0.00134491 -0.00287146   -0.00039885  0.00000000    0.13778996  0.00000000
    1    2
 -0.06905417 -0.04210002   -0.02029848 -0.02530032   -0.02029848 -0.02530032
 -0.02029848 -0.02530032   -0.06535617 -0.03349605   -0.01824826  0.08048010
 -0.02029848 -0.02530032   -0.01824826  0.08048010   -0.06535617 -0.03349605
    2    1
 -0.06905417  0.04210002   -0.02029848  0.02530032   -0.02029848  0.02530032
 -0.02029848  0.02530032   -0.06535617  0.03349605   -0.01824826 -0.08048010
 -0.02029848  0.02530032   -0.01824826 -0.08048010   -0.06535617  0.03349605
    2    2
  0.15880944  0.00000000   -0.00134491 -0.00287146   -0.00134491 -0.00287146
 -0.00134491  0.00287146    0.13778996  0.00000000   -0.00039885  0.00000000
 -0.00134491  0.00287146   -0.00039885  0.00000000    0.13778996  0.00000000

     Dynamical  Matrix in cartesian axes

     q = (   -0.200000000   0.200000000   0.600000000 ) 

    1    1
  0.13778996  0.00000000    0.00039885  0.00000000   -0.00134491 -0.00287146
  0.00039885  0.00000000    0.13778996  0.00000000    0.00134491  0.00287146
 -0.00134491  0.00287146    0.00134491 -0.00287146    0.15880944  0.00000000
    1    2
 -0.05205281  0.05180656   -0.07090210 -0.04222484   -0.03033461  0.01148677
 -0.07090210 -0.04222484   -0.05205281  0.05180656    0.03033461 -0.01148677
 -0.03033461  0.01148677    0.03033461 -0.01148677   -0.06137841  0.05266480
    2    1
 -0.05205281 -0.05180656   -0.07090210  0.04222484   -0.03033461 -0.01148677
 -0.07090210  0.04222484   -0.05205281 -0.05180656    0.03033461  0.01148677
 -0.03033461 -0.01148677    0.03033461  0.01148677   -0.06137841 -0.05266480
    2    2
  0.13778996  0.00000000    0.00039885  0.00000000   -0.00134491  0.00287146
  0.00039885  0.00000000    0.13778996  0.00000000    0.00134491 -0.00287146
 -0.00134491 -0.00287146    0.00134491  0.00287146    0.15880944  0.00000000

     Diagonalizing the dynamical matrix

     q = (   -0.200000000   0.600000000  -0.200000000 ) 

 **************************************************************************
     freq (    1) =       1.219248 [THz] =      40.669736 [cm-1]
 (  0.190987 -0.462087 -0.000000  0.000000 -0.190987  0.462087 ) 
 (  0.500000  0.000000 -0.000000 -0.000000 -0.500000  0.000000 ) 
     freq (    2) =       1.450313 [THz] =      48.377238 [cm-1]
 (  0.408049  0.142093  0.336816 -0.114741  0.408049  0.142093 ) 
 (  0.432082 -0.000000  0.280349  0.219124  0.432082  0.000000 ) 
     freq (    3) =       2.877028 [THz] =      95.967318 [cm-1]
 ( -0.027937 -0.267502  0.482638  0.349835 -0.027937 -0.267502 ) 
 ( -0.268957 -0.000000  0.398075  0.443690 -0.268957  0.000000 ) 
     freq (    4) =       4.658225 [THz] =     155.381660 [cm-1]
 ( -0.199278 -0.286999  0.436033  0.256350 -0.199278 -0.286999 ) 
 (  0.349400 -0.000000 -0.459256 -0.211952  0.349400  0.000000 ) 
     freq (    5) =       5.114649 [THz] =     170.606342 [cm-1]
 (  0.190987 -0.462087  0.000000 -0.000000 -0.190987  0.462087 ) 
 ( -0.500000  0.000000 -0.000000 -0.000000  0.500000  0.000000 ) 
     freq (    6) =       5.213296 [THz] =     173.896822 [cm-1]
 ( -0.331197 -0.095897 -0.487450  0.156902 -0.331197 -0.095897 ) 
 (  0.344800  0.000000  0.424580  0.286282  0.344800  0.000000 ) 
 **************************************************************************
