Dynamical matrix file
                                                                           
  1    2  2 12.5600000  0.0000000  0.0000000  0.0000000  0.0000000  0.0000000
           1  'Sn  '    108197.54598352207     
    1    1      0.0000000000      0.0000000000      0.0000000000
    2    1      0.2500000000      0.2500000000      0.2500000000

     Dynamical  Matrix in cartesian axes

     q = (   -0.200000000   0.600000000   0.000000000 ) 

    1    1
  0.13524458  0.00000000   -0.00023784  0.00000000    0.00000000 -0.00074167
 -0.00023784  0.00000000    0.16048202  0.00000000    0.00000000 -0.00288211
  0.00000000  0.00074167    0.00000000  0.00288211    0.14037020  0.00000000
    1    2
 -0.05972867  0.04339542   -0.02164351  0.01572493   -0.05210773 -0.07172013
 -0.02164351  0.01572493   -0.06668947  0.04845273    0.01058565  0.01456990
 -0.05210773 -0.07172013    0.01058565  0.01456990   -0.05961790  0.04331494
    2    1
 -0.05972867 -0.04339542   -0.02164351 -0.01572493   -0.05210773  0.07172013
 -0.02164351 -0.01572493   -0.06668947 -0.04845273    0.01058565 -0.01456990
 -0.05210773  0.07172013    0.01058565 -0.01456990   -0.05961790 -0.04331494
    2    2
  0.13524458  0.00000000   -0.00023784  0.00000000    0.00000000  0.00074167
 -0.00023784  0.00000000    0.16048202  0.00000000    0.00000000  0.00288211
  0.00000000 -0.00074167    0.00000000 -0.00288211    0.14037020  0.00000000

     Dynamical  Matrix in cartesian axes

     q = (   -0.200000000  -0.600000000   0.000000000 ) 

    1    1
  0.13524458  0.00000000    0.00023784  0.00000000    0.00000000  0.00074167
  0.00023784  0.00000000    0.16048202  0.00000000    0.00000000 -0.00288211
  0.00000000 -0.00074167    0.00000000  0.00288211    0.14037020  0.00000000
    1    2
 -0.02281432 -0.07021527    0.00826708  0.02544347   -0.08431207  0.02739465
  0.00826708  0.02544347   -0.02547311 -0.07839817   -0.01712795  0.00556521
 -0.08431207  0.02739465   -0.01712795  0.00556521   -0.02277201 -0.07008505
    2    1
 -0.02281432  0.07021527    0.00826708 -0.02544347   -0.08431207 -0.02739465
  0.00826708 -0.02544347   -0.02547311  0.07839817   -0.01712795 -0.00556521
 -0.08431207 -0.02739465   -0.01712795 -0.00556521   -0.02277201  0.07008505
    2    2
  0.13524458  0.00000000    0.00023784  0.00000000    0.00000000 -0.00074167
  0.00023784  0.00000000    0.16048202  0.00000000    0.00000000  0.00288211
  0.00000000  0.00074167    0.00000000 -0.00288211    0.14037020  0.00000000

     Dynamical  Matrix in cartesian axes

     q = (    0.200000000   0.600000000   0.000000000 ) 

    1    1
  0.13524458  0.00000000    0.00023784  0.00000000    0.00000000 -0.00074167
  0.00023784  0.00000000    0.16048202  0.00000000    0.00000000  0.00288211
  0.00000000  0.00074167    0.00000000 -0.00288211    0.14037020  0.00000000
    1    2
 -0.02281432  0.07021527    0.00826708 -0.02544347   -0.08431207 -0.02739465
  0.00826708 -0.02544347   -0.02547311  0.07839817   -0.01712795 -0.00556521
 -0.08431207 -0.02739465   -0.01712795 -0.00556521   -0.02277201  0.07008505
    2    1
 -0.02281432 -0.07021527    0.00826708  0.02544347   -0.08431207  0.02739465
  0.00826708  0.02544347   -0.02547311 -0.07839817   -0.01712795  0.00556521
 -0.08431207  0.02739465   -0.01712795  0.00556521   -0.02277201 -0.07008505
    2    2
  0.13524458  0.00000000    0.00023784  0.00000000    0.00000000  0.00074167
  0.00023784  0.00000000    0.16048202  0.00000000    0.00000000 -0.00288211
  0.00000000 -0.00074167    0.00000000  0.00288211    0.14037020  0.00000000

     Dynamical  Matrix in cartesian axes

     q = (    0.000000000   0.600000000   0.200000000 ) 

    1    1
  0.14037020  0.00000000    0.00000000 -0.00288211    0.00000000  0.00074167
  0.00000000  0.00288211    0.16048202  0.00000000    0.00023784  0.00000000
  0.00000000 -0.00074167    0.00023784 -0.00000000    0.13524458  0.00000000
    1    2
 -0.02277201  0.07008505   -0.01712795 -0.00556521   -0.08431207 -0.02739465
 -0.01712795 -0.00556521   -0.02547311  0.07839817    0.00826708 -0.02544347
 -0.08431207 -0.02739465    0.00826708 -0.02544347   -0.02281432  0.07021527
    2    1
 -0.02277201 -0.07008505   -0.01712795  0.00556521   -0.08431207  0.02739465
 -0.01712795  0.00556521   -0.02547311 -0.07839817    0.00826708  0.02544347
 -0.08431207  0.02739465    0.00826708  0.02544347   -0.02281432 -0.07021527
    2    2
  0.14037020  0.00000000    0.00000000  0.00288211    0.00000000 -0.00074167
  0.00000000 -0.00288211    0.16048202  0.00000000    0.00023784  0.00000000
  0.00000000  0.00074167    0.00023784  0.00000000    0.13524458  0.00000000

     Dynamical  Matrix in cartesian axes

     q = (    0.000000000   0.600000000  -0.200000000 ) 

    1    1
  0.14037020  0.00000000    0.00000000  0.00288211    0.00000000  0.00074167
  0.00000000 -0.00288211    0.16048202  0.00000000   -0.00023784  0.00000000
  0.00000000 -0.00074167   -0.00023784 -0.00000000    0.13524458  0.00000000
    1    2
 -0.05961790  0.04331494    0.01058565  0.01456990   -0.05210773 -0.07172013
  0.01058565  0.01456990   -0.06668947  0.04845273   -0.02164351  0.01572493
 -0.05210773 -0.07172013   -0.02164351  0.01572493   -0.05972867  0.04339542
    2    1
 -0.05961790 -0.04331494    0.01058565 -0.01456990   -0.05210773  0.07172013
  0.01058565 -0.01456990   -0.06668947 -0.04845273   -0.02164351 -0.01572493
 -0.05210773  0.07172013   -0.02164351 -0.01572493   -0.05972867 -0.04339542
    2    2
  0.14037020  0.00000000    0.00000000 -0.00288211    0.00000000 -0.00074167
  0.00000000  0.00288211    0.16048202  0.00000000   -0.00023784  0.00000000
  0.00000000  0.00074167   -0.00023784  0.00000000    0.13524458  0.00000000

     Dynamical  Matrix in cartesian axes

     q = (    0.200000000  -0.600000000   0.000000000 ) 

    1    1
  0.13524458  0.00000000   -0.00023784  0.00000000    0.00000000  0.00074167
 -0.00023784  0.00000000    0.16048202  0.00000000    0.00000000  0.00288211
  0.00000000 -0.00074167    0.00000000 -0.00288211    0.14037020  0.00000000
    1    2
 -0.05972867 -0.04339542   -0.02164351 -0.01572493   -0.05210773  0.07172013
 -0.02164351 -0.01572493   -0.06668947 -0.04845273    0.01058565 -0.01456990
 -0.05210773  0.07172013    0.01058565 -0.01456990   -0.05961790 -0.04331494
    2    1
 -0.05972867  0.04339542   -0.02164351  0.01572493   -0.05210773 -0.07172013
 -0.02164351  0.01572493   -0.06668947  0.04845273    0.01058565  0.01456990
 -0.05210773 -0.07172013    0.01058565  0.01456990   -0.05961790  0.04331494
    2    2
  0.13524458  0.00000000   -0.00023784  0.00000000    0.00000000 -0.00074167
 -0.00023784  0.00000000    0.16048202  0.00000000    0.00000000 -0.00288211
  0.00000000  0.00074167    0.00000000  0.00288211    0.14037020  0.00000000

     Dynamical  Matrix in cartesian axes

     q = (    0.000000000  -0.600000000  -0.200000000 ) 

    1    1
  0.14037020  0.00000000    0.00000000  0.00288211    0.00000000 -0.00074167
  0.00000000 -0.00288211    0.16048202  0.00000000    0.00023784  0.00000000
  0.00000000  0.00074167    0.00023784  0.00000000    0.13524458  0.00000000
    1    2
 -0.02277201 -0.07008505   -0.01712795  0.00556521   -0.08431207  0.02739465
 -0.01712795  0.00556521   -0.02547311 -0.07839817    0.00826708  0.02544347
 -0.08431207  0.02739465    0.00826708  0.02544347   -0.02281432 -0.07021527
    2    1
 -0.02277201  0.07008505   -0.01712795 -0.00556521   -0.08431207 -0.02739465
 -0.01712795 -0.00556521   -0.02547311  0.07839817    0.00826708 -0.02544347
 -0.08431207 -0.02739465    0.00826708 -0.02544347   -0.02281432  0.07021527
    2    2
  0.14037020  0.00000000    0.00000000 -0.00288211    0.00000000  0.00074167
  0.00000000  0.00288211    0.16048202  0.00000000    0.00023784  0.00000000
  0.00000000 -0.00074167    0.00023784 -0.00000000    0.13524458  0.00000000

     Dynamical  Matrix in cartesian axes

     q = (    0.000000000  -0.600000000   0.200000000 ) 

    1    1
  0.14037020  0.00000000    0.00000000 -0.00288211    0.00000000 -0.00074167
  0.00000000  0.00288211    0.16048202  0.00000000   -0.00023784  0.00000000
  0.00000000  0.00074167   -0.00023784  0.00000000    0.13524458  0.00000000
    1    2
 -0.05961790 -0.04331494    0.01058565 -0.01456990   -0.05210773  0.07172013
  0.01058565 -0.01456990   -0.06668947 -0.04845273   -0.02164351 -0.01572493
 -0.05210773  0.07172013   -0.02164351 -0.01572493   -0.05972867 -0.04339542
    2    1
 -0.05961790  0.04331494    0.01058565  0.01456990   -0.05210773 -0.07172013
  0.01058565  0.01456990   -0.06668947  0.04845273   -0.02164351  0.01572493
 -0.05210773 -0.07172013   -0.02164351  0.01572493   -0.05972867  0.04339542
    2    2
  0.14037020  0.00000000    0.00000000  0.00288211    0.00000000  0.00074167
  0.00000000 -0.00288211    0.16048202  0.00000000   -0.00023784  0.00000000
  0.00000000 -0.00074167   -0.00023784 -0.00000000    0.13524458  0.00000000

     Dynamical  Matrix in cartesian axes

     q = (    0.600000000   0.000000000  -0.200000000 ) 

    1    1
  0.16048202  0.00000000    0.00000000 -0.00288211   -0.00023784  0.00000000
  0.00000000  0.00288211    0.14037020  0.00000000    0.00000000  0.00074167
 -0.00023784  0.00000000    0.00000000 -0.00074167    0.13524458  0.00000000
    1    2
 -0.06668947  0.04845273    0.01058565  0.01456990   -0.02164351  0.01572493
  0.01058565  0.01456990   -0.05961790  0.04331494   -0.05210773 -0.07172013
 -0.02164351  0.01572493   -0.05210773 -0.07172013   -0.05972867  0.04339542
    2    1
 -0.06668947 -0.04845273    0.01058565 -0.01456990   -0.02164351 -0.01572493
  0.01058565 -0.01456990   -0.05961790 -0.04331494   -0.05210773  0.07172013
 -0.02164351 -0.01572493   -0.05210773  0.07172013   -0.05972867 -0.04339542
    2    2
  0.16048202  0.00000000    0.00000000  0.00288211   -0.00023784  0.00000000
  0.00000000 -0.00288211    0.14037020  0.00000000    0.00000000 -0.00074167
 -0.00023784  0.00000000    0.00000000  0.00074167    0.13524458  0.00000000

     Dynamical  Matrix in cartesian axes

     q = (   -0.600000000   0.000000000   0.200000000 ) 

    1    1
  0.16048202  0.00000000    0.00000000  0.00288211   -0.00023784  0.00000000
  0.00000000 -0.00288211    0.14037020  0.00000000    0.00000000 -0.00074167
 -0.00023784  0.00000000    0.00000000  0.00074167    0.13524458  0.00000000
    1    2
 -0.06668947 -0.04845273    0.01058565 -0.01456990   -0.02164351 -0.01572493
  0.01058565 -0.01456990   -0.05961790 -0.04331494   -0.05210773  0.07172013
 -0.02164351 -0.01572493   -0.05210773  0.07172013   -0.05972867 -0.04339542
    2    1
 -0.06668947  0.04845273    0.01058565  0.01456990   -0.02164351  0.01572493
  0.01058565  0.01456990   -0.05961790  0.04331494   -0.05210773 -0.07172013
 -0.02164351  0.01572493   -0.05210773 -0.07172013   -0.05972867  0.04339542
    2    2
  0.16048202  0.00000000    0.00000000 -0.00288211   -0.00023784  0.00000000
  0.00000000  0.00288211    0.14037020  0.00000000    0.00000000  0.00074167
 -0.00023784  0.00000000    0.00000000 -0.00074167    0.13524458  0.00000000

     Dynamical  Matrix in cartesian axes

     q = (    0.600000000   0.000000000   0.200000000 ) 

    1    1
  0.16048202  0.00000000    0.00000000  0.00288211    0.00023784  0.00000000
  0.00000000 -0.00288211    0.14037020  0.00000000    0.00000000  0.00074167
  0.00023784  0.00000000    0.00000000 -0.00074167    0.13524458  0.00000000
    1    2
 -0.02547311  0.07839817   -0.01712795 -0.00556521    0.00826708 -0.02544347
 -0.01712795 -0.00556521   -0.02277201  0.07008505   -0.08431207 -0.02739465
  0.00826708 -0.02544347   -0.08431207 -0.02739465   -0.02281432  0.07021527
    2    1
 -0.02547311 -0.07839817   -0.01712795  0.00556521    0.00826708  0.02544347
 -0.01712795  0.00556521   -0.02277201 -0.07008505   -0.08431207  0.02739465
  0.00826708  0.02544347   -0.08431207  0.02739465   -0.02281432 -0.07021527
    2    2
  0.16048202  0.00000000    0.00000000 -0.00288211    0.00023784  0.00000000
  0.00000000  0.00288211    0.14037020  0.00000000    0.00000000 -0.00074167
  0.00023784  0.00000000    0.00000000  0.00074167    0.13524458  0.00000000

     Dynamical  Matrix in cartesian axes

     q = (    0.600000000  -0.200000000   0.000000000 ) 

    1    1
  0.16048202  0.00000000   -0.00023784  0.00000000    0.00000000 -0.00288211
 -0.00023784  0.00000000    0.13524458  0.00000000    0.00000000 -0.00074167
  0.00000000  0.00288211    0.00000000  0.00074167    0.14037020  0.00000000
    1    2
 -0.06668947  0.04845273   -0.02164351  0.01572493    0.01058565  0.01456990
 -0.02164351  0.01572493   -0.05972867  0.04339542   -0.05210773 -0.07172013
  0.01058565  0.01456990   -0.05210773 -0.07172013   -0.05961790  0.04331494
    2    1
 -0.06668947 -0.04845273   -0.02164351 -0.01572493    0.01058565 -0.01456990
 -0.02164351 -0.01572493   -0.05972867 -0.04339542   -0.05210773  0.07172013
  0.01058565 -0.01456990   -0.05210773  0.07172013   -0.05961790 -0.04331494
    2    2
  0.16048202  0.00000000   -0.00023784  0.00000000    0.00000000  0.00288211
 -0.00023784  0.00000000    0.13524458  0.00000000    0.00000000  0.00074167
  0.00000000 -0.00288211    0.00000000 -0.00074167    0.14037020  0.00000000

     Dynamical  Matrix in cartesian axes

     q = (   -0.000000000  -0.200000000   0.600000000 ) 

    1    1
  0.14037020  0.00000000    0.00000000  0.00074167    0.00000000  0.00288211
  0.00000000 -0.00074167    0.13524458  0.00000000   -0.00023784  0.00000000
  0.00000000 -0.00288211   -0.00023784  0.00000000    0.16048202  0.00000000
    1    2
 -0.05961790  0.04331494   -0.05210773 -0.07172013    0.01058565  0.01456990
 -0.05210773 -0.07172013   -0.05972867  0.04339542   -0.02164351  0.01572493
  0.01058565  0.01456990   -0.02164351  0.01572493   -0.06668947  0.04845273
    2    1
 -0.05961790 -0.04331494   -0.05210773  0.07172013    0.01058565 -0.01456990
 -0.05210773  0.07172013   -0.05972867 -0.04339542   -0.02164351 -0.01572493
  0.01058565 -0.01456990   -0.02164351 -0.01572493   -0.06668947 -0.04845273
    2    2
  0.14037020  0.00000000    0.00000000 -0.00074167    0.00000000 -0.00288211
  0.00000000  0.00074167    0.13524458  0.00000000   -0.00023784 -0.00000000
  0.00000000  0.00288211   -0.00023784  0.00000000    0.16048202  0.00000000

     Dynamical  Matrix in cartesian axes

     q = (    0.000000000   0.200000000  -0.600000000 ) 

    1    1
  0.14037020  0.00000000    0.00000000 -0.00074167    0.00000000 -0.00288211
  0.00000000  0.00074167    0.13524458  0.00000000   -0.00023784 -0.00000000
  0.00000000  0.00288211   -0.00023784  0.00000000    0.16048202  0.00000000
    1    2
 -0.05961790 -0.04331494   -0.05210773  0.07172013    0.01058565 -0.01456990
 -0.05210773  0.07172013   -0.05972867 -0.04339542   -0.02164351 -0.01572493
  0.01058565 -0.01456990   -0.02164351 -0.01572493   -0.06668947 -0.04845273
    2    1
 -0.05961790  0.04331494   -0.05210773 -0.07172013    0.01058565  0.01456990
 -0.05210773 -0.07172013   -0.05972867  0.04339542   -0.02164351  0.01572493
  0.01058565  0.01456990   -0.02164351  0.01572493   -0.06668947  0.04845273
    2    2
  0.14037020  0.00000000    0.00000000  0.00074167    0.00000000  0.00288211
  0.00000000 -0.00074167    0.13524458  0.00000000   -0.00023784  0.00000000
  0.00000000 -0.00288211   -0.00023784  0.00000000    0.16048202  0.00000000

     Dynamical  Matrix in cartesian axes

     q = (    0.000000000   0.200000000   0.600000000 ) 

    1    1
  0.14037020  0.00000000    0.00000000  0.00074167    0.00000000 -0.00288211
  0.00000000 -0.00074167    0.13524458  0.00000000    0.00023784  0.00000000
  0.00000000  0.00288211    0.00023784  0.00000000    0.16048202  0.00000000
    1    2
 -0.02277201  0.07008505   -0.08431207 -0.02739465   -0.01712795 -0.00556521
 -0.08431207 -0.02739465   -0.02281432  0.07021527    0.00826708 -0.02544347
 -0.01712795 -0.00556521    0.00826708 -0.02544347   -0.02547311  0.07839817
    2    1
 -0.02277201 -0.07008505   -0.08431207  0.02739465   -0.01712795  0.00556521
 -0.08431207  0.02739465   -0.02281432 -0.07021527    0.00826708  0.02544347
 -0.01712795  0.00556521    0.00826708  0.02544347   -0.02547311 -0.07839817
    2    2
  0.14037020  0.00000000    0.00000000 -0.00074167    0.00000000  0.00288211
  0.00000000  0.00074167    0.13524458  0.00000000    0.00023784 -0.00000000
  0.00000000 -0.00288211    0.00023784  0.00000000    0.16048202  0.00000000

     Dynamical  Matrix in cartesian axes

     q = (    0.000000000  -0.200000000  -0.600000000 ) 

    1    1
  0.14037020  0.00000000    0.00000000 -0.00074167    0.00000000  0.00288211
  0.00000000  0.00074167    0.13524458  0.00000000    0.00023784 -0.00000000
  0.00000000 -0.00288211    0.00023784  0.00000000    0.16048202  0.00000000
    1    2
 -0.02277201 -0.07008505   -0.08431207  0.02739465   -0.01712795  0.00556521
 -0.08431207  0.02739465   -0.02281432 -0.07021527    0.00826708  0.02544347
 -0.01712795  0.00556521    0.00826708  0.02544347   -0.02547311 -0.07839817
    2    1
 -0.02277201  0.07008505   -0.08431207 -0.02739465   -0.01712795 -0.00556521
 -0.08431207 -0.02739465   -0.02281432  0.07021527    0.00826708 -0.02544347
 -0.01712795 -0.00556521    0.00826708 -0.02544347   -0.02547311  0.07839817
    2    2
  0.14037020  0.00000000    0.00000000  0.00074167    0.00000000 -0.00288211
  0.00000000 -0.00074167    0.13524458  0.00000000    0.00023784  0.00000000
  0.00000000  0.00288211    0.00023784  0.00000000    0.16048202  0.00000000

     Dynamical  Matrix in cartesian axes

     q = (   -0.600000000   0.200000000   0.000000000 ) 

    1    1
  0.16048202  0.00000000   -0.00023784  0.00000000    0.00000000  0.00288211
 -0.00023784  0.00000000    0.13524458  0.00000000    0.00000000  0.00074167
  0.00000000 -0.00288211    0.00000000 -0.00074167    0.14037020  0.00000000
    1    2
 -0.06668947 -0.04845273   -0.02164351 -0.01572493    0.01058565 -0.01456990
 -0.02164351 -0.01572493   -0.05972867 -0.04339542   -0.05210773  0.07172013
  0.01058565 -0.01456990   -0.05210773  0.07172013   -0.05961790 -0.04331494
    2    1
 -0.06668947  0.04845273   -0.02164351  0.01572493    0.01058565  0.01456990
 -0.02164351  0.01572493   -0.05972867  0.04339542   -0.05210773 -0.07172013
  0.01058565  0.01456990   -0.05210773 -0.07172013   -0.05961790  0.04331494
    2    2
  0.16048202  0.00000000   -0.00023784  0.00000000    0.00000000 -0.00288211
 -0.00023784  0.00000000    0.13524458  0.00000000    0.00000000 -0.00074167
  0.00000000  0.00288211    0.00000000  0.00074167    0.14037020  0.00000000

     Dynamical  Matrix in cartesian axes

     q = (   -0.600000000   0.000000000  -0.200000000 ) 

    1    1
  0.16048202  0.00000000    0.00000000 -0.00288211    0.00023784  0.00000000
  0.00000000  0.00288211    0.14037020  0.00000000    0.00000000 -0.00074167
  0.00023784  0.00000000    0.00000000  0.00074167    0.13524458  0.00000000
    1    2
 -0.02547311 -0.07839817   -0.01712795  0.00556521    0.00826708  0.02544347
 -0.01712795  0.00556521   -0.02277201 -0.07008505   -0.08431207  0.02739465
  0.00826708  0.02544347   -0.08431207  0.02739465   -0.02281432 -0.07021527
    2    1
 -0.02547311  0.07839817   -0.01712795 -0.00556521    0.00826708 -0.02544347
 -0.01712795 -0.00556521   -0.02277201  0.07008505   -0.08431207 -0.02739465
  0.00826708 -0.02544347   -0.08431207 -0.02739465   -0.02281432  0.07021527
    2    2
  0.16048202  0.00000000    0.00000000  0.00288211    0.00023784  0.00000000
  0.00000000 -0.00288211    0.14037020  0.00000000    0.00000000  0.00074167
  0.00023784  0.00000000    0.00000000 -0.00074167    0.13524458  0.00000000

     Dynamical  Matrix in cartesian axes

     q = (   -0.600000000  -0.200000000   0.000000000 ) 

    1    1
  0.16048202  0.00000000    0.00023784  0.00000000    0.00000000 -0.00288211
  0.00023784  0.00000000    0.13524458  0.00000000    0.00000000  0.00074167
  0.00000000  0.00288211    0.00000000 -0.00074167    0.14037020  0.00000000
    1    2
 -0.02547311 -0.07839817    0.00826708  0.02544347   -0.01712795  0.00556521
  0.00826708  0.02544347   -0.02281432 -0.07021527   -0.08431207  0.02739465
 -0.01712795  0.00556521   -0.08431207  0.02739465   -0.02277201 -0.07008505
    2    1
 -0.02547311  0.07839817    0.00826708 -0.02544347   -0.01712795 -0.00556521
  0.00826708 -0.02544347   -0.02281432  0.07021527   -0.08431207 -0.02739465
 -0.01712795 -0.00556521   -0.08431207 -0.02739465   -0.02277201  0.07008505
    2    2
  0.16048202  0.00000000    0.00023784  0.00000000    0.00000000  0.00288211
  0.00023784  0.00000000    0.13524458  0.00000000    0.00000000 -0.00074167
  0.00000000 -0.00288211    0.00000000  0.00074167    0.14037020  0.00000000

     Dynamical  Matrix in cartesian axes

     q = (    0.600000000   0.200000000   0.000000000 ) 

    1    1
  0.16048202  0.00000000    0.00023784  0.00000000    0.00000000  0.00288211
  0.00023784  0.00000000    0.13524458  0.00000000    0.00000000 -0.00074167
  0.00000000 -0.00288211    0.00000000  0.00074167    0.14037020  0.00000000
    1    2
 -0.02547311  0.07839817    0.00826708 -0.02544347   -0.01712795 -0.00556521
  0.00826708 -0.02544347   -0.02281432  0.07021527   -0.08431207 -0.02739465
 -0.01712795 -0.00556521   -0.08431207 -0.02739465   -0.02277201  0.07008505
    2    1
 -0.02547311 -0.07839817    0.00826708  0.02544347   -0.01712795  0.00556521
  0.00826708  0.02544347   -0.02281432 -0.07021527   -0.08431207  0.02739465
 -0.01712795  0.00556521   -0.08431207  0.02739465   -0.02277201 -0.07008505
    2    2
  0.16048202  0.00000000    0.00023784  0.00000000    0.00000000 -0.00288211
  0.00023784  0.00000000    0.13524458  0.00000000    0.00000000  0.00074167
  0.00000000  0.00288211    0.00000000 -0.00074167    0.14037020  0.00000000

     Dynamical  Matrix in cartesian axes

     q = (   -0.200000000   0.000000000  -0.600000000 ) 

    1    1
  0.13524458  0.00000000    0.00000000  0.00074167    0.00023784  0.00000000
  0.00000000 -0.00074167    0.14037020  0.00000000    0.00000000  0.00288211
  0.00023784  0.00000000    0.00000000 -0.00288211    0.16048202  0.00000000
    1    2
 -0.02281432 -0.07021527   -0.08431207  0.02739465    0.00826708  0.02544347
 -0.08431207  0.02739465   -0.02277201 -0.07008505   -0.01712795  0.00556521
  0.00826708  0.02544347   -0.01712795  0.00556521   -0.02547311 -0.07839817
    2    1
 -0.02281432  0.07021527   -0.08431207 -0.02739465    0.00826708 -0.02544347
 -0.08431207 -0.02739465   -0.02277201  0.07008505   -0.01712795 -0.00556521
  0.00826708 -0.02544347   -0.01712795 -0.00556521   -0.02547311  0.07839817
    2    2
  0.13524458  0.00000000    0.00000000 -0.00074167    0.00023784  0.00000000
  0.00000000  0.00074167    0.14037020  0.00000000    0.00000000 -0.00288211
  0.00023784  0.00000000    0.00000000  0.00288211    0.16048202  0.00000000

     Dynamical  Matrix in cartesian axes

     q = (    0.200000000   0.000000000  -0.600000000 ) 

    1    1
  0.13524458  0.00000000    0.00000000  0.00074167   -0.00023784  0.00000000
  0.00000000 -0.00074167    0.14037020  0.00000000    0.00000000 -0.00288211
 -0.00023784  0.00000000    0.00000000  0.00288211    0.16048202  0.00000000
    1    2
 -0.05972867 -0.04339542   -0.05210773  0.07172013   -0.02164351 -0.01572493
 -0.05210773  0.07172013   -0.05961790 -0.04331494    0.01058565 -0.01456990
 -0.02164351 -0.01572493    0.01058565 -0.01456990   -0.06668947 -0.04845273
    2    1
 -0.05972867  0.04339542   -0.05210773 -0.07172013   -0.02164351  0.01572493
 -0.05210773 -0.07172013   -0.05961790  0.04331494    0.01058565  0.01456990
 -0.02164351  0.01572493    0.01058565  0.01456990   -0.06668947  0.04845273
    2    2
  0.13524458  0.00000000    0.00000000 -0.00074167   -0.00023784  0.00000000
  0.00000000  0.00074167    0.14037020  0.00000000    0.00000000  0.00288211
 -0.00023784  0.00000000    0.00000000 -0.00288211    0.16048202  0.00000000

     Dynamical  Matrix in cartesian axes

     q = (   -0.200000000  -0.000000000   0.600000000 ) 

    1    1
  0.13524458  0.00000000    0.00000000 -0.00074167   -0.00023784  0.00000000
  0.00000000  0.00074167    0.14037020  0.00000000    0.00000000  0.00288211
 -0.00023784  0.00000000    0.00000000 -0.00288211    0.16048202  0.00000000
    1    2
 -0.05972867  0.04339542   -0.05210773 -0.07172013   -0.02164351  0.01572493
 -0.05210773 -0.07172013   -0.05961790  0.04331494    0.01058565  0.01456990
 -0.02164351  0.01572493    0.01058565  0.01456990   -0.06668947  0.04845273
    2    1
 -0.05972867 -0.04339542   -0.05210773  0.07172013   -0.02164351 -0.01572493
 -0.05210773  0.07172013   -0.05961790 -0.04331494    0.01058565 -0.01456990
 -0.02164351 -0.01572493    0.01058565 -0.01456990   -0.06668947 -0.04845273
    2    2
  0.13524458  0.00000000    0.00000000  0.00074167   -0.00023784  0.00000000
  0.00000000 -0.00074167    0.14037020  0.00000000    0.00000000 -0.00288211
 -0.00023784  0.00000000    0.00000000  0.00288211    0.16048202  0.00000000

     Dynamical  Matrix in cartesian axes

     q = (    0.200000000   0.000000000   0.600000000 ) 

    1    1
  0.13524458  0.00000000    0.00000000 -0.00074167    0.00023784  0.00000000
  0.00000000  0.00074167    0.14037020  0.00000000    0.00000000 -0.00288211
  0.00023784  0.00000000    0.00000000  0.00288211    0.16048202  0.00000000
    1    2
 -0.02281432  0.07021527   -0.08431207 -0.02739465    0.00826708 -0.02544347
 -0.08431207 -0.02739465   -0.02277201  0.07008505   -0.01712795 -0.00556521
  0.00826708 -0.02544347   -0.01712795 -0.00556521   -0.02547311  0.07839817
    2    1
 -0.02281432 -0.07021527   -0.08431207  0.02739465    0.00826708  0.02544347
 -0.08431207  0.02739465   -0.02277201 -0.07008505   -0.01712795  0.00556521
  0.00826708  0.02544347   -0.01712795  0.00556521   -0.02547311 -0.07839817
    2    2
  0.13524458  0.00000000    0.00000000  0.00074167    0.00023784  0.00000000
  0.00000000 -0.00074167    0.14037020  0.00000000    0.00000000  0.00288211
  0.00023784  0.00000000    0.00000000 -0.00288211    0.16048202  0.00000000

     Diagonalizing the dynamical matrix

     q = (   -0.200000000   0.600000000   0.000000000 ) 

 **************************************************************************
     freq (    1) =       1.300754 [THz] =      43.388498 [cm-1]
 ( -0.370053 -0.509334 -0.111008 -0.152789  0.210924 -0.153245 ) 
 ( -0.000000 -0.629571 -0.000000 -0.188858 -0.260717  0.000000 ) 
     freq (    2) =       1.440147 [THz] =      48.038132 [cm-1]
 ( -0.182454 -0.251127  0.046998  0.064687 -0.509907  0.370469 ) 
 (  0.000000  0.310410  0.000000 -0.079957 -0.630280  0.000000 ) 
     freq (    3) =       2.782311 [THz] =      92.807903 [cm-1]
 (  0.073746  0.101503 -0.394585 -0.543100 -0.148304  0.107749 ) 
 (  0.000000  0.125464  0.000000 -0.671308  0.183314  0.000000 ) 
     freq (    4) =       4.811790 [THz] =     160.504040 [cm-1]
 (  0.222596  0.306377 -0.317380 -0.436836 -0.206306  0.149890 ) 
 (  0.000000 -0.378703  0.000000  0.539958 -0.255008  0.000000 ) 
     freq (    5) =       5.092180 [THz] =     169.856852 [cm-1]
 ( -0.174265 -0.239856  0.068744  0.094617 -0.510658  0.371014 ) 
 (  0.000000 -0.296478  0.000000  0.116954  0.631207  0.000000 ) 
     freq (    6) =       5.162862 [THz] =     172.214532 [cm-1]
 ( -0.299845 -0.412702 -0.264210 -0.363655  0.157121 -0.114155 ) 
 ( -0.000000  0.510127 -0.000000  0.449502  0.194212  0.000000 ) 
 **************************************************************************
