Dynamical matrix file
                                                                           
  1    2  2 12.5600000  0.0000000  0.0000000  0.0000000  0.0000000  0.0000000
           1  'Sn  '    108197.54598352207     
    1    1      0.0000000000      0.0000000000      0.0000000000
    2    1      0.2500000000      0.2500000000      0.2500000000

     Dynamical  Matrix in cartesian axes

     q = (    0.800000000  -0.200000000   1.000000000 ) 

    1    1
  0.13305157  0.00000000   -0.00057212  0.00000000    0.00000000  0.00089518
 -0.00057212  0.00000000    0.16766273  0.00000000    0.00000000 -0.00277119
  0.00000000 -0.00089518    0.00000000  0.00277119    0.13575756 -0.00000000
    1    2
 -0.02204259  0.03033902   -0.01848012  0.02543570   -0.08623179 -0.06265106
 -0.01848012  0.02543570   -0.02562154  0.03526502    0.00815070  0.00592183
 -0.08623179 -0.06265106    0.00815070  0.00592183   -0.02386032  0.03284091
    2    1
 -0.02204259 -0.03033902   -0.01848012 -0.02543570   -0.08623179  0.06265106
 -0.01848012 -0.02543570   -0.02562154 -0.03526502    0.00815070 -0.00592183
 -0.08623179  0.06265106    0.00815070 -0.00592183   -0.02386032 -0.03284091
    2    2
  0.13305157 -0.00000000   -0.00057212  0.00000000    0.00000000 -0.00089518
 -0.00057212 -0.00000000    0.16766273  0.00000000    0.00000000  0.00277119
  0.00000000  0.00089518    0.00000000 -0.00277119    0.13575756  0.00000000

     Dynamical  Matrix in cartesian axes

     q = (    0.800000000   0.200000000  -1.000000000 ) 

    1    1
  0.13305157  0.00000000    0.00057212  0.00000000    0.00000000 -0.00089518
  0.00057212  0.00000000    0.16766273  0.00000000    0.00000000 -0.00277119
  0.00000000  0.00089518    0.00000000  0.00277119    0.13575756  0.00000000
    1    2
  0.00000000 -0.03750110    0.00000000  0.03144026   -0.10658835  0.00000000
  0.00000000  0.03144026    0.00000000 -0.04358997   -0.01007482 -0.00000000
 -0.10658835  0.00000000   -0.01007482  0.00000000    0.00000000 -0.04059360
    2    1
  0.00000000  0.03750110    0.00000000 -0.03144026   -0.10658835 -0.00000000
  0.00000000 -0.03144026    0.00000000  0.04358997   -0.01007482  0.00000000
 -0.10658835 -0.00000000   -0.01007482  0.00000000    0.00000000  0.04059360
    2    2
  0.13305157  0.00000000    0.00057212  0.00000000    0.00000000  0.00089518
  0.00057212  0.00000000    0.16766273  0.00000000    0.00000000  0.00277119
  0.00000000 -0.00089518    0.00000000 -0.00277119    0.13575756  0.00000000

     Dynamical  Matrix in cartesian axes

     q = (   -0.800000000  -0.200000000   1.000000000 ) 

    1    1
  0.13305157  0.00000000    0.00057212  0.00000000    0.00000000  0.00089518
  0.00057212  0.00000000    0.16766273  0.00000000    0.00000000  0.00277119
  0.00000000 -0.00089518    0.00000000 -0.00277119    0.13575756  0.00000000
    1    2
  0.00000000  0.03750110    0.00000000 -0.03144026   -0.10658835 -0.00000000
  0.00000000 -0.03144026    0.00000000  0.04358997   -0.01007482  0.00000000
 -0.10658835 -0.00000000   -0.01007482  0.00000000    0.00000000  0.04059360
    2    1
  0.00000000 -0.03750110    0.00000000  0.03144026   -0.10658835  0.00000000
  0.00000000  0.03144026    0.00000000 -0.04358997   -0.01007482 -0.00000000
 -0.10658835  0.00000000   -0.01007482  0.00000000    0.00000000 -0.04059360
    2    2
  0.13305157  0.00000000    0.00057212  0.00000000    0.00000000 -0.00089518
  0.00057212  0.00000000    0.16766273  0.00000000    0.00000000 -0.00277119
  0.00000000  0.00089518    0.00000000  0.00277119    0.13575756  0.00000000

     Dynamical  Matrix in cartesian axes

     q = (   -1.000000000  -0.200000000  -0.800000000 ) 

    1    1
  0.13575756  0.00000000    0.00000000 -0.00277119    0.00000000 -0.00089518
  0.00000000  0.00277119    0.16766273  0.00000000    0.00057212 -0.00000000
  0.00000000  0.00089518    0.00057212  0.00000000    0.13305157  0.00000000
    1    2
  0.00000000  0.04059360   -0.01007482  0.00000000   -0.10658835  0.00000000
 -0.01007482  0.00000000    0.00000000  0.04358997   -0.00000000 -0.03144026
 -0.10658835  0.00000000   -0.00000000 -0.03144026    0.00000000  0.03750110
    2    1
  0.00000000 -0.04059360   -0.01007482 -0.00000000   -0.10658835 -0.00000000
 -0.01007482 -0.00000000    0.00000000 -0.04358997   -0.00000000  0.03144026
 -0.10658835 -0.00000000   -0.00000000  0.03144026    0.00000000 -0.03750110
    2    2
  0.13575756  0.00000000    0.00000000  0.00277119    0.00000000  0.00089518
  0.00000000 -0.00277119    0.16766273  0.00000000    0.00057212  0.00000000
  0.00000000 -0.00089518    0.00057212 -0.00000000    0.13305157 -0.00000000

     Dynamical  Matrix in cartesian axes

     q = (   -1.000000000  -0.200000000   0.800000000 ) 

    1    1
  0.13575756  0.00000000    0.00000000  0.00277119    0.00000000 -0.00089518
  0.00000000 -0.00277119    0.16766273  0.00000000   -0.00057212  0.00000000
  0.00000000  0.00089518   -0.00057212  0.00000000    0.13305157  0.00000000
    1    2
 -0.02386032  0.03284091    0.00815070  0.00592183   -0.08623179 -0.06265106
  0.00815070  0.00592183   -0.02562154  0.03526502   -0.01848012  0.02543570
 -0.08623179 -0.06265106   -0.01848012  0.02543570   -0.02204259  0.03033902
    2    1
 -0.02386032 -0.03284091    0.00815070 -0.00592183   -0.08623179  0.06265106
  0.00815070 -0.00592183   -0.02562154 -0.03526502   -0.01848012 -0.02543570
 -0.08623179  0.06265106   -0.01848012 -0.02543570   -0.02204259 -0.03033902
    2    2
  0.13575756  0.00000000    0.00000000 -0.00277119    0.00000000  0.00089518
  0.00000000  0.00277119    0.16766273  0.00000000   -0.00057212  0.00000000
  0.00000000 -0.00089518   -0.00057212 -0.00000000    0.13305157  0.00000000

     Dynamical  Matrix in cartesian axes

     q = (   -0.800000000   0.200000000  -1.000000000 ) 

    1    1
  0.13305157 -0.00000000   -0.00057212  0.00000000    0.00000000 -0.00089518
 -0.00057212 -0.00000000    0.16766273  0.00000000    0.00000000  0.00277119
  0.00000000  0.00089518    0.00000000 -0.00277119    0.13575756  0.00000000
    1    2
 -0.02204259 -0.03033902   -0.01848012 -0.02543570   -0.08623179  0.06265106
 -0.01848012 -0.02543570   -0.02562154 -0.03526502    0.00815070 -0.00592183
 -0.08623179  0.06265106    0.00815070 -0.00592183   -0.02386032 -0.03284091
    2    1
 -0.02204259  0.03033902   -0.01848012  0.02543570   -0.08623179 -0.06265106
 -0.01848012  0.02543570   -0.02562154  0.03526502    0.00815070  0.00592183
 -0.08623179 -0.06265106    0.00815070  0.00592183   -0.02386032  0.03284091
    2    2
  0.13305157  0.00000000   -0.00057212  0.00000000    0.00000000  0.00089518
 -0.00057212  0.00000000    0.16766273  0.00000000    0.00000000 -0.00277119
  0.00000000 -0.00089518    0.00000000  0.00277119    0.13575756 -0.00000000

     Dynamical  Matrix in cartesian axes

     q = (    1.000000000   0.200000000   0.800000000 ) 

    1    1
  0.13575756  0.00000000    0.00000000  0.00277119    0.00000000  0.00089518
  0.00000000 -0.00277119    0.16766273  0.00000000    0.00057212  0.00000000
  0.00000000 -0.00089518    0.00057212 -0.00000000    0.13305157 -0.00000000
    1    2
  0.00000000 -0.04059360   -0.01007482 -0.00000000   -0.10658835 -0.00000000
 -0.01007482 -0.00000000    0.00000000 -0.04358997   -0.00000000  0.03144026
 -0.10658835 -0.00000000   -0.00000000  0.03144026    0.00000000 -0.03750110
    2    1
  0.00000000  0.04059360   -0.01007482  0.00000000   -0.10658835  0.00000000
 -0.01007482  0.00000000    0.00000000  0.04358997   -0.00000000 -0.03144026
 -0.10658835  0.00000000   -0.00000000 -0.03144026    0.00000000  0.03750110
    2    2
  0.13575756  0.00000000    0.00000000 -0.00277119    0.00000000 -0.00089518
  0.00000000  0.00277119    0.16766273  0.00000000    0.00057212 -0.00000000
  0.00000000  0.00089518    0.00057212  0.00000000    0.13305157  0.00000000

     Dynamical  Matrix in cartesian axes

     q = (    1.000000000   0.200000000  -0.800000000 ) 

    1    1
  0.13575756  0.00000000    0.00000000 -0.00277119    0.00000000  0.00089518
  0.00000000  0.00277119    0.16766273  0.00000000   -0.00057212  0.00000000
  0.00000000 -0.00089518   -0.00057212 -0.00000000    0.13305157  0.00000000
    1    2
 -0.02386032 -0.03284091    0.00815070 -0.00592183   -0.08623179  0.06265106
  0.00815070 -0.00592183   -0.02562154 -0.03526502   -0.01848012 -0.02543570
 -0.08623179  0.06265106   -0.01848012 -0.02543570   -0.02204259 -0.03033902
    2    1
 -0.02386032  0.03284091    0.00815070  0.00592183   -0.08623179 -0.06265106
  0.00815070  0.00592183   -0.02562154  0.03526502   -0.01848012  0.02543570
 -0.08623179 -0.06265106   -0.01848012  0.02543570   -0.02204259  0.03033902
    2    2
  0.13575756  0.00000000    0.00000000  0.00277119    0.00000000 -0.00089518
  0.00000000 -0.00277119    0.16766273  0.00000000   -0.00057212  0.00000000
  0.00000000  0.00089518   -0.00057212  0.00000000    0.13305157  0.00000000

     Dynamical  Matrix in cartesian axes

     q = (   -0.200000000   1.000000000   0.800000000 ) 

    1    1
  0.16766273  0.00000000    0.00000000 -0.00277119   -0.00057212 -0.00000000
  0.00000000  0.00277119    0.13575756  0.00000000    0.00000000 -0.00089518
 -0.00057212  0.00000000    0.00000000  0.00089518    0.13305157 -0.00000000
    1    2
 -0.02562154  0.03526502    0.00815070  0.00592183   -0.01848012  0.02543570
  0.00815070  0.00592183   -0.02386032  0.03284091   -0.08623179 -0.06265106
 -0.01848012  0.02543570   -0.08623179 -0.06265106   -0.02204259  0.03033902
    2    1
 -0.02562154 -0.03526502    0.00815070 -0.00592183   -0.01848012 -0.02543570
  0.00815070 -0.00592183   -0.02386032 -0.03284091   -0.08623179  0.06265106
 -0.01848012 -0.02543570   -0.08623179  0.06265106   -0.02204259 -0.03033902
    2    2
  0.16766273  0.00000000    0.00000000  0.00277119   -0.00057212  0.00000000
  0.00000000 -0.00277119    0.13575756  0.00000000    0.00000000  0.00089518
 -0.00057212  0.00000000    0.00000000 -0.00089518    0.13305157  0.00000000

     Dynamical  Matrix in cartesian axes

     q = (    0.200000000   1.000000000  -0.800000000 ) 

    1    1
  0.16766273  0.00000000    0.00000000  0.00277119   -0.00057212  0.00000000
  0.00000000 -0.00277119    0.13575756  0.00000000    0.00000000  0.00089518
 -0.00057212  0.00000000    0.00000000 -0.00089518    0.13305157  0.00000000
    1    2
 -0.02562154 -0.03526502    0.00815070 -0.00592183   -0.01848012 -0.02543570
  0.00815070 -0.00592183   -0.02386032 -0.03284091   -0.08623179  0.06265106
 -0.01848012 -0.02543570   -0.08623179  0.06265106   -0.02204259 -0.03033902
    2    1
 -0.02562154  0.03526502    0.00815070  0.00592183   -0.01848012  0.02543570
  0.00815070  0.00592183   -0.02386032  0.03284091   -0.08623179 -0.06265106
 -0.01848012  0.02543570   -0.08623179 -0.06265106   -0.02204259  0.03033902
    2    2
  0.16766273  0.00000000    0.00000000 -0.00277119   -0.00057212 -0.00000000
  0.00000000  0.00277119    0.13575756  0.00000000    0.00000000 -0.00089518
 -0.00057212  0.00000000    0.00000000  0.00089518    0.13305157 -0.00000000

     Dynamical  Matrix in cartesian axes

     q = (   -0.200000000  -1.000000000  -0.800000000 ) 

    1    1
  0.16766273  0.00000000    0.00000000  0.00277119    0.00057212  0.00000000
  0.00000000 -0.00277119    0.13575756  0.00000000    0.00000000 -0.00089518
  0.00057212  0.00000000    0.00000000  0.00089518    0.13305157  0.00000000
    1    2
  0.00000000  0.04358997   -0.01007482 -0.00000000    0.00000000 -0.03144026
 -0.01007482  0.00000000    0.00000000  0.04059360   -0.10658835 -0.00000000
  0.00000000 -0.03144026   -0.10658835 -0.00000000    0.00000000  0.03750110
    2    1
  0.00000000 -0.04358997   -0.01007482  0.00000000    0.00000000  0.03144026
 -0.01007482 -0.00000000    0.00000000 -0.04059360   -0.10658835  0.00000000
  0.00000000  0.03144026   -0.10658835  0.00000000    0.00000000 -0.03750110
    2    2
  0.16766273  0.00000000    0.00000000 -0.00277119    0.00057212  0.00000000
  0.00000000  0.00277119    0.13575756  0.00000000    0.00000000  0.00089518
  0.00057212  0.00000000    0.00000000 -0.00089518    0.13305157  0.00000000

     Dynamical  Matrix in cartesian axes

     q = (   -0.200000000   0.800000000  -1.000000000 ) 

    1    1
  0.16766273  0.00000000   -0.00057212  0.00000000    0.00000000 -0.00277119
 -0.00057212  0.00000000    0.13305157  0.00000000    0.00000000  0.00089518
  0.00000000  0.00277119    0.00000000 -0.00089518    0.13575756  0.00000000
    1    2
 -0.02562154  0.03526502   -0.01848012  0.02543570    0.00815070  0.00592183
 -0.01848012  0.02543570   -0.02204259  0.03033902   -0.08623179 -0.06265106
  0.00815070  0.00592183   -0.08623179 -0.06265106   -0.02386032  0.03284091
    2    1
 -0.02562154 -0.03526502   -0.01848012 -0.02543570    0.00815070 -0.00592183
 -0.01848012 -0.02543570   -0.02204259 -0.03033902   -0.08623179  0.06265106
  0.00815070 -0.00592183   -0.08623179  0.06265106   -0.02386032 -0.03284091
    2    2
  0.16766273  0.00000000   -0.00057212  0.00000000    0.00000000  0.00277119
 -0.00057212  0.00000000    0.13305157  0.00000000    0.00000000 -0.00089518
  0.00000000 -0.00277119    0.00000000  0.00089518    0.13575756  0.00000000

     Dynamical  Matrix in cartesian axes

     q = (    1.000000000   0.800000000  -0.200000000 ) 

    1    1
  0.13575756  0.00000000    0.00000000 -0.00089518    0.00000000  0.00277119
  0.00000000  0.00089518    0.13305157  0.00000000   -0.00057212 -0.00000000
  0.00000000 -0.00277119   -0.00057212 -0.00000000    0.16766273  0.00000000
    1    2
 -0.02386032  0.03284091   -0.08623179 -0.06265106    0.00815070  0.00592183
 -0.08623179 -0.06265106   -0.02204259  0.03033902   -0.01848012  0.02543570
  0.00815070  0.00592183   -0.01848012  0.02543570   -0.02562154  0.03526502
    2    1
 -0.02386032 -0.03284091   -0.08623179  0.06265106    0.00815070 -0.00592183
 -0.08623179  0.06265106   -0.02204259 -0.03033902   -0.01848012 -0.02543570
  0.00815070 -0.00592183   -0.01848012 -0.02543570   -0.02562154 -0.03526502
    2    2
  0.13575756 -0.00000000    0.00000000  0.00089518    0.00000000 -0.00277119
  0.00000000 -0.00089518    0.13305157 -0.00000000   -0.00057212  0.00000000
  0.00000000  0.00277119   -0.00057212  0.00000000    0.16766273 -0.00000000

     Dynamical  Matrix in cartesian axes

     q = (    1.000000000  -0.800000000   0.200000000 ) 

    1    1
  0.13575756 -0.00000000    0.00000000  0.00089518    0.00000000 -0.00277119
  0.00000000 -0.00089518    0.13305157 -0.00000000   -0.00057212  0.00000000
  0.00000000  0.00277119   -0.00057212  0.00000000    0.16766273 -0.00000000
    1    2
 -0.02386032 -0.03284091   -0.08623179  0.06265106    0.00815070 -0.00592183
 -0.08623179  0.06265106   -0.02204259 -0.03033902   -0.01848012 -0.02543570
  0.00815070 -0.00592183   -0.01848012 -0.02543570   -0.02562154 -0.03526502
    2    1
 -0.02386032  0.03284091   -0.08623179 -0.06265106    0.00815070  0.00592183
 -0.08623179 -0.06265106   -0.02204259  0.03033902   -0.01848012  0.02543570
  0.00815070  0.00592183   -0.01848012  0.02543570   -0.02562154  0.03526502
    2    2
  0.13575756  0.00000000    0.00000000 -0.00089518    0.00000000  0.00277119
  0.00000000  0.00089518    0.13305157  0.00000000   -0.00057212 -0.00000000
  0.00000000 -0.00277119   -0.00057212 -0.00000000    0.16766273  0.00000000

     Dynamical  Matrix in cartesian axes

     q = (   -1.000000000  -0.800000000  -0.200000000 ) 

    1    1
  0.13575756  0.00000000    0.00000000 -0.00089518    0.00000000 -0.00277119
  0.00000000  0.00089518    0.13305157  0.00000000    0.00057212 -0.00000000
  0.00000000  0.00277119    0.00057212 -0.00000000    0.16766273  0.00000000
    1    2
  0.00000000  0.04059360   -0.10658835  0.00000000   -0.01007482  0.00000000
 -0.10658835  0.00000000    0.00000000  0.03750110   -0.00000000 -0.03144026
 -0.01007482  0.00000000   -0.00000000 -0.03144026    0.00000000  0.04358997
    2    1
  0.00000000 -0.04059360   -0.10658835 -0.00000000   -0.01007482 -0.00000000
 -0.10658835 -0.00000000    0.00000000 -0.03750110   -0.00000000  0.03144026
 -0.01007482 -0.00000000   -0.00000000  0.03144026    0.00000000 -0.04358997
    2    2
  0.13575756 -0.00000000    0.00000000  0.00089518    0.00000000  0.00277119
  0.00000000 -0.00089518    0.13305157 -0.00000000    0.00057212  0.00000000
  0.00000000 -0.00277119    0.00057212  0.00000000    0.16766273 -0.00000000

     Dynamical  Matrix in cartesian axes

     q = (   -1.000000000   0.800000000   0.200000000 ) 

    1    1
  0.13575756 -0.00000000    0.00000000  0.00089518    0.00000000  0.00277119
  0.00000000 -0.00089518    0.13305157 -0.00000000    0.00057212  0.00000000
  0.00000000 -0.00277119    0.00057212  0.00000000    0.16766273 -0.00000000
    1    2
  0.00000000 -0.04059360   -0.10658835  0.00000000   -0.01007482  0.00000000
 -0.10658835  0.00000000    0.00000000 -0.03750110    0.00000000  0.03144026
 -0.01007482  0.00000000    0.00000000  0.03144026   -0.00000000 -0.04358997
    2    1
  0.00000000  0.04059360   -0.10658835 -0.00000000   -0.01007482 -0.00000000
 -0.10658835 -0.00000000    0.00000000  0.03750110    0.00000000 -0.03144026
 -0.01007482 -0.00000000    0.00000000 -0.03144026   -0.00000000  0.04358997
    2    2
  0.13575756  0.00000000    0.00000000 -0.00089518    0.00000000 -0.00277119
  0.00000000  0.00089518    0.13305157  0.00000000    0.00057212 -0.00000000
  0.00000000  0.00277119    0.00057212 -0.00000000    0.16766273  0.00000000

     Dynamical  Matrix in cartesian axes

     q = (    0.200000000  -0.800000000   1.000000000 ) 

    1    1
  0.16766273  0.00000000   -0.00057212  0.00000000    0.00000000  0.00277119
 -0.00057212  0.00000000    0.13305157  0.00000000    0.00000000 -0.00089518
  0.00000000 -0.00277119    0.00000000  0.00089518    0.13575756  0.00000000
    1    2
 -0.02562154 -0.03526502   -0.01848012 -0.02543570    0.00815070 -0.00592183
 -0.01848012 -0.02543570   -0.02204259 -0.03033902   -0.08623179  0.06265106
  0.00815070 -0.00592183   -0.08623179  0.06265106   -0.02386032 -0.03284091
    2    1
 -0.02562154  0.03526502   -0.01848012  0.02543570    0.00815070  0.00592183
 -0.01848012  0.02543570   -0.02204259  0.03033902   -0.08623179 -0.06265106
  0.00815070  0.00592183   -0.08623179 -0.06265106   -0.02386032  0.03284091
    2    2
  0.16766273  0.00000000   -0.00057212  0.00000000    0.00000000 -0.00277119
 -0.00057212  0.00000000    0.13305157  0.00000000    0.00000000  0.00089518
  0.00000000  0.00277119    0.00000000 -0.00089518    0.13575756  0.00000000

     Dynamical  Matrix in cartesian axes

     q = (    0.200000000  -1.000000000   0.800000000 ) 

    1    1
  0.16766273  0.00000000    0.00000000 -0.00277119    0.00057212  0.00000000
  0.00000000  0.00277119    0.13575756  0.00000000    0.00000000  0.00089518
  0.00057212  0.00000000    0.00000000 -0.00089518    0.13305157  0.00000000
    1    2
 -0.00000000 -0.04358997   -0.01007482  0.00000000    0.00000000  0.03144026
 -0.01007482  0.00000000    0.00000000 -0.04059360   -0.10658835  0.00000000
  0.00000000  0.03144026   -0.10658835  0.00000000   -0.00000000 -0.03750110
    2    1
 -0.00000000  0.04358997   -0.01007482  0.00000000    0.00000000 -0.03144026
 -0.01007482 -0.00000000    0.00000000  0.04059360   -0.10658835 -0.00000000
  0.00000000 -0.03144026   -0.10658835 -0.00000000   -0.00000000  0.03750110
    2    2
  0.16766273  0.00000000    0.00000000  0.00277119    0.00057212  0.00000000
  0.00000000 -0.00277119    0.13575756  0.00000000    0.00000000 -0.00089518
  0.00057212  0.00000000    0.00000000  0.00089518    0.13305157  0.00000000

     Dynamical  Matrix in cartesian axes

     q = (    0.200000000   0.800000000   1.000000000 ) 

    1    1
  0.16766273  0.00000000    0.00057212  0.00000000    0.00000000 -0.00277119
  0.00057212  0.00000000    0.13305157  0.00000000    0.00000000 -0.00089518
  0.00000000  0.00277119    0.00000000  0.00089518    0.13575756  0.00000000
    1    2
  0.00000000 -0.04358997   -0.00000000  0.03144026   -0.01007482  0.00000000
 -0.00000000  0.03144026    0.00000000 -0.03750110   -0.10658835 -0.00000000
 -0.01007482 -0.00000000   -0.10658835 -0.00000000   -0.00000000 -0.04059360
    2    1
  0.00000000  0.04358997   -0.00000000 -0.03144026   -0.01007482  0.00000000
 -0.00000000 -0.03144026    0.00000000  0.03750110   -0.10658835  0.00000000
 -0.01007482  0.00000000   -0.10658835  0.00000000   -0.00000000  0.04059360
    2    2
  0.16766273  0.00000000    0.00057212  0.00000000    0.00000000  0.00277119
  0.00057212  0.00000000    0.13305157  0.00000000    0.00000000  0.00089518
  0.00000000 -0.00277119    0.00000000 -0.00089518    0.13575756  0.00000000

     Dynamical  Matrix in cartesian axes

     q = (   -0.200000000  -0.800000000  -1.000000000 ) 

    1    1
  0.16766273  0.00000000    0.00057212  0.00000000    0.00000000  0.00277119
  0.00057212  0.00000000    0.13305157  0.00000000    0.00000000  0.00089518
  0.00000000 -0.00277119    0.00000000 -0.00089518    0.13575756  0.00000000
    1    2
  0.00000000  0.04358997   -0.00000000 -0.03144026   -0.01007482  0.00000000
 -0.00000000 -0.03144026    0.00000000  0.03750110   -0.10658835  0.00000000
 -0.01007482  0.00000000   -0.10658835  0.00000000   -0.00000000  0.04059360
    2    1
  0.00000000 -0.04358997   -0.00000000  0.03144026   -0.01007482  0.00000000
 -0.00000000  0.03144026    0.00000000 -0.03750110   -0.10658835 -0.00000000
 -0.01007482 -0.00000000   -0.10658835 -0.00000000   -0.00000000 -0.04059360
    2    2
  0.16766273  0.00000000    0.00057212  0.00000000    0.00000000 -0.00277119
  0.00057212  0.00000000    0.13305157  0.00000000    0.00000000 -0.00089518
  0.00000000  0.00277119    0.00000000  0.00089518    0.13575756  0.00000000

     Dynamical  Matrix in cartesian axes

     q = (    0.800000000  -1.000000000   0.200000000 ) 

    1    1
  0.13305157 -0.00000000    0.00000000 -0.00089518    0.00057212 -0.00000000
  0.00000000  0.00089518    0.13575756 -0.00000000    0.00000000  0.00277119
  0.00057212 -0.00000000    0.00000000 -0.00277119    0.16766273 -0.00000000
    1    2
  0.00000000 -0.03750110   -0.10658835  0.00000000    0.00000000  0.03144026
 -0.10658835  0.00000000   -0.00000000 -0.04059360   -0.01007482  0.00000000
  0.00000000  0.03144026   -0.01007482 -0.00000000    0.00000000 -0.04358997
    2    1
  0.00000000  0.03750110   -0.10658835 -0.00000000    0.00000000 -0.03144026
 -0.10658835 -0.00000000   -0.00000000  0.04059360   -0.01007482 -0.00000000
  0.00000000 -0.03144026   -0.01007482  0.00000000    0.00000000  0.04358997
    2    2
  0.13305157  0.00000000    0.00000000  0.00089518    0.00057212  0.00000000
  0.00000000 -0.00089518    0.13575756  0.00000000    0.00000000 -0.00277119
  0.00057212  0.00000000    0.00000000  0.00277119    0.16766273  0.00000000

     Dynamical  Matrix in cartesian axes

     q = (   -0.800000000  -1.000000000   0.200000000 ) 

    1    1
  0.13305157 -0.00000000    0.00000000 -0.00089518   -0.00057212 -0.00000000
  0.00000000  0.00089518    0.13575756  0.00000000    0.00000000 -0.00277119
 -0.00057212 -0.00000000    0.00000000  0.00277119    0.16766273 -0.00000000
    1    2
 -0.02204259 -0.03033902   -0.08623179  0.06265106   -0.01848012 -0.02543570
 -0.08623179  0.06265106   -0.02386032 -0.03284091    0.00815070 -0.00592183
 -0.01848012 -0.02543570    0.00815070 -0.00592183   -0.02562154 -0.03526502
    2    1
 -0.02204259  0.03033902   -0.08623179 -0.06265106   -0.01848012  0.02543570
 -0.08623179 -0.06265106   -0.02386032  0.03284091    0.00815070  0.00592183
 -0.01848012  0.02543570    0.00815070  0.00592183   -0.02562154  0.03526502
    2    2
  0.13305157  0.00000000    0.00000000  0.00089518   -0.00057212  0.00000000
  0.00000000 -0.00089518    0.13575756 -0.00000000    0.00000000  0.00277119
 -0.00057212  0.00000000    0.00000000 -0.00277119    0.16766273  0.00000000

     Dynamical  Matrix in cartesian axes

     q = (    0.800000000   1.000000000  -0.200000000 ) 

    1    1
  0.13305157  0.00000000    0.00000000  0.00089518   -0.00057212  0.00000000
  0.00000000 -0.00089518    0.13575756 -0.00000000    0.00000000  0.00277119
 -0.00057212  0.00000000    0.00000000 -0.00277119    0.16766273  0.00000000
    1    2
 -0.02204259  0.03033902   -0.08623179 -0.06265106   -0.01848012  0.02543570
 -0.08623179 -0.06265106   -0.02386032  0.03284091    0.00815070  0.00592183
 -0.01848012  0.02543570    0.00815070  0.00592183   -0.02562154  0.03526502
    2    1
 -0.02204259 -0.03033902   -0.08623179  0.06265106   -0.01848012 -0.02543570
 -0.08623179  0.06265106   -0.02386032 -0.03284091    0.00815070 -0.00592183
 -0.01848012 -0.02543570    0.00815070 -0.00592183   -0.02562154 -0.03526502
    2    2
  0.13305157 -0.00000000    0.00000000 -0.00089518   -0.00057212 -0.00000000
  0.00000000  0.00089518    0.13575756  0.00000000    0.00000000 -0.00277119
 -0.00057212 -0.00000000    0.00000000  0.00277119    0.16766273 -0.00000000

     Dynamical  Matrix in cartesian axes

     q = (   -0.800000000  -1.000000000  -0.200000000 ) 

    1    1
  0.13305157  0.00000000    0.00000000  0.00089518    0.00057212  0.00000000
  0.00000000 -0.00089518    0.13575756  0.00000000    0.00000000 -0.00277119
  0.00057212  0.00000000    0.00000000  0.00277119    0.16766273  0.00000000
    1    2
  0.00000000  0.03750110   -0.10658835  0.00000000   -0.00000000 -0.03144026
 -0.10658835  0.00000000    0.00000000  0.04059360   -0.01007482  0.00000000
 -0.00000000 -0.03144026   -0.01007482  0.00000000    0.00000000  0.04358997
    2    1
  0.00000000 -0.03750110   -0.10658835 -0.00000000   -0.00000000  0.03144026
 -0.10658835 -0.00000000    0.00000000 -0.04059360   -0.01007482 -0.00000000
 -0.00000000  0.03144026   -0.01007482 -0.00000000    0.00000000 -0.04358997
    2    2
  0.13305157 -0.00000000    0.00000000 -0.00089518    0.00057212 -0.00000000
  0.00000000  0.00089518    0.13575756 -0.00000000    0.00000000  0.00277119
  0.00057212 -0.00000000    0.00000000 -0.00277119    0.16766273 -0.00000000

     Diagonalizing the dynamical matrix

     q = (    0.800000000  -0.200000000   1.000000000 ) 

 **************************************************************************
     freq (    1) =       1.327419 [THz] =      44.277939 [cm-1]
 (  0.469679  0.341242  0.103873  0.075468 -0.224954  0.309623 ) 
 (  0.000000  0.580555  0.000000  0.128394  0.382715  0.000000 ) 
     freq (    2) =       1.330589 [THz] =      44.383669 [cm-1]
 (  0.332431  0.241525 -0.070382 -0.051136  0.334360 -0.460207 ) 
 ( -0.000000 -0.410908 -0.000000  0.086997  0.568847  0.000000 ) 
     freq (    3) =       3.483071 [THz] =     116.182729 [cm-1]
 (  0.016181  0.011756 -0.549090 -0.398937 -0.116003  0.159665 ) 
 (  0.000000  0.020001 -0.000000 -0.678712  0.197356  0.000000 ) 
     freq (    4) =       4.513625 [THz] =     150.558315 [cm-1]
 ( -0.172331 -0.125206  0.506716  0.368150  0.146746 -0.201979 ) 
 (  0.000000  0.213013 -0.000000 -0.626335  0.249660 -0.000000 ) 
     freq (    5) =       5.056504 [THz] =     168.666808 [cm-1]
 (  0.432488  0.314221  0.256008  0.186001 -0.198532  0.273256 ) 
 (  0.000000 -0.534584  0.000000 -0.316443 -0.337763  0.000000 ) 
     freq (    6) =       5.071066 [THz] =     169.152568 [cm-1]
 ( -0.326181 -0.236985  0.122331  0.088879 -0.329673  0.453756 ) 
 (  0.000000 -0.403182  0.000000  0.151210  0.560874  0.000000 ) 
 **************************************************************************
