Dynamical matrix file
                                                                           
  1    2  2 12.5600000  0.0000000  0.0000000  0.0000000  0.0000000  0.0000000
           1  'Sn  '    108197.54598352207     
    1    1      0.0000000000      0.0000000000      0.0000000000
    2    1      0.2500000000      0.2500000000      0.2500000000

     Dynamical  Matrix in cartesian axes

     q = (   -0.100000000   0.300000000  -0.100000000 ) 

    1    1
  0.14165427  0.00000000   -0.00040135  0.00061144    0.00044768  0.00000000
 -0.00040135 -0.00061144    0.15269292  0.00000000   -0.00040135 -0.00061144
  0.00044768  0.00000000   -0.00040135  0.00061144    0.14165427  0.00000000
    1    2
 -0.12052952  0.02186603   -0.00532572  0.01405129   -0.00474320 -0.04433654
 -0.00532572  0.01405129   -0.12680521  0.02394845   -0.00532572  0.01405129
 -0.00474320 -0.04433654   -0.00532572  0.01405129   -0.12052952  0.02186603
    2    1
 -0.12052952 -0.02186603   -0.00532572 -0.01405129   -0.00474320  0.04433654
 -0.00532572 -0.01405129   -0.12680521 -0.02394845   -0.00532572 -0.01405129
 -0.00474320  0.04433654   -0.00532572 -0.01405129   -0.12052952 -0.02186603
    2    2
  0.14165427  0.00000000   -0.00040135 -0.00061144    0.00044768  0.00000000
 -0.00040135  0.00061144    0.15269292  0.00000000   -0.00040135  0.00061144
  0.00044768  0.00000000   -0.00040135 -0.00061144    0.14165427  0.00000000

     Dynamical  Matrix in cartesian axes

     q = (    0.100000000   0.300000000  -0.100000000 ) 

    1    1
  0.14165427  0.00000000    0.00040135  0.00061144   -0.00044768  0.00000000
  0.00040135 -0.00061144    0.15269292  0.00000000   -0.00040135  0.00061144
 -0.00044768  0.00000000   -0.00040135 -0.00061144    0.14165427  0.00000000
    1    2
 -0.11036296  0.05315548    0.01256774  0.00823735   -0.02222304 -0.03865700
  0.01256774  0.00823735   -0.11666412  0.05515953   -0.01256774 -0.00823735
 -0.02222304 -0.03865700   -0.01256774 -0.00823735   -0.11036296  0.05315548
    2    1
 -0.11036296 -0.05315548    0.01256774 -0.00823735   -0.02222304  0.03865700
  0.01256774 -0.00823735   -0.11666412 -0.05515953   -0.01256774  0.00823735
 -0.02222304  0.03865700   -0.01256774  0.00823735   -0.11036296 -0.05315548
    2    2
  0.14165427  0.00000000    0.00040135 -0.00061144   -0.00044768  0.00000000
  0.00040135  0.00061144    0.15269292  0.00000000   -0.00040135 -0.00061144
 -0.00044768  0.00000000   -0.00040135  0.00061144    0.14165427  0.00000000

     Dynamical  Matrix in cartesian axes

     q = (    0.100000000   0.300000000   0.100000000 ) 

    1    1
  0.14165427  0.00000000    0.00040135 -0.00061144    0.00044768  0.00000000
  0.00040135  0.00061144    0.15269292  0.00000000    0.00040135  0.00061144
  0.00044768  0.00000000    0.00040135 -0.00061144    0.14165427  0.00000000
    1    2
 -0.08465790  0.08853546   -0.00395054 -0.01449811   -0.02989769 -0.03308104
 -0.00395054 -0.01449811   -0.08851103  0.09390894   -0.00395054 -0.01449811
 -0.02989769 -0.03308104   -0.00395054 -0.01449811   -0.08465790  0.08853546
    2    1
 -0.08465790 -0.08853546   -0.00395054  0.01449811   -0.02989769  0.03308104
 -0.00395054  0.01449811   -0.08851103 -0.09390894   -0.00395054  0.01449811
 -0.02989769  0.03308104   -0.00395054  0.01449811   -0.08465790 -0.08853546
    2    2
  0.14165427  0.00000000    0.00040135  0.00061144    0.00044768  0.00000000
  0.00040135 -0.00061144    0.15269292  0.00000000    0.00040135 -0.00061144
  0.00044768  0.00000000    0.00040135  0.00061144    0.14165427  0.00000000

     Dynamical  Matrix in cartesian axes

     q = (   -0.100000000   0.300000000   0.100000000 ) 

    1    1
  0.14165427  0.00000000   -0.00040135 -0.00061144   -0.00044768  0.00000000
 -0.00040135  0.00061144    0.15269292  0.00000000    0.00040135 -0.00061144
 -0.00044768  0.00000000    0.00040135  0.00061144    0.14165427  0.00000000
    1    2
 -0.11036296  0.05315548   -0.01256774 -0.00823735   -0.02222304 -0.03865700
 -0.01256774 -0.00823735   -0.11666412  0.05515953    0.01256774  0.00823735
 -0.02222304 -0.03865700    0.01256774  0.00823735   -0.11036296  0.05315548
    2    1
 -0.11036296 -0.05315548   -0.01256774  0.00823735   -0.02222304  0.03865700
 -0.01256774  0.00823735   -0.11666412 -0.05515953    0.01256774 -0.00823735
 -0.02222304  0.03865700    0.01256774 -0.00823735   -0.11036296 -0.05315548
    2    2
  0.14165427  0.00000000   -0.00040135  0.00061144   -0.00044768  0.00000000
 -0.00040135 -0.00061144    0.15269292  0.00000000    0.00040135  0.00061144
 -0.00044768  0.00000000    0.00040135 -0.00061144    0.14165427  0.00000000

     Dynamical  Matrix in cartesian axes

     q = (    0.100000000  -0.300000000   0.100000000 ) 

    1    1
  0.14165427  0.00000000   -0.00040135 -0.00061144    0.00044768  0.00000000
 -0.00040135  0.00061144    0.15269292  0.00000000   -0.00040135  0.00061144
  0.00044768  0.00000000   -0.00040135 -0.00061144    0.14165427  0.00000000
    1    2
 -0.12052952 -0.02186603   -0.00532572 -0.01405129   -0.00474320  0.04433654
 -0.00532572 -0.01405129   -0.12680521 -0.02394845   -0.00532572 -0.01405129
 -0.00474320  0.04433654   -0.00532572 -0.01405129   -0.12052952 -0.02186603
    2    1
 -0.12052952  0.02186603   -0.00532572  0.01405129   -0.00474320 -0.04433654
 -0.00532572  0.01405129   -0.12680521  0.02394845   -0.00532572  0.01405129
 -0.00474320 -0.04433654   -0.00532572  0.01405129   -0.12052952  0.02186603
    2    2
  0.14165427  0.00000000   -0.00040135  0.00061144    0.00044768  0.00000000
 -0.00040135 -0.00061144    0.15269292  0.00000000   -0.00040135 -0.00061144
  0.00044768  0.00000000   -0.00040135  0.00061144    0.14165427  0.00000000

     Dynamical  Matrix in cartesian axes

     q = (    0.100000000  -0.300000000  -0.100000000 ) 

    1    1
  0.14165427  0.00000000   -0.00040135  0.00061144   -0.00044768  0.00000000
 -0.00040135 -0.00061144    0.15269292  0.00000000    0.00040135  0.00061144
 -0.00044768  0.00000000    0.00040135 -0.00061144    0.14165427  0.00000000
    1    2
 -0.11036296 -0.05315548   -0.01256774  0.00823735   -0.02222304  0.03865700
 -0.01256774  0.00823735   -0.11666412 -0.05515953    0.01256774 -0.00823735
 -0.02222304  0.03865700    0.01256774 -0.00823735   -0.11036296 -0.05315548
    2    1
 -0.11036296  0.05315548   -0.01256774 -0.00823735   -0.02222304 -0.03865700
 -0.01256774 -0.00823735   -0.11666412  0.05515953    0.01256774  0.00823735
 -0.02222304 -0.03865700    0.01256774  0.00823735   -0.11036296  0.05315548
    2    2
  0.14165427  0.00000000   -0.00040135 -0.00061144   -0.00044768  0.00000000
 -0.00040135  0.00061144    0.15269292  0.00000000    0.00040135 -0.00061144
 -0.00044768  0.00000000    0.00040135  0.00061144    0.14165427  0.00000000

     Dynamical  Matrix in cartesian axes

     q = (   -0.100000000  -0.300000000   0.100000000 ) 

    1    1
  0.14165427  0.00000000    0.00040135 -0.00061144   -0.00044768  0.00000000
  0.00040135  0.00061144    0.15269292  0.00000000   -0.00040135 -0.00061144
 -0.00044768  0.00000000   -0.00040135  0.00061144    0.14165427  0.00000000
    1    2
 -0.11036296 -0.05315548    0.01256774 -0.00823735   -0.02222304  0.03865700
  0.01256774 -0.00823735   -0.11666412 -0.05515953   -0.01256774  0.00823735
 -0.02222304  0.03865700   -0.01256774  0.00823735   -0.11036296 -0.05315548
    2    1
 -0.11036296  0.05315548    0.01256774  0.00823735   -0.02222304 -0.03865700
  0.01256774  0.00823735   -0.11666412  0.05515953   -0.01256774 -0.00823735
 -0.02222304 -0.03865700   -0.01256774 -0.00823735   -0.11036296  0.05315548
    2    2
  0.14165427  0.00000000    0.00040135  0.00061144   -0.00044768  0.00000000
  0.00040135 -0.00061144    0.15269292  0.00000000   -0.00040135  0.00061144
 -0.00044768  0.00000000   -0.00040135 -0.00061144    0.14165427  0.00000000

     Dynamical  Matrix in cartesian axes

     q = (   -0.100000000  -0.300000000  -0.100000000 ) 

    1    1
  0.14165427  0.00000000    0.00040135  0.00061144    0.00044768  0.00000000
  0.00040135 -0.00061144    0.15269292  0.00000000    0.00040135 -0.00061144
  0.00044768  0.00000000    0.00040135  0.00061144    0.14165427  0.00000000
    1    2
 -0.08465790 -0.08853546   -0.00395054  0.01449811   -0.02989769  0.03308104
 -0.00395054  0.01449811   -0.08851103 -0.09390894   -0.00395054  0.01449811
 -0.02989769  0.03308104   -0.00395054  0.01449811   -0.08465790 -0.08853546
    2    1
 -0.08465790  0.08853546   -0.00395054 -0.01449811   -0.02989769 -0.03308104
 -0.00395054 -0.01449811   -0.08851103  0.09390894   -0.00395054 -0.01449811
 -0.02989769 -0.03308104   -0.00395054 -0.01449811   -0.08465790  0.08853546
    2    2
  0.14165427  0.00000000    0.00040135 -0.00061144    0.00044768  0.00000000
  0.00040135  0.00061144    0.15269292  0.00000000    0.00040135  0.00061144
  0.00044768  0.00000000    0.00040135 -0.00061144    0.14165427  0.00000000

     Dynamical  Matrix in cartesian axes

     q = (    0.300000000  -0.100000000  -0.100000000 ) 

    1    1
  0.15269292  0.00000000   -0.00040135 -0.00061144   -0.00040135 -0.00061144
 -0.00040135  0.00061144    0.14165427  0.00000000    0.00044768  0.00000000
 -0.00040135  0.00061144    0.00044768  0.00000000    0.14165427  0.00000000
    1    2
 -0.12680521  0.02394845   -0.00532572  0.01405129   -0.00532572  0.01405129
 -0.00532572  0.01405129   -0.12052952  0.02186603   -0.00474320 -0.04433654
 -0.00532572  0.01405129   -0.00474320 -0.04433654   -0.12052952  0.02186603
    2    1
 -0.12680521 -0.02394845   -0.00532572 -0.01405129   -0.00532572 -0.01405129
 -0.00532572 -0.01405129   -0.12052952 -0.02186603   -0.00474320  0.04433654
 -0.00532572 -0.01405129   -0.00474320  0.04433654   -0.12052952 -0.02186603
    2    2
  0.15269292  0.00000000   -0.00040135  0.00061144   -0.00040135  0.00061144
 -0.00040135 -0.00061144    0.14165427  0.00000000    0.00044768  0.00000000
 -0.00040135 -0.00061144    0.00044768  0.00000000    0.14165427  0.00000000

     Dynamical  Matrix in cartesian axes

     q = (   -0.300000000  -0.100000000   0.100000000 ) 

    1    1
  0.15269292  0.00000000    0.00040135  0.00061144   -0.00040135 -0.00061144
  0.00040135 -0.00061144    0.14165427  0.00000000   -0.00044768  0.00000000
 -0.00040135  0.00061144   -0.00044768  0.00000000    0.14165427  0.00000000
    1    2
 -0.11666412 -0.05515953    0.01256774 -0.00823735   -0.01256774  0.00823735
  0.01256774 -0.00823735   -0.11036296 -0.05315548   -0.02222304  0.03865700
 -0.01256774  0.00823735   -0.02222304  0.03865700   -0.11036296 -0.05315548
    2    1
 -0.11666412  0.05515953    0.01256774  0.00823735   -0.01256774 -0.00823735
  0.01256774  0.00823735   -0.11036296  0.05315548   -0.02222304 -0.03865700
 -0.01256774 -0.00823735   -0.02222304 -0.03865700   -0.11036296  0.05315548
    2    2
  0.15269292  0.00000000    0.00040135 -0.00061144   -0.00040135  0.00061144
  0.00040135  0.00061144    0.14165427  0.00000000   -0.00044768  0.00000000
 -0.00040135 -0.00061144   -0.00044768  0.00000000    0.14165427  0.00000000

     Dynamical  Matrix in cartesian axes

     q = (    0.300000000   0.100000000   0.100000000 ) 

    1    1
  0.15269292  0.00000000    0.00040135  0.00061144    0.00040135  0.00061144
  0.00040135 -0.00061144    0.14165427  0.00000000    0.00044768  0.00000000
  0.00040135 -0.00061144    0.00044768  0.00000000    0.14165427  0.00000000
    1    2
 -0.08851103  0.09390894   -0.00395054 -0.01449811   -0.00395054 -0.01449811
 -0.00395054 -0.01449811   -0.08465790  0.08853546   -0.02989769 -0.03308104
 -0.00395054 -0.01449811   -0.02989769 -0.03308104   -0.08465790  0.08853546
    2    1
 -0.08851103 -0.09390894   -0.00395054  0.01449811   -0.00395054  0.01449811
 -0.00395054  0.01449811   -0.08465790 -0.08853546   -0.02989769  0.03308104
 -0.00395054  0.01449811   -0.02989769  0.03308104   -0.08465790 -0.08853546
    2    2
  0.15269292  0.00000000    0.00040135 -0.00061144    0.00040135 -0.00061144
  0.00040135  0.00061144    0.14165427  0.00000000    0.00044768  0.00000000
  0.00040135  0.00061144    0.00044768  0.00000000    0.14165427  0.00000000

     Dynamical  Matrix in cartesian axes

     q = (    0.300000000  -0.100000000   0.100000000 ) 

    1    1
  0.15269292  0.00000000   -0.00040135  0.00061144    0.00040135 -0.00061144
 -0.00040135 -0.00061144    0.14165427  0.00000000   -0.00044768  0.00000000
  0.00040135  0.00061144   -0.00044768  0.00000000    0.14165427  0.00000000
    1    2
 -0.11666412  0.05515953   -0.01256774 -0.00823735    0.01256774  0.00823735
 -0.01256774 -0.00823735   -0.11036296  0.05315548   -0.02222304 -0.03865700
  0.01256774  0.00823735   -0.02222304 -0.03865700   -0.11036296  0.05315548
    2    1
 -0.11666412 -0.05515953   -0.01256774  0.00823735    0.01256774 -0.00823735
 -0.01256774  0.00823735   -0.11036296 -0.05315548   -0.02222304  0.03865700
  0.01256774 -0.00823735   -0.02222304  0.03865700   -0.11036296 -0.05315548
    2    2
  0.15269292  0.00000000   -0.00040135 -0.00061144    0.00040135  0.00061144
 -0.00040135  0.00061144    0.14165427  0.00000000   -0.00044768  0.00000000
  0.00040135 -0.00061144   -0.00044768  0.00000000    0.14165427  0.00000000

     Dynamical  Matrix in cartesian axes

     q = (   -0.100000000  -0.100000000   0.300000000 ) 

    1    1
  0.14165427  0.00000000    0.00044768  0.00000000   -0.00040135  0.00061144
  0.00044768  0.00000000    0.14165427  0.00000000   -0.00040135  0.00061144
 -0.00040135 -0.00061144   -0.00040135 -0.00061144    0.15269292  0.00000000
    1    2
 -0.12052952  0.02186603   -0.00474320 -0.04433654   -0.00532572  0.01405129
 -0.00474320 -0.04433654   -0.12052952  0.02186603   -0.00532572  0.01405129
 -0.00532572  0.01405129   -0.00532572  0.01405129   -0.12680521  0.02394845
    2    1
 -0.12052952 -0.02186603   -0.00474320  0.04433654   -0.00532572 -0.01405129
 -0.00474320  0.04433654   -0.12052952 -0.02186603   -0.00532572 -0.01405129
 -0.00532572 -0.01405129   -0.00532572 -0.01405129   -0.12680521 -0.02394845
    2    2
  0.14165427  0.00000000    0.00044768  0.00000000   -0.00040135 -0.00061144
  0.00044768  0.00000000    0.14165427  0.00000000   -0.00040135 -0.00061144
 -0.00040135  0.00061144   -0.00040135  0.00061144    0.15269292  0.00000000

     Dynamical  Matrix in cartesian axes

     q = (   -0.100000000   0.100000000  -0.300000000 ) 

    1    1
  0.14165427  0.00000000   -0.00044768  0.00000000    0.00040135 -0.00061144
 -0.00044768  0.00000000    0.14165427  0.00000000   -0.00040135  0.00061144
  0.00040135  0.00061144   -0.00040135 -0.00061144    0.15269292  0.00000000
    1    2
 -0.11036296 -0.05315548   -0.02222304  0.03865700    0.01256774 -0.00823735
 -0.02222304  0.03865700   -0.11036296 -0.05315548   -0.01256774  0.00823735
  0.01256774 -0.00823735   -0.01256774  0.00823735   -0.11666412 -0.05515953
    2    1
 -0.11036296  0.05315548   -0.02222304 -0.03865700    0.01256774  0.00823735
 -0.02222304 -0.03865700   -0.11036296  0.05315548   -0.01256774 -0.00823735
  0.01256774  0.00823735   -0.01256774 -0.00823735   -0.11666412  0.05515953
    2    2
  0.14165427  0.00000000   -0.00044768  0.00000000    0.00040135  0.00061144
 -0.00044768  0.00000000    0.14165427  0.00000000   -0.00040135 -0.00061144
  0.00040135 -0.00061144   -0.00040135  0.00061144    0.15269292  0.00000000

     Dynamical  Matrix in cartesian axes

     q = (    0.100000000   0.100000000   0.300000000 ) 

    1    1
  0.14165427  0.00000000    0.00044768  0.00000000    0.00040135 -0.00061144
  0.00044768  0.00000000    0.14165427  0.00000000    0.00040135 -0.00061144
  0.00040135  0.00061144    0.00040135  0.00061144    0.15269292  0.00000000
    1    2
 -0.08465790  0.08853546   -0.02989769 -0.03308104   -0.00395054 -0.01449811
 -0.02989769 -0.03308104   -0.08465790  0.08853546   -0.00395054 -0.01449811
 -0.00395054 -0.01449811   -0.00395054 -0.01449811   -0.08851103  0.09390894
    2    1
 -0.08465790 -0.08853546   -0.02989769  0.03308104   -0.00395054  0.01449811
 -0.02989769  0.03308104   -0.08465790 -0.08853546   -0.00395054  0.01449811
 -0.00395054  0.01449811   -0.00395054  0.01449811   -0.08851103 -0.09390894
    2    2
  0.14165427  0.00000000    0.00044768  0.00000000    0.00040135  0.00061144
  0.00044768  0.00000000    0.14165427  0.00000000    0.00040135  0.00061144
  0.00040135 -0.00061144    0.00040135 -0.00061144    0.15269292  0.00000000

     Dynamical  Matrix in cartesian axes

     q = (    0.100000000  -0.100000000  -0.300000000 ) 

    1    1
  0.14165427  0.00000000   -0.00044768  0.00000000   -0.00040135  0.00061144
 -0.00044768  0.00000000    0.14165427  0.00000000    0.00040135 -0.00061144
 -0.00040135 -0.00061144    0.00040135  0.00061144    0.15269292  0.00000000
    1    2
 -0.11036296 -0.05315548   -0.02222304  0.03865700   -0.01256774  0.00823735
 -0.02222304  0.03865700   -0.11036296 -0.05315548    0.01256774 -0.00823735
 -0.01256774  0.00823735    0.01256774 -0.00823735   -0.11666412 -0.05515953
    2    1
 -0.11036296  0.05315548   -0.02222304 -0.03865700   -0.01256774 -0.00823735
 -0.02222304 -0.03865700   -0.11036296  0.05315548    0.01256774  0.00823735
 -0.01256774 -0.00823735    0.01256774  0.00823735   -0.11666412  0.05515953
    2    2
  0.14165427  0.00000000   -0.00044768  0.00000000   -0.00040135 -0.00061144
 -0.00044768  0.00000000    0.14165427  0.00000000    0.00040135  0.00061144
 -0.00040135  0.00061144    0.00040135 -0.00061144    0.15269292  0.00000000

     Dynamical  Matrix in cartesian axes

     q = (   -0.300000000   0.100000000  -0.100000000 ) 

    1    1
  0.15269292  0.00000000   -0.00040135 -0.00061144    0.00040135  0.00061144
 -0.00040135  0.00061144    0.14165427  0.00000000   -0.00044768  0.00000000
  0.00040135 -0.00061144   -0.00044768  0.00000000    0.14165427  0.00000000
    1    2
 -0.11666412 -0.05515953   -0.01256774  0.00823735    0.01256774 -0.00823735
 -0.01256774  0.00823735   -0.11036296 -0.05315548   -0.02222304  0.03865700
  0.01256774 -0.00823735   -0.02222304  0.03865700   -0.11036296 -0.05315548
    2    1
 -0.11666412  0.05515953   -0.01256774 -0.00823735    0.01256774  0.00823735
 -0.01256774 -0.00823735   -0.11036296  0.05315548   -0.02222304 -0.03865700
  0.01256774  0.00823735   -0.02222304 -0.03865700   -0.11036296  0.05315548
    2    2
  0.15269292  0.00000000   -0.00040135  0.00061144    0.00040135 -0.00061144
 -0.00040135 -0.00061144    0.14165427  0.00000000   -0.00044768  0.00000000
  0.00040135  0.00061144   -0.00044768  0.00000000    0.14165427  0.00000000

     Dynamical  Matrix in cartesian axes

     q = (    0.100000000  -0.100000000   0.300000000 ) 

    1    1
  0.14165427  0.00000000   -0.00044768  0.00000000    0.00040135  0.00061144
 -0.00044768  0.00000000    0.14165427  0.00000000   -0.00040135 -0.00061144
  0.00040135 -0.00061144   -0.00040135  0.00061144    0.15269292  0.00000000
    1    2
 -0.11036296  0.05315548   -0.02222304 -0.03865700    0.01256774  0.00823735
 -0.02222304 -0.03865700   -0.11036296  0.05315548   -0.01256774 -0.00823735
  0.01256774  0.00823735   -0.01256774 -0.00823735   -0.11666412  0.05515953
    2    1
 -0.11036296 -0.05315548   -0.02222304  0.03865700    0.01256774 -0.00823735
 -0.02222304  0.03865700   -0.11036296 -0.05315548   -0.01256774  0.00823735
  0.01256774 -0.00823735   -0.01256774  0.00823735   -0.11666412 -0.05515953
    2    2
  0.14165427  0.00000000   -0.00044768  0.00000000    0.00040135 -0.00061144
 -0.00044768  0.00000000    0.14165427  0.00000000   -0.00040135  0.00061144
  0.00040135  0.00061144   -0.00040135 -0.00061144    0.15269292  0.00000000

     Dynamical  Matrix in cartesian axes

     q = (   -0.300000000  -0.100000000  -0.100000000 ) 

    1    1
  0.15269292  0.00000000    0.00040135 -0.00061144    0.00040135 -0.00061144
  0.00040135  0.00061144    0.14165427  0.00000000    0.00044768  0.00000000
  0.00040135  0.00061144    0.00044768  0.00000000    0.14165427  0.00000000
    1    2
 -0.08851103 -0.09390894   -0.00395054  0.01449811   -0.00395054  0.01449811
 -0.00395054  0.01449811   -0.08465790 -0.08853546   -0.02989769  0.03308104
 -0.00395054  0.01449811   -0.02989769  0.03308104   -0.08465790 -0.08853546
    2    1
 -0.08851103  0.09390894   -0.00395054 -0.01449811   -0.00395054 -0.01449811
 -0.00395054 -0.01449811   -0.08465790  0.08853546   -0.02989769 -0.03308104
 -0.00395054 -0.01449811   -0.02989769 -0.03308104   -0.08465790  0.08853546
    2    2
  0.15269292  0.00000000    0.00040135  0.00061144    0.00040135  0.00061144
  0.00040135 -0.00061144    0.14165427  0.00000000    0.00044768  0.00000000
  0.00040135 -0.00061144    0.00044768  0.00000000    0.14165427  0.00000000

     Dynamical  Matrix in cartesian axes

     q = (    0.300000000   0.100000000  -0.100000000 ) 

    1    1
  0.15269292  0.00000000    0.00040135 -0.00061144   -0.00040135  0.00061144
  0.00040135  0.00061144    0.14165427  0.00000000   -0.00044768  0.00000000
 -0.00040135 -0.00061144   -0.00044768  0.00000000    0.14165427  0.00000000
    1    2
 -0.11666412  0.05515953    0.01256774  0.00823735   -0.01256774 -0.00823735
  0.01256774  0.00823735   -0.11036296  0.05315548   -0.02222304 -0.03865700
 -0.01256774 -0.00823735   -0.02222304 -0.03865700   -0.11036296  0.05315548
    2    1
 -0.11666412 -0.05515953    0.01256774 -0.00823735   -0.01256774  0.00823735
  0.01256774 -0.00823735   -0.11036296 -0.05315548   -0.02222304  0.03865700
 -0.01256774  0.00823735   -0.02222304  0.03865700   -0.11036296 -0.05315548
    2    2
  0.15269292  0.00000000    0.00040135  0.00061144   -0.00040135 -0.00061144
  0.00040135 -0.00061144    0.14165427  0.00000000   -0.00044768  0.00000000
 -0.00040135  0.00061144   -0.00044768  0.00000000    0.14165427  0.00000000

     Dynamical  Matrix in cartesian axes

     q = (    0.100000000   0.100000000  -0.300000000 ) 

    1    1
  0.14165427  0.00000000    0.00044768  0.00000000   -0.00040135 -0.00061144
  0.00044768  0.00000000    0.14165427  0.00000000   -0.00040135 -0.00061144
 -0.00040135  0.00061144   -0.00040135  0.00061144    0.15269292  0.00000000
    1    2
 -0.12052952 -0.02186603   -0.00474320  0.04433654   -0.00532572 -0.01405129
 -0.00474320  0.04433654   -0.12052952 -0.02186603   -0.00532572 -0.01405129
 -0.00532572 -0.01405129   -0.00532572 -0.01405129   -0.12680521 -0.02394845
    2    1
 -0.12052952  0.02186603   -0.00474320 -0.04433654   -0.00532572  0.01405129
 -0.00474320 -0.04433654   -0.12052952  0.02186603   -0.00532572  0.01405129
 -0.00532572  0.01405129   -0.00532572  0.01405129   -0.12680521  0.02394845
    2    2
  0.14165427  0.00000000    0.00044768  0.00000000   -0.00040135  0.00061144
  0.00044768  0.00000000    0.14165427  0.00000000   -0.00040135  0.00061144
 -0.00040135 -0.00061144   -0.00040135 -0.00061144    0.15269292  0.00000000

     Dynamical  Matrix in cartesian axes

     q = (   -0.100000000  -0.100000000  -0.300000000 ) 

    1    1
  0.14165427  0.00000000    0.00044768  0.00000000    0.00040135  0.00061144
  0.00044768  0.00000000    0.14165427  0.00000000    0.00040135  0.00061144
  0.00040135 -0.00061144    0.00040135 -0.00061144    0.15269292  0.00000000
    1    2
 -0.08465790 -0.08853546   -0.02989769  0.03308104   -0.00395054  0.01449811
 -0.02989769  0.03308104   -0.08465790 -0.08853546   -0.00395054  0.01449811
 -0.00395054  0.01449811   -0.00395054  0.01449811   -0.08851103 -0.09390894
    2    1
 -0.08465790  0.08853546   -0.02989769 -0.03308104   -0.00395054 -0.01449811
 -0.02989769 -0.03308104   -0.08465790  0.08853546   -0.00395054 -0.01449811
 -0.00395054 -0.01449811   -0.00395054 -0.01449811   -0.08851103  0.09390894
    2    2
  0.14165427  0.00000000    0.00044768  0.00000000    0.00040135 -0.00061144
  0.00044768  0.00000000    0.14165427  0.00000000    0.00040135 -0.00061144
  0.00040135  0.00061144    0.00040135  0.00061144    0.15269292  0.00000000

     Dynamical  Matrix in cartesian axes

     q = (   -0.300000000   0.100000000   0.100000000 ) 

    1    1
  0.15269292  0.00000000   -0.00040135  0.00061144   -0.00040135  0.00061144
 -0.00040135 -0.00061144    0.14165427  0.00000000    0.00044768  0.00000000
 -0.00040135 -0.00061144    0.00044768  0.00000000    0.14165427  0.00000000
    1    2
 -0.12680521 -0.02394845   -0.00532572 -0.01405129   -0.00532572 -0.01405129
 -0.00532572 -0.01405129   -0.12052952 -0.02186603   -0.00474320  0.04433654
 -0.00532572 -0.01405129   -0.00474320  0.04433654   -0.12052952 -0.02186603
    2    1
 -0.12680521  0.02394845   -0.00532572  0.01405129   -0.00532572  0.01405129
 -0.00532572  0.01405129   -0.12052952  0.02186603   -0.00474320 -0.04433654
 -0.00532572  0.01405129   -0.00474320 -0.04433654   -0.12052952  0.02186603
    2    2
  0.15269292  0.00000000   -0.00040135 -0.00061144   -0.00040135 -0.00061144
 -0.00040135  0.00061144    0.14165427  0.00000000    0.00044768  0.00000000
 -0.00040135  0.00061144    0.00044768  0.00000000    0.14165427  0.00000000

     Dynamical  Matrix in cartesian axes

     q = (   -0.100000000   0.100000000   0.300000000 ) 

    1    1
  0.14165427  0.00000000   -0.00044768  0.00000000   -0.00040135 -0.00061144
 -0.00044768  0.00000000    0.14165427  0.00000000    0.00040135  0.00061144
 -0.00040135  0.00061144    0.00040135 -0.00061144    0.15269292  0.00000000
    1    2
 -0.11036296  0.05315548   -0.02222304 -0.03865700   -0.01256774 -0.00823735
 -0.02222304 -0.03865700   -0.11036296  0.05315548    0.01256774  0.00823735
 -0.01256774 -0.00823735    0.01256774  0.00823735   -0.11666412  0.05515953
    2    1
 -0.11036296 -0.05315548   -0.02222304  0.03865700   -0.01256774  0.00823735
 -0.02222304  0.03865700   -0.11036296 -0.05315548    0.01256774 -0.00823735
 -0.01256774  0.00823735    0.01256774 -0.00823735   -0.11666412 -0.05515953
    2    2
  0.14165427  0.00000000   -0.00044768  0.00000000   -0.00040135  0.00061144
 -0.00044768  0.00000000    0.14165427  0.00000000    0.00040135 -0.00061144
 -0.00040135 -0.00061144    0.00040135  0.00061144    0.15269292  0.00000000

     Diagonalizing the dynamical matrix

     q = (   -0.100000000   0.300000000  -0.100000000 ) 

 **************************************************************************
     freq (    1) =       0.885021 [THz] =      29.521122 [cm-1]
 (  0.434059 -0.248180  0.000000  0.000000 -0.434059  0.248180 ) 
 (  0.500000  0.000000 -0.000000  0.000000 -0.500000  0.000000 ) 
     freq (    2) =       0.933846 [THz] =      31.149750 [cm-1]
 ( -0.426254 -0.036457 -0.361143  0.059432 -0.426254 -0.036457 ) 
 ( -0.427810 -0.000000 -0.354765 -0.089992 -0.427810  0.000000 ) 
     freq (    3) =       1.633389 [THz] =      54.483983 [cm-1]
 ( -0.232284 -0.116378  0.593739  0.111690 -0.232284 -0.116378 ) 
 ( -0.259807 -0.000000  0.580871  0.166101 -0.259807  0.000000 ) 
     freq (    4) =       5.175707 [THz] =     172.643013 [cm-1]
 ( -0.437369 -0.112916  0.296140  0.064952 -0.437369 -0.112916 ) 
 (  0.451709 -0.000000 -0.302974 -0.011138  0.451709  0.000000 ) 
     freq (    5) =       5.240867 [THz] =     174.816495 [cm-1]
 (  0.434059 -0.248180 -0.000000 -0.000000 -0.434059  0.248180 ) 
 ( -0.500000  0.000000 -0.000000  0.000000  0.500000  0.000000 ) 
     freq (    6) =       5.352477 [THz] =     178.539419 [cm-1]
 ( -0.211774  0.024265 -0.628694  0.117772 -0.211774  0.024265 ) 
 (  0.213160 -0.000000  0.638013  0.045440  0.213160  0.000000 ) 
 **************************************************************************
