Dynamical matrix file
                                                                           
  1    2  2 12.5600000  0.0000000  0.0000000  0.0000000  0.0000000  0.0000000
           1  'Sn  '    108197.54598352207     
    1    1      0.0000000000      0.0000000000      0.0000000000
    2    1      0.2500000000      0.2500000000      0.2500000000

     Dynamical  Matrix in cartesian axes

     q = (    0.800000000  -0.200000000   0.800000000 ) 

    1    1
  0.13606309  0.00000000   -0.00106660  0.00196542    0.00027916  0.00000000
 -0.00106660 -0.00196542    0.16603707  0.00000000   -0.00106660 -0.00196542
  0.00027916  0.00000000   -0.00106660  0.00196542    0.13606309  0.00000000
    1    2
 -0.02311337  0.03142441   -0.02041088  0.02640697   -0.05579312 -0.08463230
 -0.02041088  0.02640697   -0.02155587  0.04060063   -0.02041088  0.02640697
 -0.05579312 -0.08463230   -0.02041088  0.02640697   -0.02311337  0.03142441
    2    1
 -0.02311337 -0.03142441   -0.02041088 -0.02640697   -0.05579312  0.08463230
 -0.02041088 -0.02640697   -0.02155587 -0.04060063   -0.02041088 -0.02640697
 -0.05579312  0.08463230   -0.02041088 -0.02640697   -0.02311337 -0.03142441
    2    2
  0.13606309  0.00000000   -0.00106660 -0.00196542    0.00027916  0.00000000
 -0.00106660  0.00196542    0.16603707  0.00000000   -0.00106660  0.00196542
  0.00027916  0.00000000   -0.00106660 -0.00196542    0.13606309  0.00000000

     Dynamical  Matrix in cartesian axes

     q = (    0.800000000   0.200000000  -0.800000000 ) 

    1    1
  0.13606309  0.00000000    0.00106660 -0.00196542   -0.00027916  0.00000000
  0.00106660  0.00196542    0.16603707  0.00000000   -0.00106660 -0.00196542
 -0.00027916  0.00000000   -0.00106660  0.00196542    0.13606309  0.00000000
    1    2
 -0.02274396 -0.03169280    0.01880721  0.02757210   -0.09773113  0.02690959
  0.01880721  0.02757210   -0.03195237 -0.03304713   -0.01880721 -0.02757210
 -0.09773113  0.02690959   -0.01880721 -0.02757210   -0.02274396 -0.03169280
    2    1
 -0.02274396  0.03169280    0.01880721 -0.02757210   -0.09773113 -0.02690959
  0.01880721 -0.02757210   -0.03195237  0.03304713   -0.01880721  0.02757210
 -0.09773113 -0.02690959   -0.01880721  0.02757210   -0.02274396  0.03169280
    2    2
  0.13606309  0.00000000    0.00106660  0.00196542   -0.00027916  0.00000000
  0.00106660 -0.00196542    0.16603707  0.00000000   -0.00106660  0.00196542
 -0.00027916  0.00000000   -0.00106660 -0.00196542    0.13606309  0.00000000

     Dynamical  Matrix in cartesian axes

     q = (    0.800000000  -0.200000000  -0.800000000 ) 

    1    1
  0.13606309  0.00000000   -0.00106660 -0.00196542   -0.00027916  0.00000000
 -0.00106660  0.00196542    0.16603707  0.00000000    0.00106660 -0.00196542
 -0.00027916  0.00000000    0.00106660  0.00196542    0.13606309  0.00000000
    1    2
 -0.02274396  0.03169280   -0.01880721  0.02757210   -0.09773113 -0.02690959
 -0.01880721  0.02757210   -0.03195237  0.03304713    0.01880721 -0.02757210
 -0.09773113 -0.02690959    0.01880721 -0.02757210   -0.02274396  0.03169280
    2    1
 -0.02274396 -0.03169280   -0.01880721 -0.02757210   -0.09773113  0.02690959
 -0.01880721 -0.02757210   -0.03195237 -0.03304713    0.01880721  0.02757210
 -0.09773113  0.02690959    0.01880721  0.02757210   -0.02274396 -0.03169280
    2    2
  0.13606309  0.00000000   -0.00106660  0.00196542   -0.00027916  0.00000000
 -0.00106660 -0.00196542    0.16603707  0.00000000    0.00106660  0.00196542
 -0.00027916  0.00000000    0.00106660 -0.00196542    0.13606309  0.00000000

     Dynamical  Matrix in cartesian axes

     q = (   -0.800000000  -0.200000000   0.800000000 ) 

    1    1
  0.13606309  0.00000000    0.00106660  0.00196542   -0.00027916  0.00000000
  0.00106660 -0.00196542    0.16603707  0.00000000   -0.00106660  0.00196542
 -0.00027916  0.00000000   -0.00106660 -0.00196542    0.13606309  0.00000000
    1    2
 -0.02274396  0.03169280    0.01880721 -0.02757210   -0.09773113 -0.02690959
  0.01880721 -0.02757210   -0.03195237  0.03304713   -0.01880721  0.02757210
 -0.09773113 -0.02690959   -0.01880721  0.02757210   -0.02274396  0.03169280
    2    1
 -0.02274396 -0.03169280    0.01880721  0.02757210   -0.09773113  0.02690959
  0.01880721  0.02757210   -0.03195237 -0.03304713   -0.01880721 -0.02757210
 -0.09773113  0.02690959   -0.01880721 -0.02757210   -0.02274396 -0.03169280
    2    2
  0.13606309  0.00000000    0.00106660 -0.00196542   -0.00027916  0.00000000
  0.00106660  0.00196542    0.16603707  0.00000000   -0.00106660 -0.00196542
 -0.00027916  0.00000000   -0.00106660  0.00196542    0.13606309  0.00000000

     Dynamical  Matrix in cartesian axes

     q = (   -0.800000000  -0.200000000  -0.800000000 ) 

    1    1
  0.13606309  0.00000000    0.00106660 -0.00196542    0.00027916  0.00000000
  0.00106660  0.00196542    0.16603707  0.00000000    0.00106660  0.00196542
  0.00027916  0.00000000    0.00106660 -0.00196542    0.13606309  0.00000000
    1    2
  0.02274396  0.03169280   -0.01880721 -0.02757210   -0.09773113  0.02690959
 -0.01880721 -0.02757210    0.03195237  0.03304713   -0.01880721 -0.02757210
 -0.09773113  0.02690959   -0.01880721 -0.02757210    0.02274396  0.03169280
    2    1
  0.02274396 -0.03169280   -0.01880721  0.02757210   -0.09773113 -0.02690959
 -0.01880721  0.02757210    0.03195237 -0.03304713   -0.01880721  0.02757210
 -0.09773113 -0.02690959   -0.01880721  0.02757210    0.02274396 -0.03169280
    2    2
  0.13606309  0.00000000    0.00106660  0.00196542    0.00027916  0.00000000
  0.00106660 -0.00196542    0.16603707  0.00000000    0.00106660 -0.00196542
  0.00027916  0.00000000    0.00106660  0.00196542    0.13606309  0.00000000

     Dynamical  Matrix in cartesian axes

     q = (   -0.800000000   0.200000000  -0.800000000 ) 

    1    1
  0.13606309  0.00000000   -0.00106660 -0.00196542    0.00027916  0.00000000
 -0.00106660  0.00196542    0.16603707  0.00000000   -0.00106660  0.00196542
  0.00027916  0.00000000   -0.00106660 -0.00196542    0.13606309  0.00000000
    1    2
 -0.02311337 -0.03142441   -0.02041088 -0.02640697   -0.05579312  0.08463230
 -0.02041088 -0.02640697   -0.02155587 -0.04060063   -0.02041088 -0.02640697
 -0.05579312  0.08463230   -0.02041088 -0.02640697   -0.02311337 -0.03142441
    2    1
 -0.02311337  0.03142441   -0.02041088  0.02640697   -0.05579312 -0.08463230
 -0.02041088  0.02640697   -0.02155587  0.04060063   -0.02041088  0.02640697
 -0.05579312 -0.08463230   -0.02041088  0.02640697   -0.02311337  0.03142441
    2    2
  0.13606309  0.00000000   -0.00106660  0.00196542    0.00027916  0.00000000
 -0.00106660 -0.00196542    0.16603707  0.00000000   -0.00106660 -0.00196542
  0.00027916  0.00000000   -0.00106660  0.00196542    0.13606309  0.00000000

     Dynamical  Matrix in cartesian axes

     q = (   -0.800000000   0.200000000   0.800000000 ) 

    1    1
  0.13606309  0.00000000   -0.00106660  0.00196542   -0.00027916  0.00000000
 -0.00106660 -0.00196542    0.16603707  0.00000000    0.00106660  0.00196542
 -0.00027916  0.00000000    0.00106660 -0.00196542    0.13606309  0.00000000
    1    2
 -0.02274396 -0.03169280   -0.01880721 -0.02757210   -0.09773113  0.02690959
 -0.01880721 -0.02757210   -0.03195237 -0.03304713    0.01880721  0.02757210
 -0.09773113  0.02690959    0.01880721  0.02757210   -0.02274396 -0.03169280
    2    1
 -0.02274396  0.03169280   -0.01880721  0.02757210   -0.09773113 -0.02690959
 -0.01880721  0.02757210   -0.03195237  0.03304713    0.01880721 -0.02757210
 -0.09773113 -0.02690959    0.01880721 -0.02757210   -0.02274396  0.03169280
    2    2
  0.13606309  0.00000000   -0.00106660 -0.00196542   -0.00027916  0.00000000
 -0.00106660  0.00196542    0.16603707  0.00000000    0.00106660 -0.00196542
 -0.00027916  0.00000000    0.00106660  0.00196542    0.13606309  0.00000000

     Dynamical  Matrix in cartesian axes

     q = (    0.800000000   0.200000000   0.800000000 ) 

    1    1
  0.13606309  0.00000000    0.00106660  0.00196542    0.00027916  0.00000000
  0.00106660 -0.00196542    0.16603707  0.00000000    0.00106660 -0.00196542
  0.00027916  0.00000000    0.00106660  0.00196542    0.13606309  0.00000000
    1    2
  0.02274396 -0.03169280   -0.01880721  0.02757210   -0.09773113 -0.02690959
 -0.01880721  0.02757210    0.03195237 -0.03304713   -0.01880721  0.02757210
 -0.09773113 -0.02690959   -0.01880721  0.02757210    0.02274396 -0.03169280
    2    1
  0.02274396  0.03169280   -0.01880721 -0.02757210   -0.09773113  0.02690959
 -0.01880721 -0.02757210    0.03195237  0.03304713   -0.01880721 -0.02757210
 -0.09773113  0.02690959   -0.01880721 -0.02757210    0.02274396  0.03169280
    2    2
  0.13606309  0.00000000    0.00106660 -0.00196542    0.00027916  0.00000000
  0.00106660  0.00196542    0.16603707  0.00000000    0.00106660  0.00196542
  0.00027916  0.00000000    0.00106660 -0.00196542    0.13606309  0.00000000

     Dynamical  Matrix in cartesian axes

     q = (   -0.200000000   0.800000000   0.800000000 ) 

    1    1
  0.16603707  0.00000000   -0.00106660 -0.00196542   -0.00106660 -0.00196542
 -0.00106660  0.00196542    0.13606309  0.00000000    0.00027916  0.00000000
 -0.00106660  0.00196542    0.00027916  0.00000000    0.13606309  0.00000000
    1    2
 -0.02155587  0.04060063   -0.02041088  0.02640697   -0.02041088  0.02640697
 -0.02041088  0.02640697   -0.02311337  0.03142441   -0.05579312 -0.08463230
 -0.02041088  0.02640697   -0.05579312 -0.08463230   -0.02311337  0.03142441
    2    1
 -0.02155587 -0.04060063   -0.02041088 -0.02640697   -0.02041088 -0.02640697
 -0.02041088 -0.02640697   -0.02311337 -0.03142441   -0.05579312  0.08463230
 -0.02041088 -0.02640697   -0.05579312  0.08463230   -0.02311337 -0.03142441
    2    2
  0.16603707  0.00000000   -0.00106660  0.00196542   -0.00106660  0.00196542
 -0.00106660 -0.00196542    0.13606309  0.00000000    0.00027916  0.00000000
 -0.00106660 -0.00196542    0.00027916  0.00000000    0.13606309  0.00000000

     Dynamical  Matrix in cartesian axes

     q = (    0.200000000   0.800000000  -0.800000000 ) 

    1    1
  0.16603707  0.00000000    0.00106660  0.00196542   -0.00106660 -0.00196542
  0.00106660 -0.00196542    0.13606309  0.00000000   -0.00027916  0.00000000
 -0.00106660  0.00196542   -0.00027916  0.00000000    0.13606309  0.00000000
    1    2
 -0.03195237 -0.03304713    0.01880721  0.02757210   -0.01880721 -0.02757210
  0.01880721  0.02757210   -0.02274396 -0.03169280   -0.09773113  0.02690959
 -0.01880721 -0.02757210   -0.09773113  0.02690959   -0.02274396 -0.03169280
    2    1
 -0.03195237  0.03304713    0.01880721 -0.02757210   -0.01880721  0.02757210
  0.01880721 -0.02757210   -0.02274396  0.03169280   -0.09773113 -0.02690959
 -0.01880721  0.02757210   -0.09773113 -0.02690959   -0.02274396  0.03169280
    2    2
  0.16603707  0.00000000    0.00106660 -0.00196542   -0.00106660  0.00196542
  0.00106660  0.00196542    0.13606309  0.00000000   -0.00027916  0.00000000
 -0.00106660 -0.00196542   -0.00027916  0.00000000    0.13606309  0.00000000

     Dynamical  Matrix in cartesian axes

     q = (   -0.200000000  -0.800000000  -0.800000000 ) 

    1    1
  0.16603707  0.00000000    0.00106660  0.00196542    0.00106660  0.00196542
  0.00106660 -0.00196542    0.13606309  0.00000000    0.00027916  0.00000000
  0.00106660 -0.00196542    0.00027916  0.00000000    0.13606309  0.00000000
    1    2
  0.03195237  0.03304713   -0.01880721 -0.02757210   -0.01880721 -0.02757210
 -0.01880721 -0.02757210    0.02274396  0.03169280   -0.09773113  0.02690959
 -0.01880721 -0.02757210   -0.09773113  0.02690959    0.02274396  0.03169280
    2    1
  0.03195237 -0.03304713   -0.01880721  0.02757210   -0.01880721  0.02757210
 -0.01880721  0.02757210    0.02274396 -0.03169280   -0.09773113 -0.02690959
 -0.01880721  0.02757210   -0.09773113 -0.02690959    0.02274396 -0.03169280
    2    2
  0.16603707  0.00000000    0.00106660 -0.00196542    0.00106660 -0.00196542
  0.00106660  0.00196542    0.13606309  0.00000000    0.00027916  0.00000000
  0.00106660  0.00196542    0.00027916  0.00000000    0.13606309  0.00000000

     Dynamical  Matrix in cartesian axes

     q = (   -0.200000000   0.800000000  -0.800000000 ) 

    1    1
  0.16603707  0.00000000   -0.00106660  0.00196542    0.00106660 -0.00196542
 -0.00106660 -0.00196542    0.13606309  0.00000000   -0.00027916  0.00000000
  0.00106660  0.00196542   -0.00027916  0.00000000    0.13606309  0.00000000
    1    2
 -0.03195237  0.03304713   -0.01880721  0.02757210    0.01880721 -0.02757210
 -0.01880721  0.02757210   -0.02274396  0.03169280   -0.09773113 -0.02690959
  0.01880721 -0.02757210   -0.09773113 -0.02690959   -0.02274396  0.03169280
    2    1
 -0.03195237 -0.03304713   -0.01880721 -0.02757210    0.01880721  0.02757210
 -0.01880721 -0.02757210   -0.02274396 -0.03169280   -0.09773113  0.02690959
  0.01880721  0.02757210   -0.09773113  0.02690959   -0.02274396 -0.03169280
    2    2
  0.16603707  0.00000000   -0.00106660 -0.00196542    0.00106660  0.00196542
 -0.00106660  0.00196542    0.13606309  0.00000000   -0.00027916  0.00000000
  0.00106660 -0.00196542   -0.00027916  0.00000000    0.13606309  0.00000000

     Dynamical  Matrix in cartesian axes

     q = (    0.800000000   0.800000000  -0.200000000 ) 

    1    1
  0.13606309  0.00000000    0.00027916  0.00000000   -0.00106660  0.00196542
  0.00027916  0.00000000    0.13606309  0.00000000   -0.00106660  0.00196542
 -0.00106660 -0.00196542   -0.00106660 -0.00196542    0.16603707  0.00000000
    1    2
 -0.02311337  0.03142441   -0.05579312 -0.08463230   -0.02041088  0.02640697
 -0.05579312 -0.08463230   -0.02311337  0.03142441   -0.02041088  0.02640697
 -0.02041088  0.02640697   -0.02041088  0.02640697   -0.02155587  0.04060063
    2    1
 -0.02311337 -0.03142441   -0.05579312  0.08463230   -0.02041088 -0.02640697
 -0.05579312  0.08463230   -0.02311337 -0.03142441   -0.02041088 -0.02640697
 -0.02041088 -0.02640697   -0.02041088 -0.02640697   -0.02155587 -0.04060063
    2    2
  0.13606309  0.00000000    0.00027916  0.00000000   -0.00106660 -0.00196542
  0.00027916  0.00000000    0.13606309  0.00000000   -0.00106660 -0.00196542
 -0.00106660  0.00196542   -0.00106660  0.00196542    0.16603707  0.00000000

     Dynamical  Matrix in cartesian axes

     q = (    0.800000000  -0.800000000   0.200000000 ) 

    1    1
  0.13606309  0.00000000   -0.00027916  0.00000000    0.00106660 -0.00196542
 -0.00027916  0.00000000    0.13606309  0.00000000   -0.00106660  0.00196542
  0.00106660  0.00196542   -0.00106660 -0.00196542    0.16603707  0.00000000
    1    2
 -0.02274396 -0.03169280   -0.09773113  0.02690959    0.01880721  0.02757210
 -0.09773113  0.02690959   -0.02274396 -0.03169280   -0.01880721 -0.02757210
  0.01880721  0.02757210   -0.01880721 -0.02757210   -0.03195237 -0.03304713
    2    1
 -0.02274396  0.03169280   -0.09773113 -0.02690959    0.01880721 -0.02757210
 -0.09773113 -0.02690959   -0.02274396  0.03169280   -0.01880721  0.02757210
  0.01880721 -0.02757210   -0.01880721  0.02757210   -0.03195237  0.03304713
    2    2
  0.13606309  0.00000000   -0.00027916  0.00000000    0.00106660  0.00196542
 -0.00027916  0.00000000    0.13606309  0.00000000   -0.00106660 -0.00196542
  0.00106660 -0.00196542   -0.00106660  0.00196542    0.16603707  0.00000000

     Dynamical  Matrix in cartesian axes

     q = (   -0.800000000  -0.800000000  -0.200000000 ) 

    1    1
  0.13606309  0.00000000    0.00027916  0.00000000    0.00106660 -0.00196542
  0.00027916  0.00000000    0.13606309  0.00000000    0.00106660 -0.00196542
  0.00106660  0.00196542    0.00106660  0.00196542    0.16603707  0.00000000
    1    2
  0.02274396  0.03169280   -0.09773113  0.02690959   -0.01880721 -0.02757210
 -0.09773113  0.02690959    0.02274396  0.03169280   -0.01880721 -0.02757210
 -0.01880721 -0.02757210   -0.01880721 -0.02757210    0.03195237  0.03304713
    2    1
  0.02274396 -0.03169280   -0.09773113 -0.02690959   -0.01880721  0.02757210
 -0.09773113 -0.02690959    0.02274396 -0.03169280   -0.01880721  0.02757210
 -0.01880721  0.02757210   -0.01880721  0.02757210    0.03195237 -0.03304713
    2    2
  0.13606309  0.00000000    0.00027916  0.00000000    0.00106660  0.00196542
  0.00027916  0.00000000    0.13606309  0.00000000    0.00106660  0.00196542
  0.00106660 -0.00196542    0.00106660 -0.00196542    0.16603707  0.00000000

     Dynamical  Matrix in cartesian axes

     q = (   -0.800000000   0.800000000   0.200000000 ) 

    1    1
  0.13606309  0.00000000   -0.00027916  0.00000000   -0.00106660  0.00196542
 -0.00027916  0.00000000    0.13606309  0.00000000    0.00106660 -0.00196542
 -0.00106660 -0.00196542    0.00106660  0.00196542    0.16603707  0.00000000
    1    2
 -0.02274396 -0.03169280   -0.09773113  0.02690959   -0.01880721 -0.02757210
 -0.09773113  0.02690959   -0.02274396 -0.03169280    0.01880721  0.02757210
 -0.01880721 -0.02757210    0.01880721  0.02757210   -0.03195237 -0.03304713
    2    1
 -0.02274396  0.03169280   -0.09773113 -0.02690959   -0.01880721  0.02757210
 -0.09773113 -0.02690959   -0.02274396  0.03169280    0.01880721 -0.02757210
 -0.01880721  0.02757210    0.01880721 -0.02757210   -0.03195237  0.03304713
    2    2
  0.13606309  0.00000000   -0.00027916  0.00000000   -0.00106660 -0.00196542
 -0.00027916  0.00000000    0.13606309  0.00000000    0.00106660  0.00196542
 -0.00106660  0.00196542    0.00106660 -0.00196542    0.16603707  0.00000000

     Dynamical  Matrix in cartesian axes

     q = (    0.200000000  -0.800000000   0.800000000 ) 

    1    1
  0.16603707  0.00000000   -0.00106660 -0.00196542    0.00106660  0.00196542
 -0.00106660  0.00196542    0.13606309  0.00000000   -0.00027916  0.00000000
  0.00106660 -0.00196542   -0.00027916  0.00000000    0.13606309  0.00000000
    1    2
 -0.03195237 -0.03304713   -0.01880721 -0.02757210    0.01880721  0.02757210
 -0.01880721 -0.02757210   -0.02274396 -0.03169280   -0.09773113  0.02690959
  0.01880721  0.02757210   -0.09773113  0.02690959   -0.02274396 -0.03169280
    2    1
 -0.03195237  0.03304713   -0.01880721  0.02757210    0.01880721 -0.02757210
 -0.01880721  0.02757210   -0.02274396  0.03169280   -0.09773113 -0.02690959
  0.01880721 -0.02757210   -0.09773113 -0.02690959   -0.02274396  0.03169280
    2    2
  0.16603707  0.00000000   -0.00106660  0.00196542    0.00106660 -0.00196542
 -0.00106660 -0.00196542    0.13606309  0.00000000   -0.00027916  0.00000000
  0.00106660  0.00196542   -0.00027916  0.00000000    0.13606309  0.00000000

     Dynamical  Matrix in cartesian axes

     q = (   -0.800000000   0.800000000  -0.200000000 ) 

    1    1
  0.13606309  0.00000000   -0.00027916  0.00000000    0.00106660  0.00196542
 -0.00027916  0.00000000    0.13606309  0.00000000   -0.00106660 -0.00196542
  0.00106660 -0.00196542   -0.00106660  0.00196542    0.16603707  0.00000000
    1    2
 -0.02274396  0.03169280   -0.09773113 -0.02690959    0.01880721 -0.02757210
 -0.09773113 -0.02690959   -0.02274396  0.03169280   -0.01880721  0.02757210
  0.01880721 -0.02757210   -0.01880721  0.02757210   -0.03195237  0.03304713
    2    1
 -0.02274396 -0.03169280   -0.09773113  0.02690959    0.01880721  0.02757210
 -0.09773113  0.02690959   -0.02274396 -0.03169280   -0.01880721 -0.02757210
  0.01880721  0.02757210   -0.01880721 -0.02757210   -0.03195237 -0.03304713
    2    2
  0.13606309  0.00000000   -0.00027916  0.00000000    0.00106660 -0.00196542
 -0.00027916  0.00000000    0.13606309  0.00000000   -0.00106660  0.00196542
  0.00106660  0.00196542   -0.00106660 -0.00196542    0.16603707  0.00000000

     Dynamical  Matrix in cartesian axes

     q = (    0.200000000   0.800000000   0.800000000 ) 

    1    1
  0.16603707  0.00000000    0.00106660 -0.00196542    0.00106660 -0.00196542
  0.00106660  0.00196542    0.13606309  0.00000000    0.00027916  0.00000000
  0.00106660  0.00196542    0.00027916  0.00000000    0.13606309  0.00000000
    1    2
  0.03195237 -0.03304713   -0.01880721  0.02757210   -0.01880721  0.02757210
 -0.01880721  0.02757210    0.02274396 -0.03169280   -0.09773113 -0.02690959
 -0.01880721  0.02757210   -0.09773113 -0.02690959    0.02274396 -0.03169280
    2    1
  0.03195237  0.03304713   -0.01880721 -0.02757210   -0.01880721 -0.02757210
 -0.01880721 -0.02757210    0.02274396  0.03169280   -0.09773113  0.02690959
 -0.01880721 -0.02757210   -0.09773113  0.02690959    0.02274396  0.03169280
    2    2
  0.16603707  0.00000000    0.00106660  0.00196542    0.00106660  0.00196542
  0.00106660 -0.00196542    0.13606309  0.00000000    0.00027916  0.00000000
  0.00106660 -0.00196542    0.00027916  0.00000000    0.13606309  0.00000000

     Dynamical  Matrix in cartesian axes

     q = (   -0.200000000  -0.800000000   0.800000000 ) 

    1    1
  0.16603707  0.00000000    0.00106660 -0.00196542   -0.00106660  0.00196542
  0.00106660  0.00196542    0.13606309  0.00000000   -0.00027916  0.00000000
 -0.00106660 -0.00196542   -0.00027916  0.00000000    0.13606309  0.00000000
    1    2
 -0.03195237  0.03304713    0.01880721 -0.02757210   -0.01880721  0.02757210
  0.01880721 -0.02757210   -0.02274396  0.03169280   -0.09773113 -0.02690959
 -0.01880721  0.02757210   -0.09773113 -0.02690959   -0.02274396  0.03169280
    2    1
 -0.03195237 -0.03304713    0.01880721  0.02757210   -0.01880721 -0.02757210
  0.01880721  0.02757210   -0.02274396 -0.03169280   -0.09773113  0.02690959
 -0.01880721 -0.02757210   -0.09773113  0.02690959   -0.02274396 -0.03169280
    2    2
  0.16603707  0.00000000    0.00106660  0.00196542   -0.00106660 -0.00196542
  0.00106660 -0.00196542    0.13606309  0.00000000   -0.00027916  0.00000000
 -0.00106660  0.00196542   -0.00027916  0.00000000    0.13606309  0.00000000

     Dynamical  Matrix in cartesian axes

     q = (   -0.800000000  -0.800000000   0.200000000 ) 

    1    1
  0.13606309  0.00000000    0.00027916  0.00000000   -0.00106660 -0.00196542
  0.00027916  0.00000000    0.13606309  0.00000000   -0.00106660 -0.00196542
 -0.00106660  0.00196542   -0.00106660  0.00196542    0.16603707  0.00000000
    1    2
 -0.02311337 -0.03142441   -0.05579312  0.08463230   -0.02041088 -0.02640697
 -0.05579312  0.08463230   -0.02311337 -0.03142441   -0.02041088 -0.02640697
 -0.02041088 -0.02640697   -0.02041088 -0.02640697   -0.02155587 -0.04060063
    2    1
 -0.02311337  0.03142441   -0.05579312 -0.08463230   -0.02041088  0.02640697
 -0.05579312 -0.08463230   -0.02311337  0.03142441   -0.02041088  0.02640697
 -0.02041088  0.02640697   -0.02041088  0.02640697   -0.02155587  0.04060063
    2    2
  0.13606309  0.00000000    0.00027916  0.00000000   -0.00106660  0.00196542
  0.00027916  0.00000000    0.13606309  0.00000000   -0.00106660  0.00196542
 -0.00106660 -0.00196542   -0.00106660 -0.00196542    0.16603707  0.00000000

     Dynamical  Matrix in cartesian axes

     q = (    0.800000000   0.800000000   0.200000000 ) 

    1    1
  0.13606309  0.00000000    0.00027916  0.00000000    0.00106660  0.00196542
  0.00027916  0.00000000    0.13606309  0.00000000    0.00106660  0.00196542
  0.00106660 -0.00196542    0.00106660 -0.00196542    0.16603707  0.00000000
    1    2
  0.02274396 -0.03169280   -0.09773113 -0.02690959   -0.01880721  0.02757210
 -0.09773113 -0.02690959    0.02274396 -0.03169280   -0.01880721  0.02757210
 -0.01880721  0.02757210   -0.01880721  0.02757210    0.03195237 -0.03304713
    2    1
  0.02274396  0.03169280   -0.09773113  0.02690959   -0.01880721 -0.02757210
 -0.09773113  0.02690959    0.02274396  0.03169280   -0.01880721 -0.02757210
 -0.01880721 -0.02757210   -0.01880721 -0.02757210    0.03195237  0.03304713
    2    2
  0.13606309  0.00000000    0.00027916  0.00000000    0.00106660 -0.00196542
  0.00027916  0.00000000    0.13606309  0.00000000    0.00106660 -0.00196542
  0.00106660  0.00196542    0.00106660  0.00196542    0.16603707  0.00000000

     Dynamical  Matrix in cartesian axes

     q = (    0.200000000  -0.800000000  -0.800000000 ) 

    1    1
  0.16603707  0.00000000   -0.00106660  0.00196542   -0.00106660  0.00196542
 -0.00106660 -0.00196542    0.13606309  0.00000000    0.00027916  0.00000000
 -0.00106660 -0.00196542    0.00027916  0.00000000    0.13606309  0.00000000
    1    2
 -0.02155587 -0.04060063   -0.02041088 -0.02640697   -0.02041088 -0.02640697
 -0.02041088 -0.02640697   -0.02311337 -0.03142441   -0.05579312  0.08463230
 -0.02041088 -0.02640697   -0.05579312  0.08463230   -0.02311337 -0.03142441
    2    1
 -0.02155587  0.04060063   -0.02041088  0.02640697   -0.02041088  0.02640697
 -0.02041088  0.02640697   -0.02311337  0.03142441   -0.05579312 -0.08463230
 -0.02041088  0.02640697   -0.05579312 -0.08463230   -0.02311337  0.03142441
    2    2
  0.16603707  0.00000000   -0.00106660 -0.00196542   -0.00106660 -0.00196542
 -0.00106660  0.00196542    0.13606309  0.00000000    0.00027916  0.00000000
 -0.00106660  0.00196542    0.00027916  0.00000000    0.13606309  0.00000000

     Dynamical  Matrix in cartesian axes

     q = (    0.800000000  -0.800000000  -0.200000000 ) 

    1    1
  0.13606309  0.00000000   -0.00027916  0.00000000   -0.00106660 -0.00196542
 -0.00027916  0.00000000    0.13606309  0.00000000    0.00106660  0.00196542
 -0.00106660  0.00196542    0.00106660 -0.00196542    0.16603707  0.00000000
    1    2
 -0.02274396  0.03169280   -0.09773113 -0.02690959   -0.01880721  0.02757210
 -0.09773113 -0.02690959   -0.02274396  0.03169280    0.01880721 -0.02757210
 -0.01880721  0.02757210    0.01880721 -0.02757210   -0.03195237  0.03304713
    2    1
 -0.02274396 -0.03169280   -0.09773113  0.02690959   -0.01880721 -0.02757210
 -0.09773113  0.02690959   -0.02274396 -0.03169280    0.01880721  0.02757210
 -0.01880721 -0.02757210    0.01880721  0.02757210   -0.03195237 -0.03304713
    2    2
  0.13606309  0.00000000   -0.00027916  0.00000000   -0.00106660  0.00196542
 -0.00027916  0.00000000    0.13606309  0.00000000    0.00106660 -0.00196542
 -0.00106660 -0.00196542    0.00106660  0.00196542    0.16603707  0.00000000

     Diagonalizing the dynamical matrix

     q = (    0.800000000  -0.200000000   0.800000000 ) 

 **************************************************************************
     freq (    1) =       1.233636 [THz] =      41.149660 [cm-1]
 ( -0.135522 -0.481284 -0.000000 -0.000000  0.135522  0.481284 ) 
 (  0.500000 -0.000000  0.000000 -0.000000 -0.500000  0.000000 ) 
     freq (    2) =       1.543233 [THz] =      51.476704 [cm-1]
 ( -0.401308 -0.230925 -0.218689  0.153055 -0.401308 -0.230925 ) 
 ( -0.463006  0.000000 -0.113211 -0.241731 -0.463006  0.000000 ) 
     freq (    3) =       3.477091 [THz] =     115.983268 [cm-1]
 (  0.136074 -0.182178  0.427897  0.462054  0.136074 -0.182178 ) 
 ( -0.227388 -0.000000  0.114125  0.619326 -0.227388  0.000000 ) 
     freq (    4) =       4.405640 [THz] =     146.956319 [cm-1]
 (  0.053910  0.268900 -0.506818 -0.304481  0.053910  0.268900 ) 
 ( -0.274251 -0.000000  0.398167  0.437077 -0.274251  0.000000 ) 
     freq (    5) =       5.063914 [THz] =     168.913991 [cm-1]
 ( -0.135522 -0.481284  0.000000 -0.000000  0.135522  0.481284 ) 
 ( -0.500000 -0.000000 -0.000000 -0.000000  0.500000  0.000000 ) 
     freq (    6) =       5.158774 [THz] =     172.078185 [cm-1]
 ( -0.351628 -0.187255 -0.358831  0.232006 -0.351628 -0.187255 ) 
 (  0.398380  0.000000  0.207667  0.373444  0.398380 -0.000000 ) 
 **************************************************************************
