Dynamical matrix file
                                                                           
  1    2  2 12.5600000  0.0000000  0.0000000  0.0000000  0.0000000  0.0000000
           1  'Sn  '    108197.54598352207     
    1    1      0.0000000000      0.0000000000      0.0000000000
    2    1      0.2500000000      0.2500000000      0.2500000000

     Dynamical  Matrix in cartesian axes

     q = (    0.400000000  -0.200000000   0.400000000 ) 

    1    1
  0.14644229  0.00000000   -0.00404043  0.00232088    0.00168584  0.00000000
 -0.00404043 -0.00232088    0.14976794  0.00000000   -0.00404043 -0.00232088
  0.00168584  0.00000000   -0.00404043  0.00232088    0.14644229  0.00000000
    1    2
 -0.06780662  0.05937999   -0.04809565 -0.01595662    0.03898828 -0.01741413
 -0.04809565 -0.01595662   -0.07174316  0.06466002   -0.04809565 -0.01595662
  0.03898828 -0.01741413   -0.04809565 -0.01595662   -0.06780662  0.05937999
    2    1
 -0.06780662 -0.05937999   -0.04809565  0.01595662    0.03898828  0.01741413
 -0.04809565  0.01595662   -0.07174316 -0.06466002   -0.04809565  0.01595662
  0.03898828  0.01741413   -0.04809565  0.01595662   -0.06780662 -0.05937999
    2    2
  0.14644229  0.00000000   -0.00404043 -0.00232088    0.00168584  0.00000000
 -0.00404043  0.00232088    0.14976794  0.00000000   -0.00404043  0.00232088
  0.00168584  0.00000000   -0.00404043 -0.00232088    0.14644229  0.00000000

     Dynamical  Matrix in cartesian axes

     q = (    0.400000000   0.200000000  -0.400000000 ) 

    1    1
  0.14644229  0.00000000    0.00404043 -0.00232088   -0.00168584  0.00000000
  0.00404043  0.00232088    0.14976794  0.00000000   -0.00404043 -0.00232088
 -0.00168584  0.00000000   -0.00404043  0.00232088    0.14644229  0.00000000
    1    2
 -0.08975938  0.00818369    0.02953113  0.04117909   -0.04177795 -0.00882840
  0.02953113  0.04117909   -0.09604764  0.01014148   -0.02953113 -0.04117909
 -0.04177795 -0.00882840   -0.02953113 -0.04117909   -0.08975938  0.00818369
    2    1
 -0.08975938 -0.00818369    0.02953113 -0.04117909   -0.04177795  0.00882840
  0.02953113 -0.04117909   -0.09604764 -0.01014148   -0.02953113  0.04117909
 -0.04177795  0.00882840   -0.02953113  0.04117909   -0.08975938 -0.00818369
    2    2
  0.14644229  0.00000000    0.00404043  0.00232088   -0.00168584  0.00000000
  0.00404043 -0.00232088    0.14976794  0.00000000   -0.00404043  0.00232088
 -0.00168584  0.00000000   -0.00404043 -0.00232088    0.14644229  0.00000000

     Dynamical  Matrix in cartesian axes

     q = (    0.400000000  -0.200000000  -0.400000000 ) 

    1    1
  0.14644229  0.00000000   -0.00404043 -0.00232088   -0.00168584  0.00000000
 -0.00404043  0.00232088    0.14976794  0.00000000    0.00404043 -0.00232088
 -0.00168584  0.00000000    0.00404043  0.00232088    0.14644229  0.00000000
    1    2
 -0.08975938 -0.00818369   -0.02953113  0.04117909   -0.04177795  0.00882840
 -0.02953113  0.04117909   -0.09604764 -0.01014148    0.02953113 -0.04117909
 -0.04177795  0.00882840    0.02953113 -0.04117909   -0.08975938 -0.00818369
    2    1
 -0.08975938  0.00818369   -0.02953113 -0.04117909   -0.04177795 -0.00882840
 -0.02953113 -0.04117909   -0.09604764  0.01014148    0.02953113  0.04117909
 -0.04177795 -0.00882840    0.02953113  0.04117909   -0.08975938  0.00818369
    2    2
  0.14644229  0.00000000   -0.00404043  0.00232088   -0.00168584  0.00000000
 -0.00404043 -0.00232088    0.14976794  0.00000000    0.00404043  0.00232088
 -0.00168584  0.00000000    0.00404043 -0.00232088    0.14644229  0.00000000

     Dynamical  Matrix in cartesian axes

     q = (   -0.400000000  -0.200000000   0.400000000 ) 

    1    1
  0.14644229  0.00000000    0.00404043  0.00232088   -0.00168584  0.00000000
  0.00404043 -0.00232088    0.14976794  0.00000000   -0.00404043  0.00232088
 -0.00168584  0.00000000   -0.00404043 -0.00232088    0.14644229  0.00000000
    1    2
 -0.08975938 -0.00818369    0.02953113 -0.04117909   -0.04177795  0.00882840
  0.02953113 -0.04117909   -0.09604764 -0.01014148   -0.02953113  0.04117909
 -0.04177795  0.00882840   -0.02953113  0.04117909   -0.08975938 -0.00818369
    2    1
 -0.08975938  0.00818369    0.02953113  0.04117909   -0.04177795 -0.00882840
  0.02953113  0.04117909   -0.09604764  0.01014148   -0.02953113 -0.04117909
 -0.04177795 -0.00882840   -0.02953113 -0.04117909   -0.08975938  0.00818369
    2    2
  0.14644229  0.00000000    0.00404043 -0.00232088   -0.00168584  0.00000000
  0.00404043  0.00232088    0.14976794  0.00000000   -0.00404043 -0.00232088
 -0.00168584  0.00000000   -0.00404043  0.00232088    0.14644229  0.00000000

     Dynamical  Matrix in cartesian axes

     q = (   -0.400000000  -0.200000000  -0.400000000 ) 

    1    1
  0.14644229  0.00000000    0.00404043 -0.00232088    0.00168584  0.00000000
  0.00404043  0.00232088    0.14976794  0.00000000    0.00404043  0.00232088
  0.00168584  0.00000000    0.00404043 -0.00232088    0.14644229  0.00000000
    1    2
  0.01995402 -0.08789515   -0.04828926  0.01536074   -0.02130641  0.03700506
 -0.04828926  0.01536074    0.02003523 -0.09448062   -0.04828926  0.01536074
 -0.02130641  0.03700506   -0.04828926  0.01536074    0.01995402 -0.08789515
    2    1
  0.01995402  0.08789515   -0.04828926 -0.01536074   -0.02130641 -0.03700506
 -0.04828926 -0.01536074    0.02003523  0.09448062   -0.04828926 -0.01536074
 -0.02130641 -0.03700506   -0.04828926 -0.01536074    0.01995402  0.08789515
    2    2
  0.14644229  0.00000000    0.00404043  0.00232088    0.00168584  0.00000000
  0.00404043 -0.00232088    0.14976794  0.00000000    0.00404043 -0.00232088
  0.00168584  0.00000000    0.00404043  0.00232088    0.14644229  0.00000000

     Dynamical  Matrix in cartesian axes

     q = (   -0.400000000   0.200000000  -0.400000000 ) 

    1    1
  0.14644229  0.00000000   -0.00404043 -0.00232088    0.00168584  0.00000000
 -0.00404043  0.00232088    0.14976794  0.00000000   -0.00404043  0.00232088
  0.00168584  0.00000000   -0.00404043 -0.00232088    0.14644229  0.00000000
    1    2
 -0.06780662 -0.05937999   -0.04809565  0.01595662    0.03898828  0.01741413
 -0.04809565  0.01595662   -0.07174316 -0.06466002   -0.04809565  0.01595662
  0.03898828  0.01741413   -0.04809565  0.01595662   -0.06780662 -0.05937999
    2    1
 -0.06780662  0.05937999   -0.04809565 -0.01595662    0.03898828 -0.01741413
 -0.04809565 -0.01595662   -0.07174316  0.06466002   -0.04809565 -0.01595662
  0.03898828 -0.01741413   -0.04809565 -0.01595662   -0.06780662  0.05937999
    2    2
  0.14644229  0.00000000   -0.00404043  0.00232088    0.00168584  0.00000000
 -0.00404043 -0.00232088    0.14976794  0.00000000   -0.00404043 -0.00232088
  0.00168584  0.00000000   -0.00404043  0.00232088    0.14644229  0.00000000

     Dynamical  Matrix in cartesian axes

     q = (   -0.400000000   0.200000000   0.400000000 ) 

    1    1
  0.14644229  0.00000000   -0.00404043  0.00232088   -0.00168584  0.00000000
 -0.00404043 -0.00232088    0.14976794  0.00000000    0.00404043  0.00232088
 -0.00168584  0.00000000    0.00404043 -0.00232088    0.14644229  0.00000000
    1    2
 -0.08975938  0.00818369   -0.02953113 -0.04117909   -0.04177795 -0.00882840
 -0.02953113 -0.04117909   -0.09604764  0.01014148    0.02953113  0.04117909
 -0.04177795 -0.00882840    0.02953113  0.04117909   -0.08975938  0.00818369
    2    1
 -0.08975938 -0.00818369   -0.02953113  0.04117909   -0.04177795  0.00882840
 -0.02953113  0.04117909   -0.09604764 -0.01014148    0.02953113 -0.04117909
 -0.04177795  0.00882840    0.02953113 -0.04117909   -0.08975938 -0.00818369
    2    2
  0.14644229  0.00000000   -0.00404043 -0.00232088   -0.00168584  0.00000000
 -0.00404043  0.00232088    0.14976794  0.00000000    0.00404043 -0.00232088
 -0.00168584  0.00000000    0.00404043  0.00232088    0.14644229  0.00000000

     Dynamical  Matrix in cartesian axes

     q = (    0.400000000   0.200000000   0.400000000 ) 

    1    1
  0.14644229  0.00000000    0.00404043  0.00232088    0.00168584  0.00000000
  0.00404043 -0.00232088    0.14976794  0.00000000    0.00404043 -0.00232088
  0.00168584  0.00000000    0.00404043  0.00232088    0.14644229  0.00000000
    1    2
  0.01995402  0.08789515   -0.04828926 -0.01536074   -0.02130641 -0.03700506
 -0.04828926 -0.01536074    0.02003523  0.09448062   -0.04828926 -0.01536074
 -0.02130641 -0.03700506   -0.04828926 -0.01536074    0.01995402  0.08789515
    2    1
  0.01995402 -0.08789515   -0.04828926  0.01536074   -0.02130641  0.03700506
 -0.04828926  0.01536074    0.02003523 -0.09448062   -0.04828926  0.01536074
 -0.02130641  0.03700506   -0.04828926  0.01536074    0.01995402 -0.08789515
    2    2
  0.14644229  0.00000000    0.00404043 -0.00232088    0.00168584  0.00000000
  0.00404043  0.00232088    0.14976794  0.00000000    0.00404043  0.00232088
  0.00168584  0.00000000    0.00404043 -0.00232088    0.14644229  0.00000000

     Dynamical  Matrix in cartesian axes

     q = (   -0.200000000   0.400000000   0.400000000 ) 

    1    1
  0.14976794  0.00000000   -0.00404043 -0.00232088   -0.00404043 -0.00232088
 -0.00404043  0.00232088    0.14644229  0.00000000    0.00168584  0.00000000
 -0.00404043  0.00232088    0.00168584  0.00000000    0.14644229  0.00000000
    1    2
 -0.07174316  0.06466002   -0.04809565 -0.01595662   -0.04809565 -0.01595662
 -0.04809565 -0.01595662   -0.06780662  0.05937999    0.03898828 -0.01741413
 -0.04809565 -0.01595662    0.03898828 -0.01741413   -0.06780662  0.05937999
    2    1
 -0.07174316 -0.06466002   -0.04809565  0.01595662   -0.04809565  0.01595662
 -0.04809565  0.01595662   -0.06780662 -0.05937999    0.03898828  0.01741413
 -0.04809565  0.01595662    0.03898828  0.01741413   -0.06780662 -0.05937999
    2    2
  0.14976794  0.00000000   -0.00404043  0.00232088   -0.00404043  0.00232088
 -0.00404043 -0.00232088    0.14644229  0.00000000    0.00168584  0.00000000
 -0.00404043 -0.00232088    0.00168584  0.00000000    0.14644229  0.00000000

     Dynamical  Matrix in cartesian axes

     q = (    0.200000000   0.400000000  -0.400000000 ) 

    1    1
  0.14976794  0.00000000    0.00404043  0.00232088   -0.00404043 -0.00232088
  0.00404043 -0.00232088    0.14644229  0.00000000   -0.00168584  0.00000000
 -0.00404043  0.00232088   -0.00168584  0.00000000    0.14644229  0.00000000
    1    2
 -0.09604764  0.01014148    0.02953113  0.04117909   -0.02953113 -0.04117909
  0.02953113  0.04117909   -0.08975938  0.00818369   -0.04177795 -0.00882840
 -0.02953113 -0.04117909   -0.04177795 -0.00882840   -0.08975938  0.00818369
    2    1
 -0.09604764 -0.01014148    0.02953113 -0.04117909   -0.02953113  0.04117909
  0.02953113 -0.04117909   -0.08975938 -0.00818369   -0.04177795  0.00882840
 -0.02953113  0.04117909   -0.04177795  0.00882840   -0.08975938 -0.00818369
    2    2
  0.14976794  0.00000000    0.00404043 -0.00232088   -0.00404043  0.00232088
  0.00404043  0.00232088    0.14644229  0.00000000   -0.00168584  0.00000000
 -0.00404043 -0.00232088   -0.00168584  0.00000000    0.14644229  0.00000000

     Dynamical  Matrix in cartesian axes

     q = (   -0.200000000  -0.400000000  -0.400000000 ) 

    1    1
  0.14976794  0.00000000    0.00404043  0.00232088    0.00404043  0.00232088
  0.00404043 -0.00232088    0.14644229  0.00000000    0.00168584  0.00000000
  0.00404043 -0.00232088    0.00168584  0.00000000    0.14644229  0.00000000
    1    2
  0.02003523 -0.09448062   -0.04828926  0.01536074   -0.04828926  0.01536074
 -0.04828926  0.01536074    0.01995402 -0.08789515   -0.02130641  0.03700506
 -0.04828926  0.01536074   -0.02130641  0.03700506    0.01995402 -0.08789515
    2    1
  0.02003523  0.09448062   -0.04828926 -0.01536074   -0.04828926 -0.01536074
 -0.04828926 -0.01536074    0.01995402  0.08789515   -0.02130641 -0.03700506
 -0.04828926 -0.01536074   -0.02130641 -0.03700506    0.01995402  0.08789515
    2    2
  0.14976794  0.00000000    0.00404043 -0.00232088    0.00404043 -0.00232088
  0.00404043  0.00232088    0.14644229  0.00000000    0.00168584  0.00000000
  0.00404043  0.00232088    0.00168584  0.00000000    0.14644229  0.00000000

     Dynamical  Matrix in cartesian axes

     q = (   -0.200000000   0.400000000  -0.400000000 ) 

    1    1
  0.14976794  0.00000000   -0.00404043  0.00232088    0.00404043 -0.00232088
 -0.00404043 -0.00232088    0.14644229  0.00000000   -0.00168584  0.00000000
  0.00404043  0.00232088   -0.00168584  0.00000000    0.14644229  0.00000000
    1    2
 -0.09604764 -0.01014148   -0.02953113  0.04117909    0.02953113 -0.04117909
 -0.02953113  0.04117909   -0.08975938 -0.00818369   -0.04177795  0.00882840
  0.02953113 -0.04117909   -0.04177795  0.00882840   -0.08975938 -0.00818369
    2    1
 -0.09604764  0.01014148   -0.02953113 -0.04117909    0.02953113  0.04117909
 -0.02953113 -0.04117909   -0.08975938  0.00818369   -0.04177795 -0.00882840
  0.02953113  0.04117909   -0.04177795 -0.00882840   -0.08975938  0.00818369
    2    2
  0.14976794  0.00000000   -0.00404043 -0.00232088    0.00404043  0.00232088
 -0.00404043  0.00232088    0.14644229  0.00000000   -0.00168584  0.00000000
  0.00404043 -0.00232088   -0.00168584  0.00000000    0.14644229  0.00000000

     Dynamical  Matrix in cartesian axes

     q = (    0.400000000   0.400000000  -0.200000000 ) 

    1    1
  0.14644229  0.00000000    0.00168584  0.00000000   -0.00404043  0.00232088
  0.00168584  0.00000000    0.14644229  0.00000000   -0.00404043  0.00232088
 -0.00404043 -0.00232088   -0.00404043 -0.00232088    0.14976794  0.00000000
    1    2
 -0.06780662  0.05937999    0.03898828 -0.01741413   -0.04809565 -0.01595662
  0.03898828 -0.01741413   -0.06780662  0.05937999   -0.04809565 -0.01595662
 -0.04809565 -0.01595662   -0.04809565 -0.01595662   -0.07174316  0.06466002
    2    1
 -0.06780662 -0.05937999    0.03898828  0.01741413   -0.04809565  0.01595662
  0.03898828  0.01741413   -0.06780662 -0.05937999   -0.04809565  0.01595662
 -0.04809565  0.01595662   -0.04809565  0.01595662   -0.07174316 -0.06466002
    2    2
  0.14644229  0.00000000    0.00168584  0.00000000   -0.00404043 -0.00232088
  0.00168584  0.00000000    0.14644229  0.00000000   -0.00404043 -0.00232088
 -0.00404043  0.00232088   -0.00404043  0.00232088    0.14976794  0.00000000

     Dynamical  Matrix in cartesian axes

     q = (    0.400000000  -0.400000000   0.200000000 ) 

    1    1
  0.14644229  0.00000000   -0.00168584  0.00000000    0.00404043 -0.00232088
 -0.00168584  0.00000000    0.14644229  0.00000000   -0.00404043  0.00232088
  0.00404043  0.00232088   -0.00404043 -0.00232088    0.14976794  0.00000000
    1    2
 -0.08975938  0.00818369   -0.04177795 -0.00882840    0.02953113  0.04117909
 -0.04177795 -0.00882840   -0.08975938  0.00818369   -0.02953113 -0.04117909
  0.02953113  0.04117909   -0.02953113 -0.04117909   -0.09604764  0.01014148
    2    1
 -0.08975938 -0.00818369   -0.04177795  0.00882840    0.02953113 -0.04117909
 -0.04177795  0.00882840   -0.08975938 -0.00818369   -0.02953113  0.04117909
  0.02953113 -0.04117909   -0.02953113  0.04117909   -0.09604764 -0.01014148
    2    2
  0.14644229  0.00000000   -0.00168584  0.00000000    0.00404043  0.00232088
 -0.00168584  0.00000000    0.14644229  0.00000000   -0.00404043 -0.00232088
  0.00404043 -0.00232088   -0.00404043  0.00232088    0.14976794  0.00000000

     Dynamical  Matrix in cartesian axes

     q = (   -0.400000000  -0.400000000  -0.200000000 ) 

    1    1
  0.14644229  0.00000000    0.00168584  0.00000000    0.00404043 -0.00232088
  0.00168584  0.00000000    0.14644229  0.00000000    0.00404043 -0.00232088
  0.00404043  0.00232088    0.00404043  0.00232088    0.14976794  0.00000000
    1    2
  0.01995402 -0.08789515   -0.02130641  0.03700506   -0.04828926  0.01536074
 -0.02130641  0.03700506    0.01995402 -0.08789515   -0.04828926  0.01536074
 -0.04828926  0.01536074   -0.04828926  0.01536074    0.02003523 -0.09448062
    2    1
  0.01995402  0.08789515   -0.02130641 -0.03700506   -0.04828926 -0.01536074
 -0.02130641 -0.03700506    0.01995402  0.08789515   -0.04828926 -0.01536074
 -0.04828926 -0.01536074   -0.04828926 -0.01536074    0.02003523  0.09448062
    2    2
  0.14644229  0.00000000    0.00168584  0.00000000    0.00404043  0.00232088
  0.00168584  0.00000000    0.14644229  0.00000000    0.00404043  0.00232088
  0.00404043 -0.00232088    0.00404043 -0.00232088    0.14976794  0.00000000

     Dynamical  Matrix in cartesian axes

     q = (   -0.400000000   0.400000000   0.200000000 ) 

    1    1
  0.14644229  0.00000000   -0.00168584  0.00000000   -0.00404043  0.00232088
 -0.00168584  0.00000000    0.14644229  0.00000000    0.00404043 -0.00232088
 -0.00404043 -0.00232088    0.00404043  0.00232088    0.14976794  0.00000000
    1    2
 -0.08975938  0.00818369   -0.04177795 -0.00882840   -0.02953113 -0.04117909
 -0.04177795 -0.00882840   -0.08975938  0.00818369    0.02953113  0.04117909
 -0.02953113 -0.04117909    0.02953113  0.04117909   -0.09604764  0.01014148
    2    1
 -0.08975938 -0.00818369   -0.04177795  0.00882840   -0.02953113  0.04117909
 -0.04177795  0.00882840   -0.08975938 -0.00818369    0.02953113 -0.04117909
 -0.02953113  0.04117909    0.02953113 -0.04117909   -0.09604764 -0.01014148
    2    2
  0.14644229  0.00000000   -0.00168584  0.00000000   -0.00404043 -0.00232088
 -0.00168584  0.00000000    0.14644229  0.00000000    0.00404043  0.00232088
 -0.00404043  0.00232088    0.00404043 -0.00232088    0.14976794  0.00000000

     Dynamical  Matrix in cartesian axes

     q = (    0.200000000  -0.400000000   0.400000000 ) 

    1    1
  0.14976794  0.00000000   -0.00404043 -0.00232088    0.00404043  0.00232088
 -0.00404043  0.00232088    0.14644229  0.00000000   -0.00168584  0.00000000
  0.00404043 -0.00232088   -0.00168584  0.00000000    0.14644229  0.00000000
    1    2
 -0.09604764  0.01014148   -0.02953113 -0.04117909    0.02953113  0.04117909
 -0.02953113 -0.04117909   -0.08975938  0.00818369   -0.04177795 -0.00882840
  0.02953113  0.04117909   -0.04177795 -0.00882840   -0.08975938  0.00818369
    2    1
 -0.09604764 -0.01014148   -0.02953113  0.04117909    0.02953113 -0.04117909
 -0.02953113  0.04117909   -0.08975938 -0.00818369   -0.04177795  0.00882840
  0.02953113 -0.04117909   -0.04177795  0.00882840   -0.08975938 -0.00818369
    2    2
  0.14976794  0.00000000   -0.00404043  0.00232088    0.00404043 -0.00232088
 -0.00404043 -0.00232088    0.14644229  0.00000000   -0.00168584  0.00000000
  0.00404043  0.00232088   -0.00168584  0.00000000    0.14644229  0.00000000

     Dynamical  Matrix in cartesian axes

     q = (   -0.400000000   0.400000000  -0.200000000 ) 

    1    1
  0.14644229  0.00000000   -0.00168584  0.00000000    0.00404043  0.00232088
 -0.00168584  0.00000000    0.14644229  0.00000000   -0.00404043 -0.00232088
  0.00404043 -0.00232088   -0.00404043  0.00232088    0.14976794  0.00000000
    1    2
 -0.08975938 -0.00818369   -0.04177795  0.00882840    0.02953113 -0.04117909
 -0.04177795  0.00882840   -0.08975938 -0.00818369   -0.02953113  0.04117909
  0.02953113 -0.04117909   -0.02953113  0.04117909   -0.09604764 -0.01014148
    2    1
 -0.08975938  0.00818369   -0.04177795 -0.00882840    0.02953113  0.04117909
 -0.04177795 -0.00882840   -0.08975938  0.00818369   -0.02953113 -0.04117909
  0.02953113  0.04117909   -0.02953113 -0.04117909   -0.09604764  0.01014148
    2    2
  0.14644229  0.00000000   -0.00168584  0.00000000    0.00404043 -0.00232088
 -0.00168584  0.00000000    0.14644229  0.00000000   -0.00404043  0.00232088
  0.00404043  0.00232088   -0.00404043 -0.00232088    0.14976794  0.00000000

     Dynamical  Matrix in cartesian axes

     q = (    0.200000000   0.400000000   0.400000000 ) 

    1    1
  0.14976794  0.00000000    0.00404043 -0.00232088    0.00404043 -0.00232088
  0.00404043  0.00232088    0.14644229  0.00000000    0.00168584  0.00000000
  0.00404043  0.00232088    0.00168584  0.00000000    0.14644229  0.00000000
    1    2
  0.02003523  0.09448062   -0.04828926 -0.01536074   -0.04828926 -0.01536074
 -0.04828926 -0.01536074    0.01995402  0.08789515   -0.02130641 -0.03700506
 -0.04828926 -0.01536074   -0.02130641 -0.03700506    0.01995402  0.08789515
    2    1
  0.02003523 -0.09448062   -0.04828926  0.01536074   -0.04828926  0.01536074
 -0.04828926  0.01536074    0.01995402 -0.08789515   -0.02130641  0.03700506
 -0.04828926  0.01536074   -0.02130641  0.03700506    0.01995402 -0.08789515
    2    2
  0.14976794  0.00000000    0.00404043  0.00232088    0.00404043  0.00232088
  0.00404043 -0.00232088    0.14644229  0.00000000    0.00168584  0.00000000
  0.00404043 -0.00232088    0.00168584  0.00000000    0.14644229  0.00000000

     Dynamical  Matrix in cartesian axes

     q = (   -0.200000000  -0.400000000   0.400000000 ) 

    1    1
  0.14976794  0.00000000    0.00404043 -0.00232088   -0.00404043  0.00232088
  0.00404043  0.00232088    0.14644229  0.00000000   -0.00168584  0.00000000
 -0.00404043 -0.00232088   -0.00168584  0.00000000    0.14644229  0.00000000
    1    2
 -0.09604764 -0.01014148    0.02953113 -0.04117909   -0.02953113  0.04117909
  0.02953113 -0.04117909   -0.08975938 -0.00818369   -0.04177795  0.00882840
 -0.02953113  0.04117909   -0.04177795  0.00882840   -0.08975938 -0.00818369
    2    1
 -0.09604764  0.01014148    0.02953113  0.04117909   -0.02953113 -0.04117909
  0.02953113  0.04117909   -0.08975938  0.00818369   -0.04177795 -0.00882840
 -0.02953113 -0.04117909   -0.04177795 -0.00882840   -0.08975938  0.00818369
    2    2
  0.14976794  0.00000000    0.00404043  0.00232088   -0.00404043 -0.00232088
  0.00404043 -0.00232088    0.14644229  0.00000000   -0.00168584  0.00000000
 -0.00404043  0.00232088   -0.00168584  0.00000000    0.14644229  0.00000000

     Dynamical  Matrix in cartesian axes

     q = (   -0.400000000  -0.400000000   0.200000000 ) 

    1    1
  0.14644229  0.00000000    0.00168584  0.00000000   -0.00404043 -0.00232088
  0.00168584  0.00000000    0.14644229  0.00000000   -0.00404043 -0.00232088
 -0.00404043  0.00232088   -0.00404043  0.00232088    0.14976794  0.00000000
    1    2
 -0.06780662 -0.05937999    0.03898828  0.01741413   -0.04809565  0.01595662
  0.03898828  0.01741413   -0.06780662 -0.05937999   -0.04809565  0.01595662
 -0.04809565  0.01595662   -0.04809565  0.01595662   -0.07174316 -0.06466002
    2    1
 -0.06780662  0.05937999    0.03898828 -0.01741413   -0.04809565 -0.01595662
  0.03898828 -0.01741413   -0.06780662  0.05937999   -0.04809565 -0.01595662
 -0.04809565 -0.01595662   -0.04809565 -0.01595662   -0.07174316  0.06466002
    2    2
  0.14644229  0.00000000    0.00168584  0.00000000   -0.00404043  0.00232088
  0.00168584  0.00000000    0.14644229  0.00000000   -0.00404043  0.00232088
 -0.00404043 -0.00232088   -0.00404043 -0.00232088    0.14976794  0.00000000

     Dynamical  Matrix in cartesian axes

     q = (    0.400000000   0.400000000   0.200000000 ) 

    1    1
  0.14644229  0.00000000    0.00168584  0.00000000    0.00404043  0.00232088
  0.00168584  0.00000000    0.14644229  0.00000000    0.00404043  0.00232088
  0.00404043 -0.00232088    0.00404043 -0.00232088    0.14976794  0.00000000
    1    2
  0.01995402  0.08789515   -0.02130641 -0.03700506   -0.04828926 -0.01536074
 -0.02130641 -0.03700506    0.01995402  0.08789515   -0.04828926 -0.01536074
 -0.04828926 -0.01536074   -0.04828926 -0.01536074    0.02003523  0.09448062
    2    1
  0.01995402 -0.08789515   -0.02130641  0.03700506   -0.04828926  0.01536074
 -0.02130641  0.03700506    0.01995402 -0.08789515   -0.04828926  0.01536074
 -0.04828926  0.01536074   -0.04828926  0.01536074    0.02003523 -0.09448062
    2    2
  0.14644229  0.00000000    0.00168584  0.00000000    0.00404043 -0.00232088
  0.00168584  0.00000000    0.14644229  0.00000000    0.00404043 -0.00232088
  0.00404043  0.00232088    0.00404043  0.00232088    0.14976794  0.00000000

     Dynamical  Matrix in cartesian axes

     q = (    0.200000000  -0.400000000  -0.400000000 ) 

    1    1
  0.14976794  0.00000000   -0.00404043  0.00232088   -0.00404043  0.00232088
 -0.00404043 -0.00232088    0.14644229  0.00000000    0.00168584  0.00000000
 -0.00404043 -0.00232088    0.00168584  0.00000000    0.14644229  0.00000000
    1    2
 -0.07174316 -0.06466002   -0.04809565  0.01595662   -0.04809565  0.01595662
 -0.04809565  0.01595662   -0.06780662 -0.05937999    0.03898828  0.01741413
 -0.04809565  0.01595662    0.03898828  0.01741413   -0.06780662 -0.05937999
    2    1
 -0.07174316  0.06466002   -0.04809565 -0.01595662   -0.04809565 -0.01595662
 -0.04809565 -0.01595662   -0.06780662  0.05937999    0.03898828 -0.01741413
 -0.04809565 -0.01595662    0.03898828 -0.01741413   -0.06780662  0.05937999
    2    2
  0.14976794  0.00000000   -0.00404043 -0.00232088   -0.00404043 -0.00232088
 -0.00404043  0.00232088    0.14644229  0.00000000    0.00168584  0.00000000
 -0.00404043  0.00232088    0.00168584  0.00000000    0.14644229  0.00000000

     Dynamical  Matrix in cartesian axes

     q = (    0.400000000  -0.400000000  -0.200000000 ) 

    1    1
  0.14644229  0.00000000   -0.00168584  0.00000000   -0.00404043 -0.00232088
 -0.00168584  0.00000000    0.14644229  0.00000000    0.00404043  0.00232088
 -0.00404043  0.00232088    0.00404043 -0.00232088    0.14976794  0.00000000
    1    2
 -0.08975938 -0.00818369   -0.04177795  0.00882840   -0.02953113  0.04117909
 -0.04177795  0.00882840   -0.08975938 -0.00818369    0.02953113 -0.04117909
 -0.02953113  0.04117909    0.02953113 -0.04117909   -0.09604764 -0.01014148
    2    1
 -0.08975938  0.00818369   -0.04177795 -0.00882840   -0.02953113 -0.04117909
 -0.04177795 -0.00882840   -0.08975938  0.00818369    0.02953113  0.04117909
 -0.02953113 -0.04117909    0.02953113  0.04117909   -0.09604764  0.01014148
    2    2
  0.14644229  0.00000000   -0.00168584  0.00000000   -0.00404043  0.00232088
 -0.00168584  0.00000000    0.14644229  0.00000000    0.00404043 -0.00232088
 -0.00404043 -0.00232088    0.00404043  0.00232088    0.14976794  0.00000000

     Diagonalizing the dynamical matrix

     q = (    0.400000000  -0.200000000   0.400000000 ) 

 **************************************************************************
     freq (    1) =       1.149851 [THz] =      38.354903 [cm-1]
 (  0.405944 -0.291906 -0.000000 -0.000000 -0.405944  0.291906 ) 
 (  0.500000 -0.000000  0.000000 -0.000000 -0.500000  0.000000 ) 
     freq (    2) =       1.219304 [THz] =      40.671615 [cm-1]
 ( -0.254891 -0.045251 -0.597351  0.095591 -0.254891 -0.045251 ) 
 ( -0.258876  0.000000 -0.571445 -0.198536 -0.258876  0.000000 ) 
     freq (    3) =       2.850732 [THz] =      95.090197 [cm-1]
 (  0.016633  0.425402 -0.140100 -0.343343  0.016633  0.425402 ) 
 ( -0.425727 -0.000000  0.348555  0.126578 -0.425727  0.000000 ) 
     freq (    4) =       4.704451 [THz] =     156.923604 [cm-1]
 ( -0.061201  0.449139 -0.170708 -0.244776 -0.061201  0.449139 ) 
 (  0.453290  0.000000 -0.219487 -0.202193  0.453290  0.000000 ) 
     freq (    5) =       5.257183 [THz] =     175.360763 [cm-1]
 (  0.405944 -0.291906 -0.000000  0.000000 -0.405944  0.291906 ) 
 ( -0.500000 -0.000000  0.000000 -0.000000  0.500000  0.000000 ) 
     freq (    6) =       5.277516 [THz] =     176.038978 [cm-1]
 (  0.144874  0.158994  0.636471  0.048675  0.144874  0.158994 ) 
 ( -0.215099 -0.000000 -0.464655 -0.437676 -0.215099  0.000000 ) 
 **************************************************************************
