Dynamical matrix file
                                                                           
  1    2  2 12.5600000  0.0000000  0.0000000  0.0000000  0.0000000  0.0000000
           1  'Sn  '    108197.54598352207     
    1    1      0.0000000000      0.0000000000      0.0000000000
    2    1      0.2500000000      0.2500000000      0.2500000000

     Dynamical  Matrix in cartesian axes

     q = (    0.900000000  -0.100000000   0.900000000 ) 

    1    1
  0.13344869  0.00000000    0.00004862  0.00153780    0.00073395  0.00000000
  0.00004862 -0.00153780    0.17572637  0.00000000    0.00004862 -0.00153780
  0.00073395  0.00000000    0.00004862  0.00153780    0.13344869  0.00000000
    1    2
 -0.00700636  0.01888670   -0.00556384  0.01596721   -0.10232800 -0.05302819
 -0.00556384  0.01596721   -0.00492051  0.02350966   -0.00556384  0.01596721
 -0.10232800 -0.05302819   -0.00556384  0.01596721   -0.00700636  0.01888670
    2    1
 -0.00700636 -0.01888670   -0.00556384 -0.01596721   -0.10232800  0.05302819
 -0.00556384 -0.01596721   -0.00492051 -0.02350966   -0.00556384 -0.01596721
 -0.10232800  0.05302819   -0.00556384 -0.01596721   -0.00700636 -0.01888670
    2    2
  0.13344869  0.00000000    0.00004862 -0.00153780    0.00073395  0.00000000
  0.00004862  0.00153780    0.17572637  0.00000000    0.00004862  0.00153780
  0.00073395  0.00000000    0.00004862 -0.00153780    0.13344869  0.00000000

     Dynamical  Matrix in cartesian axes

     q = (   -0.900000000  -0.100000000   0.900000000 ) 

    1    1
  0.13344869  0.00000000   -0.00004862  0.00153780   -0.00073395  0.00000000
 -0.00004862 -0.00153780    0.17572637  0.00000000    0.00004862  0.00153780
 -0.00073395  0.00000000    0.00004862 -0.00153780    0.13344869  0.00000000
    1    2
 -0.00543306  0.01939790    0.00488405 -0.01618809   -0.11395428 -0.01724619
  0.00488405 -0.01618809   -0.00983785  0.02191192   -0.00488405  0.01618809
 -0.11395428 -0.01724619   -0.00488405  0.01618809   -0.00543306  0.01939790
    2    1
 -0.00543306 -0.01939790    0.00488405  0.01618809   -0.11395428  0.01724619
  0.00488405  0.01618809   -0.00983785 -0.02191192   -0.00488405 -0.01618809
 -0.11395428  0.01724619   -0.00488405 -0.01618809   -0.00543306 -0.01939790
    2    2
  0.13344869  0.00000000   -0.00004862 -0.00153780   -0.00073395  0.00000000
 -0.00004862  0.00153780    0.17572637  0.00000000    0.00004862 -0.00153780
 -0.00073395  0.00000000    0.00004862  0.00153780    0.13344869  0.00000000

     Dynamical  Matrix in cartesian axes

     q = (   -0.900000000  -0.100000000  -0.900000000 ) 

    1    1
  0.13344869  0.00000000   -0.00004862 -0.00153780    0.00073395  0.00000000
 -0.00004862  0.00153780    0.17572637  0.00000000   -0.00004862  0.00153780
  0.00073395  0.00000000   -0.00004862 -0.00153780    0.13344869  0.00000000
    1    2
  0.00543306  0.01939790   -0.00488405 -0.01618809   -0.11395428  0.01724619
 -0.00488405 -0.01618809    0.00983785  0.02191192   -0.00488405 -0.01618809
 -0.11395428  0.01724619   -0.00488405 -0.01618809    0.00543306  0.01939790
    2    1
  0.00543306 -0.01939790   -0.00488405  0.01618809   -0.11395428 -0.01724619
 -0.00488405  0.01618809    0.00983785 -0.02191192   -0.00488405  0.01618809
 -0.11395428 -0.01724619   -0.00488405  0.01618809    0.00543306 -0.01939790
    2    2
  0.13344869  0.00000000   -0.00004862  0.00153780    0.00073395  0.00000000
 -0.00004862 -0.00153780    0.17572637  0.00000000   -0.00004862 -0.00153780
  0.00073395  0.00000000   -0.00004862  0.00153780    0.13344869  0.00000000

     Dynamical  Matrix in cartesian axes

     q = (    0.900000000  -0.100000000  -0.900000000 ) 

    1    1
  0.13344869  0.00000000    0.00004862 -0.00153780   -0.00073395  0.00000000
  0.00004862  0.00153780    0.17572637  0.00000000   -0.00004862 -0.00153780
 -0.00073395  0.00000000   -0.00004862  0.00153780    0.13344869  0.00000000
    1    2
 -0.00543306  0.01939790   -0.00488405  0.01618809   -0.11395428 -0.01724619
 -0.00488405  0.01618809   -0.00983785  0.02191192    0.00488405 -0.01618809
 -0.11395428 -0.01724619    0.00488405 -0.01618809   -0.00543306  0.01939790
    2    1
 -0.00543306 -0.01939790   -0.00488405 -0.01618809   -0.11395428  0.01724619
 -0.00488405 -0.01618809   -0.00983785 -0.02191192    0.00488405  0.01618809
 -0.11395428  0.01724619    0.00488405  0.01618809   -0.00543306 -0.01939790
    2    2
  0.13344869  0.00000000    0.00004862  0.00153780   -0.00073395  0.00000000
  0.00004862 -0.00153780    0.17572637  0.00000000   -0.00004862  0.00153780
 -0.00073395  0.00000000   -0.00004862 -0.00153780    0.13344869  0.00000000

     Dynamical  Matrix in cartesian axes

     q = (   -0.900000000   0.100000000  -0.900000000 ) 

    1    1
  0.13344869  0.00000000    0.00004862 -0.00153780    0.00073395  0.00000000
  0.00004862  0.00153780    0.17572637  0.00000000    0.00004862  0.00153780
  0.00073395  0.00000000    0.00004862 -0.00153780    0.13344869  0.00000000
    1    2
 -0.00700636 -0.01888670   -0.00556384 -0.01596721   -0.10232800  0.05302819
 -0.00556384 -0.01596721   -0.00492051 -0.02350966   -0.00556384 -0.01596721
 -0.10232800  0.05302819   -0.00556384 -0.01596721   -0.00700636 -0.01888670
    2    1
 -0.00700636  0.01888670   -0.00556384  0.01596721   -0.10232800 -0.05302819
 -0.00556384  0.01596721   -0.00492051  0.02350966   -0.00556384  0.01596721
 -0.10232800 -0.05302819   -0.00556384  0.01596721   -0.00700636  0.01888670
    2    2
  0.13344869  0.00000000    0.00004862  0.00153780    0.00073395  0.00000000
  0.00004862 -0.00153780    0.17572637  0.00000000    0.00004862 -0.00153780
  0.00073395  0.00000000    0.00004862  0.00153780    0.13344869  0.00000000

     Dynamical  Matrix in cartesian axes

     q = (   -0.900000000   0.100000000   0.900000000 ) 

    1    1
  0.13344869  0.00000000    0.00004862  0.00153780   -0.00073395  0.00000000
  0.00004862 -0.00153780    0.17572637  0.00000000   -0.00004862  0.00153780
 -0.00073395  0.00000000   -0.00004862 -0.00153780    0.13344869  0.00000000
    1    2
 -0.00543306 -0.01939790   -0.00488405 -0.01618809   -0.11395428  0.01724619
 -0.00488405 -0.01618809   -0.00983785 -0.02191192    0.00488405  0.01618809
 -0.11395428  0.01724619    0.00488405  0.01618809   -0.00543306 -0.01939790
    2    1
 -0.00543306  0.01939790   -0.00488405  0.01618809   -0.11395428 -0.01724619
 -0.00488405  0.01618809   -0.00983785  0.02191192    0.00488405 -0.01618809
 -0.11395428 -0.01724619    0.00488405 -0.01618809   -0.00543306  0.01939790
    2    2
  0.13344869  0.00000000    0.00004862 -0.00153780   -0.00073395  0.00000000
  0.00004862  0.00153780    0.17572637  0.00000000   -0.00004862 -0.00153780
 -0.00073395  0.00000000   -0.00004862  0.00153780    0.13344869  0.00000000

     Dynamical  Matrix in cartesian axes

     q = (    0.900000000   0.100000000  -0.900000000 ) 

    1    1
  0.13344869  0.00000000   -0.00004862 -0.00153780   -0.00073395  0.00000000
 -0.00004862  0.00153780    0.17572637  0.00000000    0.00004862 -0.00153780
 -0.00073395  0.00000000    0.00004862  0.00153780    0.13344869  0.00000000
    1    2
 -0.00543306 -0.01939790    0.00488405  0.01618809   -0.11395428  0.01724619
  0.00488405  0.01618809   -0.00983785 -0.02191192   -0.00488405 -0.01618809
 -0.11395428  0.01724619   -0.00488405 -0.01618809   -0.00543306 -0.01939790
    2    1
 -0.00543306  0.01939790    0.00488405 -0.01618809   -0.11395428 -0.01724619
  0.00488405 -0.01618809   -0.00983785  0.02191192   -0.00488405  0.01618809
 -0.11395428 -0.01724619   -0.00488405  0.01618809   -0.00543306  0.01939790
    2    2
  0.13344869  0.00000000   -0.00004862  0.00153780   -0.00073395  0.00000000
 -0.00004862 -0.00153780    0.17572637  0.00000000    0.00004862  0.00153780
 -0.00073395  0.00000000    0.00004862 -0.00153780    0.13344869  0.00000000

     Dynamical  Matrix in cartesian axes

     q = (    0.900000000   0.100000000   0.900000000 ) 

    1    1
  0.13344869  0.00000000   -0.00004862  0.00153780    0.00073395  0.00000000
 -0.00004862 -0.00153780    0.17572637  0.00000000   -0.00004862 -0.00153780
  0.00073395  0.00000000   -0.00004862  0.00153780    0.13344869  0.00000000
    1    2
  0.00543306 -0.01939790   -0.00488405  0.01618809   -0.11395428 -0.01724619
 -0.00488405  0.01618809    0.00983785 -0.02191192   -0.00488405  0.01618809
 -0.11395428 -0.01724619   -0.00488405  0.01618809    0.00543306 -0.01939790
    2    1
  0.00543306  0.01939790   -0.00488405 -0.01618809   -0.11395428  0.01724619
 -0.00488405 -0.01618809    0.00983785  0.02191192   -0.00488405 -0.01618809
 -0.11395428  0.01724619   -0.00488405 -0.01618809    0.00543306  0.01939790
    2    2
  0.13344869  0.00000000   -0.00004862 -0.00153780    0.00073395  0.00000000
 -0.00004862  0.00153780    0.17572637  0.00000000   -0.00004862  0.00153780
  0.00073395  0.00000000   -0.00004862 -0.00153780    0.13344869  0.00000000

     Dynamical  Matrix in cartesian axes

     q = (   -0.100000000   0.900000000   0.900000000 ) 

    1    1
  0.17572637  0.00000000    0.00004862 -0.00153780    0.00004862 -0.00153780
  0.00004862  0.00153780    0.13344869  0.00000000    0.00073395  0.00000000
  0.00004862  0.00153780    0.00073395  0.00000000    0.13344869  0.00000000
    1    2
 -0.00492051  0.02350966   -0.00556384  0.01596721   -0.00556384  0.01596721
 -0.00556384  0.01596721   -0.00700636  0.01888670   -0.10232800 -0.05302819
 -0.00556384  0.01596721   -0.10232800 -0.05302819   -0.00700636  0.01888670
    2    1
 -0.00492051 -0.02350966   -0.00556384 -0.01596721   -0.00556384 -0.01596721
 -0.00556384 -0.01596721   -0.00700636 -0.01888670   -0.10232800  0.05302819
 -0.00556384 -0.01596721   -0.10232800  0.05302819   -0.00700636 -0.01888670
    2    2
  0.17572637  0.00000000    0.00004862  0.00153780    0.00004862  0.00153780
  0.00004862 -0.00153780    0.13344869  0.00000000    0.00073395  0.00000000
  0.00004862 -0.00153780    0.00073395  0.00000000    0.13344869  0.00000000

     Dynamical  Matrix in cartesian axes

     q = (    0.100000000   0.900000000  -0.900000000 ) 

    1    1
  0.17572637  0.00000000   -0.00004862  0.00153780    0.00004862 -0.00153780
 -0.00004862 -0.00153780    0.13344869  0.00000000   -0.00073395  0.00000000
  0.00004862  0.00153780   -0.00073395  0.00000000    0.13344869  0.00000000
    1    2
 -0.00983785 -0.02191192    0.00488405  0.01618809   -0.00488405 -0.01618809
  0.00488405  0.01618809   -0.00543306 -0.01939790   -0.11395428  0.01724619
 -0.00488405 -0.01618809   -0.11395428  0.01724619   -0.00543306 -0.01939790
    2    1
 -0.00983785  0.02191192    0.00488405 -0.01618809   -0.00488405  0.01618809
  0.00488405 -0.01618809   -0.00543306  0.01939790   -0.11395428 -0.01724619
 -0.00488405  0.01618809   -0.11395428 -0.01724619   -0.00543306  0.01939790
    2    2
  0.17572637  0.00000000   -0.00004862 -0.00153780    0.00004862  0.00153780
 -0.00004862  0.00153780    0.13344869  0.00000000   -0.00073395  0.00000000
  0.00004862 -0.00153780   -0.00073395  0.00000000    0.13344869  0.00000000

     Dynamical  Matrix in cartesian axes

     q = (   -0.100000000  -0.900000000  -0.900000000 ) 

    1    1
  0.17572637  0.00000000   -0.00004862  0.00153780   -0.00004862  0.00153780
 -0.00004862 -0.00153780    0.13344869  0.00000000    0.00073395  0.00000000
 -0.00004862 -0.00153780    0.00073395  0.00000000    0.13344869  0.00000000
    1    2
  0.00983785  0.02191192   -0.00488405 -0.01618809   -0.00488405 -0.01618809
 -0.00488405 -0.01618809    0.00543306  0.01939790   -0.11395428  0.01724619
 -0.00488405 -0.01618809   -0.11395428  0.01724619    0.00543306  0.01939790
    2    1
  0.00983785 -0.02191192   -0.00488405  0.01618809   -0.00488405  0.01618809
 -0.00488405  0.01618809    0.00543306 -0.01939790   -0.11395428 -0.01724619
 -0.00488405  0.01618809   -0.11395428 -0.01724619    0.00543306 -0.01939790
    2    2
  0.17572637  0.00000000   -0.00004862 -0.00153780   -0.00004862 -0.00153780
 -0.00004862  0.00153780    0.13344869  0.00000000    0.00073395  0.00000000
 -0.00004862  0.00153780    0.00073395  0.00000000    0.13344869  0.00000000

     Dynamical  Matrix in cartesian axes

     q = (   -0.100000000   0.900000000  -0.900000000 ) 

    1    1
  0.17572637  0.00000000    0.00004862  0.00153780   -0.00004862 -0.00153780
  0.00004862 -0.00153780    0.13344869  0.00000000   -0.00073395  0.00000000
 -0.00004862  0.00153780   -0.00073395  0.00000000    0.13344869  0.00000000
    1    2
 -0.00983785  0.02191192   -0.00488405  0.01618809    0.00488405 -0.01618809
 -0.00488405  0.01618809   -0.00543306  0.01939790   -0.11395428 -0.01724619
  0.00488405 -0.01618809   -0.11395428 -0.01724619   -0.00543306  0.01939790
    2    1
 -0.00983785 -0.02191192   -0.00488405 -0.01618809    0.00488405  0.01618809
 -0.00488405 -0.01618809   -0.00543306 -0.01939790   -0.11395428  0.01724619
  0.00488405  0.01618809   -0.11395428  0.01724619   -0.00543306 -0.01939790
    2    2
  0.17572637  0.00000000    0.00004862 -0.00153780   -0.00004862  0.00153780
  0.00004862  0.00153780    0.13344869  0.00000000   -0.00073395  0.00000000
 -0.00004862 -0.00153780   -0.00073395  0.00000000    0.13344869  0.00000000

     Dynamical  Matrix in cartesian axes

     q = (    0.900000000   0.900000000  -0.100000000 ) 

    1    1
  0.13344869  0.00000000    0.00073395  0.00000000    0.00004862  0.00153780
  0.00073395  0.00000000    0.13344869  0.00000000    0.00004862  0.00153780
  0.00004862 -0.00153780    0.00004862 -0.00153780    0.17572637  0.00000000
    1    2
 -0.00700636  0.01888670   -0.10232800 -0.05302819   -0.00556384  0.01596721
 -0.10232800 -0.05302819   -0.00700636  0.01888670   -0.00556384  0.01596721
 -0.00556384  0.01596721   -0.00556384  0.01596721   -0.00492051  0.02350966
    2    1
 -0.00700636 -0.01888670   -0.10232800  0.05302819   -0.00556384 -0.01596721
 -0.10232800  0.05302819   -0.00700636 -0.01888670   -0.00556384 -0.01596721
 -0.00556384 -0.01596721   -0.00556384 -0.01596721   -0.00492051 -0.02350966
    2    2
  0.13344869  0.00000000    0.00073395  0.00000000    0.00004862 -0.00153780
  0.00073395  0.00000000    0.13344869  0.00000000    0.00004862 -0.00153780
  0.00004862  0.00153780    0.00004862  0.00153780    0.17572637  0.00000000

     Dynamical  Matrix in cartesian axes

     q = (    0.900000000  -0.900000000   0.100000000 ) 

    1    1
  0.13344869  0.00000000   -0.00073395  0.00000000   -0.00004862 -0.00153780
 -0.00073395  0.00000000    0.13344869  0.00000000    0.00004862  0.00153780
 -0.00004862  0.00153780    0.00004862 -0.00153780    0.17572637  0.00000000
    1    2
 -0.00543306 -0.01939790   -0.11395428  0.01724619    0.00488405  0.01618809
 -0.11395428  0.01724619   -0.00543306 -0.01939790   -0.00488405 -0.01618809
  0.00488405  0.01618809   -0.00488405 -0.01618809   -0.00983785 -0.02191192
    2    1
 -0.00543306  0.01939790   -0.11395428 -0.01724619    0.00488405 -0.01618809
 -0.11395428 -0.01724619   -0.00543306  0.01939790   -0.00488405  0.01618809
  0.00488405 -0.01618809   -0.00488405  0.01618809   -0.00983785  0.02191192
    2    2
  0.13344869  0.00000000   -0.00073395  0.00000000   -0.00004862  0.00153780
 -0.00073395  0.00000000    0.13344869  0.00000000    0.00004862 -0.00153780
 -0.00004862 -0.00153780    0.00004862  0.00153780    0.17572637  0.00000000

     Dynamical  Matrix in cartesian axes

     q = (   -0.900000000  -0.900000000  -0.100000000 ) 

    1    1
  0.13344869  0.00000000    0.00073395  0.00000000   -0.00004862 -0.00153780
  0.00073395  0.00000000    0.13344869  0.00000000   -0.00004862 -0.00153780
 -0.00004862  0.00153780   -0.00004862  0.00153780    0.17572637  0.00000000
    1    2
  0.00543306  0.01939790   -0.11395428  0.01724619   -0.00488405 -0.01618809
 -0.11395428  0.01724619    0.00543306  0.01939790   -0.00488405 -0.01618809
 -0.00488405 -0.01618809   -0.00488405 -0.01618809    0.00983785  0.02191192
    2    1
  0.00543306 -0.01939790   -0.11395428 -0.01724619   -0.00488405  0.01618809
 -0.11395428 -0.01724619    0.00543306 -0.01939790   -0.00488405  0.01618809
 -0.00488405  0.01618809   -0.00488405  0.01618809    0.00983785 -0.02191192
    2    2
  0.13344869  0.00000000    0.00073395  0.00000000   -0.00004862  0.00153780
  0.00073395  0.00000000    0.13344869  0.00000000   -0.00004862  0.00153780
 -0.00004862 -0.00153780   -0.00004862 -0.00153780    0.17572637  0.00000000

     Dynamical  Matrix in cartesian axes

     q = (   -0.900000000   0.900000000   0.100000000 ) 

    1    1
  0.13344869  0.00000000   -0.00073395  0.00000000    0.00004862  0.00153780
 -0.00073395  0.00000000    0.13344869  0.00000000   -0.00004862 -0.00153780
  0.00004862 -0.00153780   -0.00004862  0.00153780    0.17572637  0.00000000
    1    2
 -0.00543306 -0.01939790   -0.11395428  0.01724619   -0.00488405 -0.01618809
 -0.11395428  0.01724619   -0.00543306 -0.01939790    0.00488405  0.01618809
 -0.00488405 -0.01618809    0.00488405  0.01618809   -0.00983785 -0.02191192
    2    1
 -0.00543306  0.01939790   -0.11395428 -0.01724619   -0.00488405  0.01618809
 -0.11395428 -0.01724619   -0.00543306  0.01939790    0.00488405 -0.01618809
 -0.00488405  0.01618809    0.00488405 -0.01618809   -0.00983785  0.02191192
    2    2
  0.13344869  0.00000000   -0.00073395  0.00000000    0.00004862 -0.00153780
 -0.00073395  0.00000000    0.13344869  0.00000000   -0.00004862  0.00153780
  0.00004862  0.00153780   -0.00004862 -0.00153780    0.17572637  0.00000000

     Dynamical  Matrix in cartesian axes

     q = (    0.100000000  -0.900000000   0.900000000 ) 

    1    1
  0.17572637  0.00000000    0.00004862 -0.00153780   -0.00004862  0.00153780
  0.00004862  0.00153780    0.13344869  0.00000000   -0.00073395  0.00000000
 -0.00004862 -0.00153780   -0.00073395  0.00000000    0.13344869  0.00000000
    1    2
 -0.00983785 -0.02191192   -0.00488405 -0.01618809    0.00488405  0.01618809
 -0.00488405 -0.01618809   -0.00543306 -0.01939790   -0.11395428  0.01724619
  0.00488405  0.01618809   -0.11395428  0.01724619   -0.00543306 -0.01939790
    2    1
 -0.00983785  0.02191192   -0.00488405  0.01618809    0.00488405 -0.01618809
 -0.00488405  0.01618809   -0.00543306  0.01939790   -0.11395428 -0.01724619
  0.00488405 -0.01618809   -0.11395428 -0.01724619   -0.00543306  0.01939790
    2    2
  0.17572637  0.00000000    0.00004862  0.00153780   -0.00004862 -0.00153780
  0.00004862 -0.00153780    0.13344869  0.00000000   -0.00073395  0.00000000
 -0.00004862  0.00153780   -0.00073395  0.00000000    0.13344869  0.00000000

     Dynamical  Matrix in cartesian axes

     q = (   -0.900000000   0.900000000  -0.100000000 ) 

    1    1
  0.13344869  0.00000000   -0.00073395  0.00000000   -0.00004862  0.00153780
 -0.00073395  0.00000000    0.13344869  0.00000000    0.00004862 -0.00153780
 -0.00004862 -0.00153780    0.00004862  0.00153780    0.17572637  0.00000000
    1    2
 -0.00543306  0.01939790   -0.11395428 -0.01724619    0.00488405 -0.01618809
 -0.11395428 -0.01724619   -0.00543306  0.01939790   -0.00488405  0.01618809
  0.00488405 -0.01618809   -0.00488405  0.01618809   -0.00983785  0.02191192
    2    1
 -0.00543306 -0.01939790   -0.11395428  0.01724619    0.00488405  0.01618809
 -0.11395428  0.01724619   -0.00543306 -0.01939790   -0.00488405 -0.01618809
  0.00488405  0.01618809   -0.00488405 -0.01618809   -0.00983785 -0.02191192
    2    2
  0.13344869  0.00000000   -0.00073395  0.00000000   -0.00004862 -0.00153780
 -0.00073395  0.00000000    0.13344869  0.00000000    0.00004862  0.00153780
 -0.00004862  0.00153780    0.00004862 -0.00153780    0.17572637  0.00000000

     Dynamical  Matrix in cartesian axes

     q = (    0.100000000   0.900000000   0.900000000 ) 

    1    1
  0.17572637  0.00000000   -0.00004862 -0.00153780   -0.00004862 -0.00153780
 -0.00004862  0.00153780    0.13344869  0.00000000    0.00073395  0.00000000
 -0.00004862  0.00153780    0.00073395  0.00000000    0.13344869  0.00000000
    1    2
  0.00983785 -0.02191192   -0.00488405  0.01618809   -0.00488405  0.01618809
 -0.00488405  0.01618809    0.00543306 -0.01939790   -0.11395428 -0.01724619
 -0.00488405  0.01618809   -0.11395428 -0.01724619    0.00543306 -0.01939790
    2    1
  0.00983785  0.02191192   -0.00488405 -0.01618809   -0.00488405 -0.01618809
 -0.00488405 -0.01618809    0.00543306  0.01939790   -0.11395428  0.01724619
 -0.00488405 -0.01618809   -0.11395428  0.01724619    0.00543306  0.01939790
    2    2
  0.17572637  0.00000000   -0.00004862  0.00153780   -0.00004862  0.00153780
 -0.00004862 -0.00153780    0.13344869  0.00000000    0.00073395  0.00000000
 -0.00004862 -0.00153780    0.00073395  0.00000000    0.13344869  0.00000000

     Dynamical  Matrix in cartesian axes

     q = (   -0.100000000  -0.900000000   0.900000000 ) 

    1    1
  0.17572637  0.00000000   -0.00004862 -0.00153780    0.00004862  0.00153780
 -0.00004862  0.00153780    0.13344869  0.00000000   -0.00073395  0.00000000
  0.00004862 -0.00153780   -0.00073395  0.00000000    0.13344869  0.00000000
    1    2
 -0.00983785  0.02191192    0.00488405 -0.01618809   -0.00488405  0.01618809
  0.00488405 -0.01618809   -0.00543306  0.01939790   -0.11395428 -0.01724619
 -0.00488405  0.01618809   -0.11395428 -0.01724619   -0.00543306  0.01939790
    2    1
 -0.00983785 -0.02191192    0.00488405  0.01618809   -0.00488405 -0.01618809
  0.00488405  0.01618809   -0.00543306 -0.01939790   -0.11395428  0.01724619
 -0.00488405 -0.01618809   -0.11395428  0.01724619   -0.00543306 -0.01939790
    2    2
  0.17572637  0.00000000   -0.00004862  0.00153780    0.00004862 -0.00153780
 -0.00004862 -0.00153780    0.13344869  0.00000000   -0.00073395  0.00000000
  0.00004862  0.00153780   -0.00073395  0.00000000    0.13344869  0.00000000

     Dynamical  Matrix in cartesian axes

     q = (   -0.900000000  -0.900000000   0.100000000 ) 

    1    1
  0.13344869  0.00000000    0.00073395  0.00000000    0.00004862 -0.00153780
  0.00073395  0.00000000    0.13344869  0.00000000    0.00004862 -0.00153780
  0.00004862  0.00153780    0.00004862  0.00153780    0.17572637  0.00000000
    1    2
 -0.00700636 -0.01888670   -0.10232800  0.05302819   -0.00556384 -0.01596721
 -0.10232800  0.05302819   -0.00700636 -0.01888670   -0.00556384 -0.01596721
 -0.00556384 -0.01596721   -0.00556384 -0.01596721   -0.00492051 -0.02350966
    2    1
 -0.00700636  0.01888670   -0.10232800 -0.05302819   -0.00556384  0.01596721
 -0.10232800 -0.05302819   -0.00700636  0.01888670   -0.00556384  0.01596721
 -0.00556384  0.01596721   -0.00556384  0.01596721   -0.00492051  0.02350966
    2    2
  0.13344869  0.00000000    0.00073395  0.00000000    0.00004862  0.00153780
  0.00073395  0.00000000    0.13344869  0.00000000    0.00004862  0.00153780
  0.00004862 -0.00153780    0.00004862 -0.00153780    0.17572637  0.00000000

     Dynamical  Matrix in cartesian axes

     q = (    0.900000000   0.900000000   0.100000000 ) 

    1    1
  0.13344869  0.00000000    0.00073395  0.00000000   -0.00004862  0.00153780
  0.00073395  0.00000000    0.13344869  0.00000000   -0.00004862  0.00153780
 -0.00004862 -0.00153780   -0.00004862 -0.00153780    0.17572637  0.00000000
    1    2
  0.00543306 -0.01939790   -0.11395428 -0.01724619   -0.00488405  0.01618809
 -0.11395428 -0.01724619    0.00543306 -0.01939790   -0.00488405  0.01618809
 -0.00488405  0.01618809   -0.00488405  0.01618809    0.00983785 -0.02191192
    2    1
  0.00543306  0.01939790   -0.11395428  0.01724619   -0.00488405 -0.01618809
 -0.11395428  0.01724619    0.00543306  0.01939790   -0.00488405 -0.01618809
 -0.00488405 -0.01618809   -0.00488405 -0.01618809    0.00983785  0.02191192
    2    2
  0.13344869  0.00000000    0.00073395  0.00000000   -0.00004862 -0.00153780
  0.00073395  0.00000000    0.13344869  0.00000000   -0.00004862 -0.00153780
 -0.00004862  0.00153780   -0.00004862  0.00153780    0.17572637  0.00000000

     Dynamical  Matrix in cartesian axes

     q = (    0.100000000  -0.900000000  -0.900000000 ) 

    1    1
  0.17572637  0.00000000    0.00004862  0.00153780    0.00004862  0.00153780
  0.00004862 -0.00153780    0.13344869  0.00000000    0.00073395  0.00000000
  0.00004862 -0.00153780    0.00073395  0.00000000    0.13344869  0.00000000
    1    2
 -0.00492051 -0.02350966   -0.00556384 -0.01596721   -0.00556384 -0.01596721
 -0.00556384 -0.01596721   -0.00700636 -0.01888670   -0.10232800  0.05302819
 -0.00556384 -0.01596721   -0.10232800  0.05302819   -0.00700636 -0.01888670
    2    1
 -0.00492051  0.02350966   -0.00556384  0.01596721   -0.00556384  0.01596721
 -0.00556384  0.01596721   -0.00700636  0.01888670   -0.10232800 -0.05302819
 -0.00556384  0.01596721   -0.10232800 -0.05302819   -0.00700636  0.01888670
    2    2
  0.17572637  0.00000000    0.00004862 -0.00153780    0.00004862 -0.00153780
  0.00004862  0.00153780    0.13344869  0.00000000    0.00073395  0.00000000
  0.00004862  0.00153780    0.00073395  0.00000000    0.13344869  0.00000000

     Dynamical  Matrix in cartesian axes

     q = (    0.900000000  -0.900000000  -0.100000000 ) 

    1    1
  0.13344869  0.00000000   -0.00073395  0.00000000    0.00004862 -0.00153780
 -0.00073395  0.00000000    0.13344869  0.00000000   -0.00004862  0.00153780
  0.00004862  0.00153780   -0.00004862 -0.00153780    0.17572637  0.00000000
    1    2
 -0.00543306  0.01939790   -0.11395428 -0.01724619   -0.00488405  0.01618809
 -0.11395428 -0.01724619   -0.00543306  0.01939790    0.00488405 -0.01618809
 -0.00488405  0.01618809    0.00488405 -0.01618809   -0.00983785  0.02191192
    2    1
 -0.00543306 -0.01939790   -0.11395428  0.01724619   -0.00488405 -0.01618809
 -0.11395428  0.01724619   -0.00543306 -0.01939790    0.00488405  0.01618809
 -0.00488405 -0.01618809    0.00488405  0.01618809   -0.00983785 -0.02191192
    2    2
  0.13344869  0.00000000   -0.00073395  0.00000000    0.00004862  0.00153780
 -0.00073395  0.00000000    0.13344869  0.00000000   -0.00004862 -0.00153780
  0.00004862 -0.00153780   -0.00004862  0.00153780    0.17572637  0.00000000

     Diagonalizing the dynamical matrix

     q = (    0.900000000  -0.100000000   0.900000000 ) 

 **************************************************************************
     freq (    1) =       1.153780 [THz] =      38.485950 [cm-1]
 (  0.399147  0.301134  0.000000 -0.000000 -0.399147 -0.301134 ) 
 ( -0.500000  0.000000  0.000000  0.000000  0.500000  0.000000 ) 
     freq (    2) =       1.285864 [THz] =      42.891801 [cm-1]
 ( -0.473048 -0.145245 -0.046772  0.089843 -0.473048 -0.145245 ) 
 ( -0.494844  0.000000 -0.018341 -0.099614 -0.494844  0.000000 ) 
     freq (    3) =       3.877805 [THz] =     129.349666 [cm-1]
 (  0.078865 -0.075772  0.563087  0.398762  0.078865 -0.075772 ) 
 ( -0.109367 -0.000000 -0.129776  0.677669 -0.109367  0.000000 ) 
     freq (    4) =       4.414013 [THz] =     147.235618 [cm-1]
 (  0.098305  0.120719 -0.669891  0.052651  0.098305  0.120719 ) 
 ( -0.155682 -0.000000  0.382172  0.552694 -0.155682  0.000000 ) 
     freq (    5) =       5.021937 [THz] =     167.513780 [cm-1]
 ( -0.399147 -0.301134  0.000000 -0.000000  0.399147  0.301134 ) 
 ( -0.500000  0.000000 -0.000000 -0.000000  0.500000  0.000000 ) 
     freq (    6) =       5.081969 [THz] =     169.516230 [cm-1]
 ( -0.449144 -0.131153 -0.140739  0.205741 -0.449144 -0.131153 ) 
 (  0.467901 -0.000000  0.077427  0.236943  0.467901  0.000000 ) 
 **************************************************************************
