Dynamical matrix file
                                                                           
  1    2  2 12.5600000  0.0000000  0.0000000  0.0000000  0.0000000  0.0000000
           1  'Sn  '    108197.54598352207     
    1    1      0.0000000000      0.0000000000      0.0000000000
    2    1      0.2500000000      0.2500000000      0.2500000000

     Dynamical  Matrix in cartesian axes

     q = (   -0.400000000   0.400000000  -0.400000000 ) 

    1    1
  0.15362623  0.00000000   -0.00754137  0.00000000    0.00754137  0.00000000
 -0.00754137  0.00000000    0.15362623  0.00000000   -0.00754137  0.00000000
  0.00754137  0.00000000   -0.00754137  0.00000000    0.15362623  0.00000000
    1    2
 -0.08654828 -0.01852086   -0.04588804  0.01545718    0.04588804 -0.01545718
 -0.04588804  0.01545718   -0.08654828 -0.01852086   -0.04588804  0.01545718
  0.04588804 -0.01545718   -0.04588804  0.01545718   -0.08654828 -0.01852086
    2    1
 -0.08654828  0.01852086   -0.04588804 -0.01545718    0.04588804  0.01545718
 -0.04588804 -0.01545718   -0.08654828  0.01852086   -0.04588804 -0.01545718
  0.04588804  0.01545718   -0.04588804 -0.01545718   -0.08654828  0.01852086
    2    2
  0.15362623  0.00000000   -0.00754137  0.00000000    0.00754137  0.00000000
 -0.00754137  0.00000000    0.15362623  0.00000000   -0.00754137  0.00000000
  0.00754137  0.00000000   -0.00754137  0.00000000    0.15362623  0.00000000

     Dynamical  Matrix in cartesian axes

     q = (   -0.400000000   0.400000000   0.400000000 ) 

    1    1
  0.15362623  0.00000000   -0.00754137  0.00000000   -0.00754137  0.00000000
 -0.00754137  0.00000000    0.15362623  0.00000000    0.00754137  0.00000000
 -0.00754137  0.00000000    0.00754137  0.00000000    0.15362623  0.00000000
    1    2
 -0.08654828  0.01852086   -0.04588804 -0.01545718   -0.04588804 -0.01545718
 -0.04588804 -0.01545718   -0.08654828  0.01852086    0.04588804  0.01545718
 -0.04588804 -0.01545718    0.04588804  0.01545718   -0.08654828  0.01852086
    2    1
 -0.08654828 -0.01852086   -0.04588804  0.01545718   -0.04588804  0.01545718
 -0.04588804  0.01545718   -0.08654828 -0.01852086    0.04588804 -0.01545718
 -0.04588804  0.01545718    0.04588804 -0.01545718   -0.08654828 -0.01852086
    2    2
  0.15362623  0.00000000   -0.00754137  0.00000000   -0.00754137  0.00000000
 -0.00754137  0.00000000    0.15362623  0.00000000    0.00754137  0.00000000
 -0.00754137  0.00000000    0.00754137  0.00000000    0.15362623  0.00000000

     Dynamical  Matrix in cartesian axes

     q = (    0.400000000   0.400000000  -0.400000000 ) 

    1    1
  0.15362623  0.00000000    0.00754137  0.00000000   -0.00754137  0.00000000
  0.00754137  0.00000000    0.15362623  0.00000000   -0.00754137  0.00000000
 -0.00754137  0.00000000   -0.00754137  0.00000000    0.15362623  0.00000000
    1    2
 -0.08654828  0.01852086    0.04588804  0.01545718   -0.04588804 -0.01545718
  0.04588804  0.01545718   -0.08654828  0.01852086   -0.04588804 -0.01545718
 -0.04588804 -0.01545718   -0.04588804 -0.01545718   -0.08654828  0.01852086
    2    1
 -0.08654828 -0.01852086    0.04588804 -0.01545718   -0.04588804  0.01545718
  0.04588804 -0.01545718   -0.08654828 -0.01852086   -0.04588804  0.01545718
 -0.04588804  0.01545718   -0.04588804  0.01545718   -0.08654828 -0.01852086
    2    2
  0.15362623  0.00000000    0.00754137  0.00000000   -0.00754137  0.00000000
  0.00754137  0.00000000    0.15362623  0.00000000   -0.00754137  0.00000000
 -0.00754137  0.00000000   -0.00754137  0.00000000    0.15362623  0.00000000

     Dynamical  Matrix in cartesian axes

     q = (    0.400000000  -0.400000000   0.400000000 ) 

    1    1
  0.15362623  0.00000000   -0.00754137  0.00000000    0.00754137  0.00000000
 -0.00754137  0.00000000    0.15362623  0.00000000   -0.00754137  0.00000000
  0.00754137  0.00000000   -0.00754137  0.00000000    0.15362623  0.00000000
    1    2
 -0.08654828  0.01852086   -0.04588804 -0.01545718    0.04588804  0.01545718
 -0.04588804 -0.01545718   -0.08654828  0.01852086   -0.04588804 -0.01545718
  0.04588804  0.01545718   -0.04588804 -0.01545718   -0.08654828  0.01852086
    2    1
 -0.08654828 -0.01852086   -0.04588804  0.01545718    0.04588804 -0.01545718
 -0.04588804  0.01545718   -0.08654828 -0.01852086   -0.04588804  0.01545718
  0.04588804 -0.01545718   -0.04588804  0.01545718   -0.08654828 -0.01852086
    2    2
  0.15362623  0.00000000   -0.00754137  0.00000000    0.00754137  0.00000000
 -0.00754137  0.00000000    0.15362623  0.00000000   -0.00754137  0.00000000
  0.00754137  0.00000000   -0.00754137  0.00000000    0.15362623  0.00000000

     Dynamical  Matrix in cartesian axes

     q = (    0.400000000  -0.400000000  -0.400000000 ) 

    1    1
  0.15362623  0.00000000   -0.00754137  0.00000000   -0.00754137  0.00000000
 -0.00754137  0.00000000    0.15362623  0.00000000    0.00754137  0.00000000
 -0.00754137  0.00000000    0.00754137  0.00000000    0.15362623  0.00000000
    1    2
 -0.08654828 -0.01852086   -0.04588804  0.01545718   -0.04588804  0.01545718
 -0.04588804  0.01545718   -0.08654828 -0.01852086    0.04588804 -0.01545718
 -0.04588804  0.01545718    0.04588804 -0.01545718   -0.08654828 -0.01852086
    2    1
 -0.08654828  0.01852086   -0.04588804 -0.01545718   -0.04588804 -0.01545718
 -0.04588804 -0.01545718   -0.08654828  0.01852086    0.04588804  0.01545718
 -0.04588804 -0.01545718    0.04588804  0.01545718   -0.08654828  0.01852086
    2    2
  0.15362623  0.00000000   -0.00754137  0.00000000   -0.00754137  0.00000000
 -0.00754137  0.00000000    0.15362623  0.00000000    0.00754137  0.00000000
 -0.00754137  0.00000000    0.00754137  0.00000000    0.15362623  0.00000000

     Dynamical  Matrix in cartesian axes

     q = (    0.400000000   0.400000000   0.400000000 ) 

    1    1
  0.15362623  0.00000000    0.00754137  0.00000000    0.00754137  0.00000000
  0.00754137  0.00000000    0.15362623  0.00000000    0.00754137  0.00000000
  0.00754137  0.00000000    0.00754137  0.00000000    0.15362623  0.00000000
    1    2
  0.05913274  0.06585549   -0.04620971 -0.01446719   -0.04620971 -0.01446719
 -0.04620971 -0.01446719    0.05913274  0.06585549   -0.04620971 -0.01446719
 -0.04620971 -0.01446719   -0.04620971 -0.01446719    0.05913274  0.06585549
    2    1
  0.05913274 -0.06585549   -0.04620971  0.01446719   -0.04620971  0.01446719
 -0.04620971  0.01446719    0.05913274 -0.06585549   -0.04620971  0.01446719
 -0.04620971  0.01446719   -0.04620971  0.01446719    0.05913274 -0.06585549
    2    2
  0.15362623  0.00000000    0.00754137  0.00000000    0.00754137  0.00000000
  0.00754137  0.00000000    0.15362623  0.00000000    0.00754137  0.00000000
  0.00754137  0.00000000    0.00754137  0.00000000    0.15362623  0.00000000

     Dynamical  Matrix in cartesian axes

     q = (   -0.400000000  -0.400000000  -0.400000000 ) 

    1    1
  0.15362623  0.00000000    0.00754137  0.00000000    0.00754137  0.00000000
  0.00754137  0.00000000    0.15362623  0.00000000    0.00754137  0.00000000
  0.00754137  0.00000000    0.00754137  0.00000000    0.15362623  0.00000000
    1    2
  0.05913274 -0.06585549   -0.04620971  0.01446719   -0.04620971  0.01446719
 -0.04620971  0.01446719    0.05913274 -0.06585549   -0.04620971  0.01446719
 -0.04620971  0.01446719   -0.04620971  0.01446719    0.05913274 -0.06585549
    2    1
  0.05913274  0.06585549   -0.04620971 -0.01446719   -0.04620971 -0.01446719
 -0.04620971 -0.01446719    0.05913274  0.06585549   -0.04620971 -0.01446719
 -0.04620971 -0.01446719   -0.04620971 -0.01446719    0.05913274  0.06585549
    2    2
  0.15362623  0.00000000    0.00754137  0.00000000    0.00754137  0.00000000
  0.00754137  0.00000000    0.15362623  0.00000000    0.00754137  0.00000000
  0.00754137  0.00000000    0.00754137  0.00000000    0.15362623  0.00000000

     Dynamical  Matrix in cartesian axes

     q = (   -0.400000000  -0.400000000   0.400000000 ) 

    1    1
  0.15362623  0.00000000    0.00754137  0.00000000   -0.00754137  0.00000000
  0.00754137  0.00000000    0.15362623  0.00000000   -0.00754137  0.00000000
 -0.00754137  0.00000000   -0.00754137  0.00000000    0.15362623  0.00000000
    1    2
 -0.08654828 -0.01852086    0.04588804 -0.01545718   -0.04588804  0.01545718
  0.04588804 -0.01545718   -0.08654828 -0.01852086   -0.04588804  0.01545718
 -0.04588804  0.01545718   -0.04588804  0.01545718   -0.08654828 -0.01852086
    2    1
 -0.08654828  0.01852086    0.04588804  0.01545718   -0.04588804 -0.01545718
  0.04588804  0.01545718   -0.08654828  0.01852086   -0.04588804 -0.01545718
 -0.04588804 -0.01545718   -0.04588804 -0.01545718   -0.08654828  0.01852086
    2    2
  0.15362623  0.00000000    0.00754137  0.00000000   -0.00754137  0.00000000
  0.00754137  0.00000000    0.15362623  0.00000000   -0.00754137  0.00000000
 -0.00754137  0.00000000   -0.00754137  0.00000000    0.15362623  0.00000000

     Diagonalizing the dynamical matrix

     q = (   -0.400000000   0.400000000  -0.400000000 ) 

 **************************************************************************
     freq (    1) =       1.166931 [THz] =      38.924628 [cm-1]
 (  0.450136 -0.023411  0.537363 -0.021393  0.087228  0.002018 ) 
 (  0.449474 -0.033815  0.536725 -0.033815  0.087251  0.000000 ) 
     freq (    2) =       1.166931 [THz] =      38.924628 [cm-1]
 ( -0.360767 -0.003175  0.209800  0.010024  0.570567  0.013199 ) 
 ( -0.360744  0.005170  0.209975  0.005170  0.570719  0.000000 ) 
     freq (    3) =       3.450137 [THz] =     115.084176 [cm-1]
 (  0.042933 -0.405985 -0.042933  0.405985  0.042933 -0.405985 ) 
 ( -0.408248  0.000000  0.408248 -0.000000 -0.408248  0.000000 ) 
     freq (    4) =       4.674255 [THz] =     155.916356 [cm-1]
 ( -0.042933  0.405985  0.042933 -0.405985 -0.042933  0.405985 ) 
 ( -0.408248 -0.000000  0.408248 -0.000000 -0.408248  0.000000 ) 
     freq (    5) =       5.278652 [THz] =     176.076894 [cm-1]
 ( -0.199333 -0.409974 -0.325316 -0.412888 -0.125983 -0.002914 ) 
 (  0.208761  0.405254  0.334778  0.405254  0.126017  0.000000 ) 
     freq (    6) =       5.278652 [THz] =     176.076894 [cm-1]
 ( -0.340311 -0.098536  0.222968 -0.085506  0.563279  0.013030 ) 
 (  0.342499  0.090639 -0.220931  0.090639 -0.563430  0.000000 ) 
 **************************************************************************
