Dynamical matrix file
                                                                           
  1    2  2 12.5600000  0.0000000  0.0000000  0.0000000  0.0000000  0.0000000
           1  'Sn  '    108197.54598352207     
    1    1      0.0000000000      0.0000000000      0.0000000000
    2    1      0.2500000000      0.2500000000      0.2500000000

     Dynamical  Matrix in cartesian axes

     q = (    0.500000000  -0.300000000   0.700000000 ) 

    1    1
  0.13742029 -0.00000000   -0.00330018  0.00061301    0.00330018  0.00061301
 -0.00330018 -0.00061301    0.14902382 -0.00000000   -0.00450380 -0.00232956
  0.00330018 -0.00061301   -0.00450380  0.00232956    0.14902382  0.00000000
    1    2
 -0.04569923  0.03320243   -0.06520881  0.00821645    0.02796494 -0.05947824
 -0.06520881  0.00821645   -0.04827579  0.03839175   -0.03751493  0.02725619
  0.02796494 -0.05947824   -0.03751493  0.02725619   -0.05143076  0.03404930
    2    1
 -0.04569923 -0.03320243   -0.06520881 -0.00821645    0.02796494  0.05947824
 -0.06520881 -0.00821645   -0.04827579 -0.03839175   -0.03751493 -0.02725619
  0.02796494  0.05947824   -0.03751493 -0.02725619   -0.05143076 -0.03404930
    2    2
  0.13742029  0.00000000   -0.00330018 -0.00061301    0.00330018 -0.00061301
 -0.00330018  0.00061301    0.14902382  0.00000000   -0.00450380  0.00232956
  0.00330018  0.00061301   -0.00450380 -0.00232956    0.14902382 -0.00000000

     Dynamical  Matrix in cartesian axes

     q = (    0.500000000   0.300000000  -0.700000000 ) 

    1    1
  0.13742029  0.00000000    0.00330018 -0.00061301   -0.00330018 -0.00061301
  0.00330018  0.00061301    0.14902382 -0.00000000   -0.00450380 -0.00232956
 -0.00330018  0.00061301   -0.00450380  0.00232956    0.14902382  0.00000000
    1    2
 -0.04569923 -0.03320243    0.02796494  0.05947824   -0.06520881 -0.00821645
  0.02796494  0.05947824   -0.05143076 -0.03404930   -0.03751493 -0.02725619
 -0.06520881 -0.00821645   -0.03751493 -0.02725619   -0.04827579 -0.03839175
    2    1
 -0.04569923  0.03320243    0.02796494 -0.05947824   -0.06520881  0.00821645
  0.02796494 -0.05947824   -0.05143076  0.03404930   -0.03751493  0.02725619
 -0.06520881  0.00821645   -0.03751493  0.02725619   -0.04827579  0.03839175
    2    2
  0.13742029 -0.00000000    0.00330018  0.00061301   -0.00330018  0.00061301
  0.00330018 -0.00061301    0.14902382  0.00000000   -0.00450380  0.00232956
 -0.00330018 -0.00061301   -0.00450380 -0.00232956    0.14902382 -0.00000000

     Dynamical  Matrix in cartesian axes

     q = (    0.500000000  -0.300000000  -0.700000000 ) 

    1    1
  0.13742029  0.00000000   -0.00330018 -0.00061301   -0.00330018  0.00061301
 -0.00330018  0.00061301    0.14902382  0.00000000    0.00450380 -0.00232956
 -0.00330018 -0.00061301    0.00450380  0.00232956    0.14902382 -0.00000000
    1    2
 -0.05648735  0.00000000   -0.05758455  0.03168153   -0.05758455 -0.03168153
 -0.05758455  0.03168153   -0.06162204 -0.00268378    0.04637100 -0.00000000
 -0.05758455 -0.03168153    0.04637100 -0.00000000   -0.06162204  0.00268378
    2    1
 -0.05648735 -0.00000000   -0.05758455 -0.03168153   -0.05758455  0.03168153
 -0.05758455 -0.03168153   -0.06162204  0.00268378    0.04637100  0.00000000
 -0.05758455  0.03168153    0.04637100  0.00000000   -0.06162204 -0.00268378
    2    2
  0.13742029  0.00000000   -0.00330018  0.00061301   -0.00330018 -0.00061301
 -0.00330018 -0.00061301    0.14902382 -0.00000000    0.00450380  0.00232956
 -0.00330018  0.00061301    0.00450380 -0.00232956    0.14902382  0.00000000

     Dynamical  Matrix in cartesian axes

     q = (   -0.500000000  -0.300000000   0.700000000 ) 

    1    1
  0.13742029 -0.00000000    0.00330018  0.00061301   -0.00330018  0.00061301
  0.00330018 -0.00061301    0.14902382  0.00000000   -0.00450380  0.00232956
 -0.00330018 -0.00061301   -0.00450380 -0.00232956    0.14902382 -0.00000000
    1    2
 -0.04569923  0.03320243    0.02796494 -0.05947824   -0.06520881  0.00821645
  0.02796494 -0.05947824   -0.05143076  0.03404930   -0.03751493  0.02725619
 -0.06520881  0.00821645   -0.03751493  0.02725619   -0.04827579  0.03839175
    2    1
 -0.04569923 -0.03320243    0.02796494  0.05947824   -0.06520881 -0.00821645
  0.02796494  0.05947824   -0.05143076 -0.03404930   -0.03751493 -0.02725619
 -0.06520881 -0.00821645   -0.03751493 -0.02725619   -0.04827579 -0.03839175
    2    2
  0.13742029  0.00000000    0.00330018 -0.00061301   -0.00330018 -0.00061301
  0.00330018  0.00061301    0.14902382 -0.00000000   -0.00450380 -0.00232956
 -0.00330018  0.00061301   -0.00450380  0.00232956    0.14902382  0.00000000

     Dynamical  Matrix in cartesian axes

     q = (   -0.700000000  -0.300000000  -0.500000000 ) 

    1    1
  0.14902382  0.00000000    0.00450380 -0.00232956    0.00330018 -0.00061301
  0.00450380  0.00232956    0.14902382 -0.00000000    0.00330018  0.00061301
  0.00330018  0.00061301    0.00330018 -0.00061301    0.13742029  0.00000000
    1    2
  0.06162204  0.00268378   -0.04637100  0.00000000   -0.05758455  0.03168153
 -0.04637100  0.00000000    0.06162204 -0.00268378   -0.05758455 -0.03168153
 -0.05758455  0.03168153   -0.05758455 -0.03168153    0.05648735 -0.00000000
    2    1
  0.06162204 -0.00268378   -0.04637100 -0.00000000   -0.05758455 -0.03168153
 -0.04637100 -0.00000000    0.06162204  0.00268378   -0.05758455  0.03168153
 -0.05758455 -0.03168153   -0.05758455  0.03168153    0.05648735  0.00000000
    2    2
  0.14902382 -0.00000000    0.00450380  0.00232956    0.00330018  0.00061301
  0.00450380 -0.00232956    0.14902382  0.00000000    0.00330018 -0.00061301
  0.00330018 -0.00061301    0.00330018  0.00061301    0.13742029  0.00000000

     Dynamical  Matrix in cartesian axes

     q = (    0.700000000  -0.300000000  -0.500000000 ) 

    1    1
  0.14902382 -0.00000000   -0.00450380 -0.00232956   -0.00330018 -0.00061301
 -0.00450380  0.00232956    0.14902382  0.00000000    0.00330018 -0.00061301
 -0.00330018  0.00061301    0.00330018  0.00061301    0.13742029  0.00000000
    1    2
 -0.04827579  0.03839175   -0.03751493  0.02725619   -0.06520881  0.00821645
 -0.03751493  0.02725619   -0.05143076  0.03404930    0.02796494 -0.05947824
 -0.06520881  0.00821645    0.02796494 -0.05947824   -0.04569923  0.03320243
    2    1
 -0.04827579 -0.03839175   -0.03751493 -0.02725619   -0.06520881 -0.00821645
 -0.03751493 -0.02725619   -0.05143076 -0.03404930    0.02796494  0.05947824
 -0.06520881 -0.00821645    0.02796494  0.05947824   -0.04569923 -0.03320243
    2    2
  0.14902382  0.00000000   -0.00450380  0.00232956   -0.00330018  0.00061301
 -0.00450380 -0.00232956    0.14902382 -0.00000000    0.00330018  0.00061301
 -0.00330018 -0.00061301    0.00330018 -0.00061301    0.13742029  0.00000000

     Dynamical  Matrix in cartesian axes

     q = (   -0.700000000  -0.300000000   0.500000000 ) 

    1    1
  0.14902382  0.00000000    0.00450380  0.00232956   -0.00330018 -0.00061301
  0.00450380 -0.00232956    0.14902382  0.00000000   -0.00330018  0.00061301
 -0.00330018  0.00061301   -0.00330018 -0.00061301    0.13742029  0.00000000
    1    2
 -0.06162204  0.00268378    0.04637100  0.00000000   -0.05758455 -0.03168153
  0.04637100  0.00000000   -0.06162204 -0.00268378   -0.05758455  0.03168153
 -0.05758455 -0.03168153   -0.05758455  0.03168153   -0.05648735 -0.00000000
    2    1
 -0.06162204 -0.00268378    0.04637100 -0.00000000   -0.05758455  0.03168153
  0.04637100 -0.00000000   -0.06162204  0.00268378   -0.05758455 -0.03168153
 -0.05758455  0.03168153   -0.05758455 -0.03168153   -0.05648735  0.00000000
    2    2
  0.14902382  0.00000000    0.00450380 -0.00232956   -0.00330018  0.00061301
  0.00450380  0.00232956    0.14902382 -0.00000000   -0.00330018 -0.00061301
 -0.00330018 -0.00061301   -0.00330018  0.00061301    0.13742029  0.00000000

     Dynamical  Matrix in cartesian axes

     q = (   -0.500000000   0.300000000  -0.700000000 ) 

    1    1
  0.13742029  0.00000000   -0.00330018 -0.00061301    0.00330018 -0.00061301
 -0.00330018  0.00061301    0.14902382  0.00000000   -0.00450380  0.00232956
  0.00330018  0.00061301   -0.00450380 -0.00232956    0.14902382 -0.00000000
    1    2
 -0.04569923 -0.03320243   -0.06520881 -0.00821645    0.02796494  0.05947824
 -0.06520881 -0.00821645   -0.04827579 -0.03839175   -0.03751493 -0.02725619
  0.02796494  0.05947824   -0.03751493 -0.02725619   -0.05143076 -0.03404930
    2    1
 -0.04569923  0.03320243   -0.06520881  0.00821645    0.02796494 -0.05947824
 -0.06520881  0.00821645   -0.04827579  0.03839175   -0.03751493  0.02725619
  0.02796494 -0.05947824   -0.03751493  0.02725619   -0.05143076  0.03404930
    2    2
  0.13742029 -0.00000000   -0.00330018  0.00061301    0.00330018  0.00061301
 -0.00330018 -0.00061301    0.14902382 -0.00000000   -0.00450380 -0.00232956
  0.00330018 -0.00061301   -0.00450380  0.00232956    0.14902382  0.00000000

     Dynamical  Matrix in cartesian axes

     q = (   -0.500000000   0.300000000   0.700000000 ) 

    1    1
  0.13742029  0.00000000   -0.00330018  0.00061301   -0.00330018 -0.00061301
 -0.00330018 -0.00061301    0.14902382 -0.00000000    0.00450380  0.00232956
 -0.00330018  0.00061301    0.00450380 -0.00232956    0.14902382  0.00000000
    1    2
 -0.05648735 -0.00000000   -0.05758455 -0.03168153   -0.05758455  0.03168153
 -0.05758455 -0.03168153   -0.06162204  0.00268378    0.04637100  0.00000000
 -0.05758455  0.03168153    0.04637100  0.00000000   -0.06162204 -0.00268378
    2    1
 -0.05648735  0.00000000   -0.05758455  0.03168153   -0.05758455 -0.03168153
 -0.05758455  0.03168153   -0.06162204 -0.00268378    0.04637100 -0.00000000
 -0.05758455 -0.03168153    0.04637100 -0.00000000   -0.06162204  0.00268378
    2    2
  0.13742029  0.00000000   -0.00330018 -0.00061301   -0.00330018  0.00061301
 -0.00330018  0.00061301    0.14902382  0.00000000    0.00450380 -0.00232956
 -0.00330018 -0.00061301    0.00450380  0.00232956    0.14902382 -0.00000000

     Dynamical  Matrix in cartesian axes

     q = (   -0.500000000  -0.300000000  -0.700000000 ) 

    1    1
  0.13742029  0.00000000    0.00330018 -0.00061301    0.00330018  0.00061301
  0.00330018  0.00061301    0.14902382 -0.00000000    0.00450380  0.00232956
  0.00330018 -0.00061301    0.00450380 -0.00232956    0.14902382  0.00000000
    1    2
  0.05648735 -0.00000000   -0.05758455 -0.03168153   -0.05758455  0.03168153
 -0.05758455 -0.03168153    0.06162204 -0.00268378   -0.04637100  0.00000000
 -0.05758455  0.03168153   -0.04637100  0.00000000    0.06162204  0.00268378
    2    1
  0.05648735  0.00000000   -0.05758455  0.03168153   -0.05758455 -0.03168153
 -0.05758455  0.03168153    0.06162204  0.00268378   -0.04637100 -0.00000000
 -0.05758455 -0.03168153   -0.04637100 -0.00000000    0.06162204 -0.00268378
    2    2
  0.13742029 -0.00000000    0.00330018  0.00061301    0.00330018 -0.00061301
  0.00330018 -0.00061301    0.14902382  0.00000000    0.00450380 -0.00232956
  0.00330018  0.00061301    0.00450380  0.00232956    0.14902382 -0.00000000

     Dynamical  Matrix in cartesian axes

     q = (    0.700000000  -0.300000000   0.500000000 ) 

    1    1
  0.14902382  0.00000000   -0.00450380  0.00232956    0.00330018 -0.00061301
 -0.00450380 -0.00232956    0.14902382 -0.00000000   -0.00330018 -0.00061301
  0.00330018  0.00061301   -0.00330018  0.00061301    0.13742029  0.00000000
    1    2
 -0.05143076  0.03404930   -0.03751493  0.02725619    0.02796494 -0.05947824
 -0.03751493  0.02725619   -0.04827579  0.03839175   -0.06520881  0.00821645
  0.02796494 -0.05947824   -0.06520881  0.00821645   -0.04569923  0.03320243
    2    1
 -0.05143076 -0.03404930   -0.03751493 -0.02725619    0.02796494  0.05947824
 -0.03751493 -0.02725619   -0.04827579 -0.03839175   -0.06520881 -0.00821645
  0.02796494  0.05947824   -0.06520881 -0.00821645   -0.04569923 -0.03320243
    2    2
  0.14902382 -0.00000000   -0.00450380 -0.00232956    0.00330018  0.00061301
 -0.00450380  0.00232956    0.14902382  0.00000000   -0.00330018  0.00061301
  0.00330018 -0.00061301   -0.00330018 -0.00061301    0.13742029  0.00000000

     Dynamical  Matrix in cartesian axes

     q = (    0.700000000   0.300000000   0.500000000 ) 

    1    1
  0.14902382 -0.00000000    0.00450380  0.00232956    0.00330018  0.00061301
  0.00450380 -0.00232956    0.14902382  0.00000000    0.00330018 -0.00061301
  0.00330018 -0.00061301    0.00330018  0.00061301    0.13742029  0.00000000
    1    2
  0.06162204 -0.00268378   -0.04637100 -0.00000000   -0.05758455 -0.03168153
 -0.04637100 -0.00000000    0.06162204  0.00268378   -0.05758455  0.03168153
 -0.05758455 -0.03168153   -0.05758455  0.03168153    0.05648735  0.00000000
    2    1
  0.06162204  0.00268378   -0.04637100  0.00000000   -0.05758455  0.03168153
 -0.04637100  0.00000000    0.06162204 -0.00268378   -0.05758455 -0.03168153
 -0.05758455  0.03168153   -0.05758455 -0.03168153    0.05648735 -0.00000000
    2    2
  0.14902382  0.00000000    0.00450380 -0.00232956    0.00330018 -0.00061301
  0.00450380  0.00232956    0.14902382 -0.00000000    0.00330018  0.00061301
  0.00330018  0.00061301    0.00330018 -0.00061301    0.13742029  0.00000000

     Dynamical  Matrix in cartesian axes

     q = (   -0.700000000   0.300000000   0.500000000 ) 

    1    1
  0.14902382  0.00000000   -0.00450380  0.00232956   -0.00330018  0.00061301
 -0.00450380 -0.00232956    0.14902382 -0.00000000    0.00330018  0.00061301
 -0.00330018 -0.00061301    0.00330018 -0.00061301    0.13742029  0.00000000
    1    2
 -0.04827579 -0.03839175   -0.03751493 -0.02725619   -0.06520881 -0.00821645
 -0.03751493 -0.02725619   -0.05143076 -0.03404930    0.02796494  0.05947824
 -0.06520881 -0.00821645    0.02796494  0.05947824   -0.04569923 -0.03320243
    2    1
 -0.04827579  0.03839175   -0.03751493  0.02725619   -0.06520881  0.00821645
 -0.03751493  0.02725619   -0.05143076  0.03404930    0.02796494 -0.05947824
 -0.06520881  0.00821645    0.02796494 -0.05947824   -0.04569923  0.03320243
    2    2
  0.14902382 -0.00000000   -0.00450380 -0.00232956   -0.00330018 -0.00061301
 -0.00450380  0.00232956    0.14902382  0.00000000    0.00330018 -0.00061301
 -0.00330018  0.00061301    0.00330018  0.00061301    0.13742029  0.00000000

     Dynamical  Matrix in cartesian axes

     q = (    0.700000000   0.300000000  -0.500000000 ) 

    1    1
  0.14902382  0.00000000    0.00450380 -0.00232956   -0.00330018  0.00061301
  0.00450380  0.00232956    0.14902382 -0.00000000   -0.00330018 -0.00061301
 -0.00330018 -0.00061301   -0.00330018  0.00061301    0.13742029  0.00000000
    1    2
 -0.06162204 -0.00268378    0.04637100 -0.00000000   -0.05758455  0.03168153
  0.04637100 -0.00000000   -0.06162204  0.00268378   -0.05758455 -0.03168153
 -0.05758455  0.03168153   -0.05758455 -0.03168153   -0.05648735  0.00000000
    2    1
 -0.06162204  0.00268378    0.04637100  0.00000000   -0.05758455 -0.03168153
  0.04637100  0.00000000   -0.06162204 -0.00268378   -0.05758455  0.03168153
 -0.05758455 -0.03168153   -0.05758455  0.03168153   -0.05648735 -0.00000000
    2    2
  0.14902382  0.00000000    0.00450380  0.00232956   -0.00330018 -0.00061301
  0.00450380 -0.00232956    0.14902382  0.00000000   -0.00330018  0.00061301
 -0.00330018  0.00061301   -0.00330018 -0.00061301    0.13742029  0.00000000

     Dynamical  Matrix in cartesian axes

     q = (   -0.700000000   0.300000000  -0.500000000 ) 

    1    1
  0.14902382 -0.00000000   -0.00450380 -0.00232956    0.00330018  0.00061301
 -0.00450380  0.00232956    0.14902382  0.00000000   -0.00330018  0.00061301
  0.00330018 -0.00061301   -0.00330018 -0.00061301    0.13742029  0.00000000
    1    2
 -0.05143076 -0.03404930   -0.03751493 -0.02725619    0.02796494  0.05947824
 -0.03751493 -0.02725619   -0.04827579 -0.03839175   -0.06520881 -0.00821645
  0.02796494  0.05947824   -0.06520881 -0.00821645   -0.04569923 -0.03320243
    2    1
 -0.05143076  0.03404930   -0.03751493  0.02725619    0.02796494 -0.05947824
 -0.03751493  0.02725619   -0.04827579  0.03839175   -0.06520881  0.00821645
  0.02796494 -0.05947824   -0.06520881  0.00821645   -0.04569923  0.03320243
    2    2
  0.14902382  0.00000000   -0.00450380  0.00232956    0.00330018 -0.00061301
 -0.00450380 -0.00232956    0.14902382 -0.00000000   -0.00330018 -0.00061301
  0.00330018  0.00061301   -0.00330018  0.00061301    0.13742029  0.00000000

     Dynamical  Matrix in cartesian axes

     q = (   -0.300000000   0.500000000  -0.700000000 ) 

    1    1
  0.14902382  0.00000000   -0.00330018  0.00061301    0.00450380 -0.00232956
 -0.00330018 -0.00061301    0.13742029  0.00000000   -0.00330018  0.00061301
  0.00450380  0.00232956   -0.00330018 -0.00061301    0.14902382 -0.00000000
    1    2
 -0.06162204 -0.00268378   -0.05758455  0.03168153    0.04637100  0.00000000
 -0.05758455  0.03168153   -0.05648735 -0.00000000   -0.05758455 -0.03168153
  0.04637100  0.00000000   -0.05758455 -0.03168153   -0.06162204  0.00268378
    2    1
 -0.06162204  0.00268378   -0.05758455 -0.03168153    0.04637100 -0.00000000
 -0.05758455 -0.03168153   -0.05648735  0.00000000   -0.05758455  0.03168153
  0.04637100  0.00000000   -0.05758455  0.03168153   -0.06162204 -0.00268378
    2    2
  0.14902382 -0.00000000   -0.00330018 -0.00061301    0.00450380  0.00232956
 -0.00330018  0.00061301    0.13742029 -0.00000000   -0.00330018 -0.00061301
  0.00450380 -0.00232956   -0.00330018  0.00061301    0.14902382  0.00000000

     Dynamical  Matrix in cartesian axes

     q = (    0.700000000   0.500000000  -0.300000000 ) 

    1    1
  0.14902382  0.00000000    0.00330018 -0.00061301   -0.00450380  0.00232956
  0.00330018  0.00061301    0.13742029 -0.00000000   -0.00330018  0.00061301
 -0.00450380 -0.00232956   -0.00330018 -0.00061301    0.14902382 -0.00000000
    1    2
 -0.05143076  0.03404930    0.02796494 -0.05947824   -0.03751493  0.02725619
  0.02796494 -0.05947824   -0.04569923  0.03320243   -0.06520881  0.00821645
 -0.03751493  0.02725619   -0.06520881  0.00821645   -0.04827579  0.03839175
    2    1
 -0.05143076 -0.03404930    0.02796494  0.05947824   -0.03751493 -0.02725619
  0.02796494  0.05947824   -0.04569923 -0.03320243   -0.06520881 -0.00821645
 -0.03751493 -0.02725619   -0.06520881 -0.00821645   -0.04827579 -0.03839175
    2    2
  0.14902382 -0.00000000    0.00330018  0.00061301   -0.00450380 -0.00232956
  0.00330018 -0.00061301    0.13742029  0.00000000   -0.00330018 -0.00061301
 -0.00450380  0.00232956   -0.00330018  0.00061301    0.14902382  0.00000000

     Dynamical  Matrix in cartesian axes

     q = (   -0.700000000  -0.500000000  -0.300000000 ) 

    1    1
  0.14902382  0.00000000    0.00330018 -0.00061301    0.00450380 -0.00232956
  0.00330018  0.00061301    0.13742029 -0.00000000    0.00330018 -0.00061301
  0.00450380  0.00232956    0.00330018  0.00061301    0.14902382 -0.00000000
    1    2
  0.06162204  0.00268378   -0.05758455  0.03168153   -0.04637100 -0.00000000
 -0.05758455  0.03168153    0.05648735  0.00000000   -0.05758455 -0.03168153
 -0.04637100 -0.00000000   -0.05758455 -0.03168153    0.06162204 -0.00268378
    2    1
  0.06162204 -0.00268378   -0.05758455 -0.03168153   -0.04637100  0.00000000
 -0.05758455 -0.03168153    0.05648735 -0.00000000   -0.05758455  0.03168153
 -0.04637100  0.00000000   -0.05758455  0.03168153    0.06162204  0.00268378
    2    2
  0.14902382 -0.00000000    0.00330018  0.00061301    0.00450380  0.00232956
  0.00330018 -0.00061301    0.13742029  0.00000000    0.00330018  0.00061301
  0.00450380 -0.00232956    0.00330018 -0.00061301    0.14902382  0.00000000

     Dynamical  Matrix in cartesian axes

     q = (   -0.700000000   0.500000000   0.300000000 ) 

    1    1
  0.14902382  0.00000000   -0.00330018  0.00061301   -0.00450380  0.00232956
 -0.00330018 -0.00061301    0.13742029  0.00000000    0.00330018 -0.00061301
 -0.00450380 -0.00232956    0.00330018  0.00061301    0.14902382 -0.00000000
    1    2
 -0.04827579 -0.03839175   -0.06520881 -0.00821645   -0.03751493 -0.02725619
 -0.06520881 -0.00821645   -0.04569923 -0.03320243    0.02796494  0.05947824
 -0.03751493 -0.02725619    0.02796494  0.05947824   -0.05143076 -0.03404930
    2    1
 -0.04827579  0.03839175   -0.06520881  0.00821645   -0.03751493  0.02725619
 -0.06520881  0.00821645   -0.04569923  0.03320243    0.02796494 -0.05947824
 -0.03751493  0.02725619    0.02796494 -0.05947824   -0.05143076  0.03404930
    2    2
  0.14902382 -0.00000000   -0.00330018 -0.00061301   -0.00450380 -0.00232956
 -0.00330018  0.00061301    0.13742029  0.00000000    0.00330018  0.00061301
 -0.00450380  0.00232956    0.00330018 -0.00061301    0.14902382  0.00000000

     Dynamical  Matrix in cartesian axes

     q = (    0.300000000  -0.500000000   0.700000000 ) 

    1    1
  0.14902382 -0.00000000   -0.00330018 -0.00061301    0.00450380  0.00232956
 -0.00330018  0.00061301    0.13742029 -0.00000000   -0.00330018 -0.00061301
  0.00450380 -0.00232956   -0.00330018  0.00061301    0.14902382  0.00000000
    1    2
 -0.06162204  0.00268378   -0.05758455 -0.03168153    0.04637100 -0.00000000
 -0.05758455 -0.03168153   -0.05648735  0.00000000   -0.05758455  0.03168153
  0.04637100  0.00000000   -0.05758455  0.03168153   -0.06162204 -0.00268378
    2    1
 -0.06162204 -0.00268378   -0.05758455  0.03168153    0.04637100  0.00000000
 -0.05758455  0.03168153   -0.05648735 -0.00000000   -0.05758455 -0.03168153
  0.04637100  0.00000000   -0.05758455 -0.03168153   -0.06162204  0.00268378
    2    2
  0.14902382  0.00000000   -0.00330018  0.00061301    0.00450380 -0.00232956
 -0.00330018 -0.00061301    0.13742029  0.00000000   -0.00330018  0.00061301
  0.00450380  0.00232956   -0.00330018 -0.00061301    0.14902382 -0.00000000

     Dynamical  Matrix in cartesian axes

     q = (   -0.300000000   0.500000000   0.700000000 ) 

    1    1
  0.14902382 -0.00000000   -0.00330018 -0.00061301   -0.00450380 -0.00232956
 -0.00330018  0.00061301    0.13742029  0.00000000    0.00330018  0.00061301
 -0.00450380  0.00232956    0.00330018 -0.00061301    0.14902382  0.00000000
    1    2
 -0.04827579  0.03839175   -0.06520881  0.00821645   -0.03751493  0.02725619
 -0.06520881  0.00821645   -0.04569923  0.03320243    0.02796494 -0.05947824
 -0.03751493  0.02725619    0.02796494 -0.05947824   -0.05143076  0.03404930
    2    1
 -0.04827579 -0.03839175   -0.06520881 -0.00821645   -0.03751493 -0.02725619
 -0.06520881 -0.00821645   -0.04569923 -0.03320243    0.02796494  0.05947824
 -0.03751493 -0.02725619    0.02796494  0.05947824   -0.05143076 -0.03404930
    2    2
  0.14902382  0.00000000   -0.00330018  0.00061301   -0.00450380  0.00232956
 -0.00330018 -0.00061301    0.13742029  0.00000000    0.00330018 -0.00061301
 -0.00450380 -0.00232956    0.00330018  0.00061301    0.14902382 -0.00000000

     Dynamical  Matrix in cartesian axes

     q = (    0.300000000   0.500000000  -0.700000000 ) 

    1    1
  0.14902382 -0.00000000    0.00330018  0.00061301   -0.00450380 -0.00232956
  0.00330018 -0.00061301    0.13742029  0.00000000   -0.00330018 -0.00061301
 -0.00450380  0.00232956   -0.00330018  0.00061301    0.14902382  0.00000000
    1    2
 -0.05143076 -0.03404930    0.02796494  0.05947824   -0.03751493 -0.02725619
  0.02796494  0.05947824   -0.04569923 -0.03320243   -0.06520881 -0.00821645
 -0.03751493 -0.02725619   -0.06520881 -0.00821645   -0.04827579 -0.03839175
    2    1
 -0.05143076  0.03404930    0.02796494 -0.05947824   -0.03751493  0.02725619
  0.02796494 -0.05947824   -0.04569923  0.03320243   -0.06520881  0.00821645
 -0.03751493  0.02725619   -0.06520881  0.00821645   -0.04827579  0.03839175
    2    2
  0.14902382  0.00000000    0.00330018 -0.00061301   -0.00450380  0.00232956
  0.00330018  0.00061301    0.13742029 -0.00000000   -0.00330018  0.00061301
 -0.00450380 -0.00232956   -0.00330018 -0.00061301    0.14902382 -0.00000000

     Dynamical  Matrix in cartesian axes

     q = (   -0.300000000  -0.500000000  -0.700000000 ) 

    1    1
  0.14902382 -0.00000000    0.00330018  0.00061301    0.00450380  0.00232956
  0.00330018 -0.00061301    0.13742029  0.00000000    0.00330018  0.00061301
  0.00450380 -0.00232956    0.00330018 -0.00061301    0.14902382  0.00000000
    1    2
  0.06162204 -0.00268378   -0.05758455 -0.03168153   -0.04637100  0.00000000
 -0.05758455 -0.03168153    0.05648735  0.00000000   -0.05758455  0.03168153
 -0.04637100 -0.00000000   -0.05758455  0.03168153    0.06162204  0.00268378
    2    1
  0.06162204  0.00268378   -0.05758455  0.03168153   -0.04637100 -0.00000000
 -0.05758455  0.03168153    0.05648735 -0.00000000   -0.05758455 -0.03168153
 -0.04637100  0.00000000   -0.05758455 -0.03168153    0.06162204 -0.00268378
    2    2
  0.14902382  0.00000000    0.00330018 -0.00061301    0.00450380 -0.00232956
  0.00330018  0.00061301    0.13742029 -0.00000000    0.00330018 -0.00061301
  0.00450380  0.00232956    0.00330018  0.00061301    0.14902382 -0.00000000

     Dynamical  Matrix in cartesian axes

     q = (   -0.500000000  -0.700000000  -0.300000000 ) 

    1    1
  0.13742029 -0.00000000    0.00330018  0.00061301    0.00330018 -0.00061301
  0.00330018 -0.00061301    0.14902382  0.00000000    0.00450380 -0.00232956
  0.00330018  0.00061301    0.00450380  0.00232956    0.14902382 -0.00000000
    1    2
  0.05648735 -0.00000000   -0.05758455  0.03168153   -0.05758455 -0.03168153
 -0.05758455  0.03168153    0.06162204  0.00268378   -0.04637100  0.00000000
 -0.05758455 -0.03168153   -0.04637100  0.00000000    0.06162204 -0.00268378
    2    1
  0.05648735  0.00000000   -0.05758455 -0.03168153   -0.05758455  0.03168153
 -0.05758455 -0.03168153    0.06162204 -0.00268378   -0.04637100 -0.00000000
 -0.05758455  0.03168153   -0.04637100 -0.00000000    0.06162204  0.00268378
    2    2
  0.13742029  0.00000000    0.00330018 -0.00061301    0.00330018  0.00061301
  0.00330018  0.00061301    0.14902382 -0.00000000    0.00450380  0.00232956
  0.00330018 -0.00061301    0.00450380 -0.00232956    0.14902382  0.00000000

     Diagonalizing the dynamical matrix

     q = (    0.500000000  -0.300000000   0.700000000 ) 

 **************************************************************************
     freq (    1) =       1.177878 [THz] =      39.289777 [cm-1]
 ( -0.367273  0.445339 -0.233625  0.169739  0.122157 -0.261667 ) 
 ( -0.558893  0.144409 -0.252631  0.139891  0.288777  0.000000 ) 
     freq (    2) =       1.476077 [THz] =      49.236628 [cm-1]
 (  0.096774  0.198714  0.384239 -0.279166  0.456702 -0.130375 ) 
 (  0.038509 -0.217645  0.446112  0.162967  0.474946  0.000000 ) 
     freq (    3) =       3.366911 [THz] =     112.308055 [cm-1]
 (  0.382289 -0.090144 -0.336365  0.244383  0.410111  0.068364 ) 
 ( -0.362264 -0.151776  0.291604  0.296364 -0.415770  0.000000 ) 
     freq (    4) =       4.327735 [THz] =     144.357708 [cm-1]
 (  0.329038 -0.056094 -0.356605  0.259088  0.422305  0.126301 ) 
 (  0.299169  0.148023 -0.267414 -0.350405  0.440787  0.000000 ) 
     freq (    5) =       5.139906 [THz] =     171.448810 [cm-1]
 ( -0.354522  0.413752 -0.257824  0.187320  0.145587 -0.283489 ) 
 (  0.530012 -0.126350  0.284413 -0.143773 -0.318687  0.000000 ) 
     freq (    6) =       5.202882 [THz] =     173.549461 [cm-1]
 ( -0.082664 -0.220313 -0.381453  0.277142 -0.469611  0.042187 ) 
 (  0.062620 -0.226826  0.404720  0.241900  0.471502  0.000000 ) 
 **************************************************************************
