Dynamical matrix file
                                                                           
  1    2  0 11.2374640  0.0000000  0.0000000  0.0000000  0.0000000  0.0000000
Basis vectors
      0.986020000   -0.000000000   -0.000000000
     -0.000000000    0.986020000   -0.000000000
      0.493010000    0.493010000    0.265859000
           1  'Sn  '    108197.54598352207     
    1    1      0.9860200000      1.2325250000      0.1993942500
    2    1      0.4930100000      0.2465050000      0.0664647500

     Dynamical  Matrix in cartesian axes

     q = (    0.380316829   0.380316829  -0.940348079 ) 

    1    1
  0.07843260  0.00000000   -0.00067692 -0.00959382   -0.00185985 -0.00163688
 -0.00067692  0.00959382    0.07843260  0.00000000   -0.00185985  0.00163688
 -0.00185985  0.00163688   -0.00185985 -0.00163688    0.10923351  0.00000000
    1    2
  0.00734709  0.00490378   -0.00327507  0.00135658    0.01076892 -0.02734133
 -0.00327507  0.00135658    0.00172768 -0.00866268    0.02694802  0.01171846
  0.01076892 -0.02734133    0.02694802  0.01171846    0.00369788 -0.00153171
    2    1
  0.00734709 -0.00490378   -0.00327507 -0.00135658    0.01076892  0.02734133
 -0.00327507 -0.00135658    0.00172768  0.00866268    0.02694802 -0.01171846
  0.01076892  0.02734133    0.02694802 -0.01171846    0.00369788  0.00153171
    2    2
  0.07843260  0.00000000   -0.00067692  0.00959382   -0.00185985  0.00163688
 -0.00067692 -0.00959382    0.07843260  0.00000000   -0.00185985 -0.00163688
 -0.00185985 -0.00163688   -0.00185985  0.00163688    0.10923351  0.00000000

     Dynamical  Matrix in cartesian axes

     q = (   -0.380316829  -0.380316829  -0.940348079 ) 

    1    1
  0.07843260  0.00000000   -0.00067692 -0.00959382    0.00185985  0.00163688
 -0.00067692  0.00959382    0.07843260  0.00000000    0.00185985 -0.00163688
  0.00185985 -0.00163688    0.00185985  0.00163688    0.10923351  0.00000000
    1    2
  0.00866268 -0.00172768   -0.00135658  0.00327507    0.01171846  0.02694802
 -0.00135658  0.00327507   -0.00490378 -0.00734709   -0.02734133  0.01076892
  0.01171846  0.02694802   -0.02734133  0.01076892    0.00153171 -0.00369788
    2    1
  0.00866268  0.00172768   -0.00135658 -0.00327507    0.01171846 -0.02694802
 -0.00135658 -0.00327507   -0.00490378  0.00734709   -0.02734133 -0.01076892
  0.01171846 -0.02694802   -0.02734133 -0.01076892    0.00153171  0.00369788
    2    2
  0.07843260  0.00000000   -0.00067692  0.00959382    0.00185985 -0.00163688
 -0.00067692 -0.00959382    0.07843260  0.00000000    0.00185985  0.00163688
  0.00185985  0.00163688    0.00185985 -0.00163688    0.10923351  0.00000000

     Dynamical  Matrix in cartesian axes

     q = (   -0.380316829   0.380316829   0.940348079 ) 

    1    1
  0.07843260  0.00000000    0.00067692 -0.00959382   -0.00185985  0.00163688
  0.00067692  0.00959382    0.07843260  0.00000000    0.00185985  0.00163688
 -0.00185985 -0.00163688    0.00185985 -0.00163688    0.10923351  0.00000000
    1    2
 -0.00490378 -0.00734709    0.00135658 -0.00327507    0.02734133 -0.01076892
  0.00135658 -0.00327507    0.00866268 -0.00172768    0.01171846  0.02694802
  0.02734133 -0.01076892    0.01171846  0.02694802    0.00153171 -0.00369788
    2    1
 -0.00490378  0.00734709    0.00135658  0.00327507    0.02734133  0.01076892
  0.00135658  0.00327507    0.00866268  0.00172768    0.01171846 -0.02694802
  0.02734133  0.01076892    0.01171846 -0.02694802    0.00153171  0.00369788
    2    2
  0.07843260  0.00000000    0.00067692  0.00959382   -0.00185985 -0.00163688
  0.00067692 -0.00959382    0.07843260  0.00000000    0.00185985 -0.00163688
 -0.00185985  0.00163688    0.00185985  0.00163688    0.10923351  0.00000000

     Dynamical  Matrix in cartesian axes

     q = (    0.380316829  -0.380316829   0.940348079 ) 

    1    1
  0.07843260  0.00000000    0.00067692 -0.00959382    0.00185985 -0.00163688
  0.00067692  0.00959382    0.07843260  0.00000000   -0.00185985 -0.00163688
  0.00185985  0.00163688   -0.00185985  0.00163688    0.10923351  0.00000000
    1    2
 -0.00172768  0.00866268   -0.00327507  0.00135658    0.02694802  0.01171846
 -0.00327507  0.00135658   -0.00734709 -0.00490378   -0.01076892  0.02734133
  0.02694802  0.01171846   -0.01076892  0.02734133   -0.00369788  0.00153171
    2    1
 -0.00172768 -0.00866268   -0.00327507 -0.00135658    0.02694802 -0.01171846
 -0.00327507 -0.00135658   -0.00734709  0.00490378   -0.01076892 -0.02734133
  0.02694802 -0.01171846   -0.01076892 -0.02734133   -0.00369788 -0.00153171
    2    2
  0.07843260  0.00000000    0.00067692  0.00959382    0.00185985  0.00163688
  0.00067692 -0.00959382    0.07843260  0.00000000   -0.00185985  0.00163688
  0.00185985 -0.00163688   -0.00185985 -0.00163688    0.10923351  0.00000000

     Dynamical  Matrix in cartesian axes

     q = (    0.380316829  -0.380316829  -0.940348079 ) 

    1    1
  0.07843260  0.00000000    0.00067692  0.00959382   -0.00185985 -0.00163688
  0.00067692 -0.00959382    0.07843260  0.00000000    0.00185985 -0.00163688
 -0.00185985  0.00163688    0.00185985  0.00163688    0.10923351  0.00000000
    1    2
 -0.00490378  0.00734709    0.00135658  0.00327507    0.02734133  0.01076892
  0.00135658  0.00327507    0.00866268  0.00172768    0.01171846 -0.02694802
  0.02734133  0.01076892    0.01171846 -0.02694802    0.00153171  0.00369788
    2    1
 -0.00490378 -0.00734709    0.00135658 -0.00327507    0.02734133 -0.01076892
  0.00135658 -0.00327507    0.00866268 -0.00172768    0.01171846  0.02694802
  0.02734133 -0.01076892    0.01171846  0.02694802    0.00153171 -0.00369788
    2    2
  0.07843260  0.00000000    0.00067692 -0.00959382   -0.00185985  0.00163688
  0.00067692  0.00959382    0.07843260  0.00000000    0.00185985  0.00163688
 -0.00185985 -0.00163688    0.00185985 -0.00163688    0.10923351  0.00000000

     Dynamical  Matrix in cartesian axes

     q = (    0.380316829   0.380316829   0.940348079 ) 

    1    1
  0.07843260  0.00000000   -0.00067692  0.00959382    0.00185985 -0.00163688
 -0.00067692 -0.00959382    0.07843260  0.00000000    0.00185985  0.00163688
  0.00185985  0.00163688    0.00185985 -0.00163688    0.10923351  0.00000000
    1    2
  0.00866268  0.00172768   -0.00135658 -0.00327507    0.01171846 -0.02694802
 -0.00135658 -0.00327507   -0.00490378  0.00734709   -0.02734133 -0.01076892
  0.01171846 -0.02694802   -0.02734133 -0.01076892    0.00153171  0.00369788
    2    1
  0.00866268 -0.00172768   -0.00135658  0.00327507    0.01171846  0.02694802
 -0.00135658  0.00327507   -0.00490378 -0.00734709   -0.02734133  0.01076892
  0.01171846  0.02694802   -0.02734133  0.01076892    0.00153171 -0.00369788
    2    2
  0.07843260  0.00000000   -0.00067692 -0.00959382    0.00185985  0.00163688
 -0.00067692  0.00959382    0.07843260  0.00000000    0.00185985 -0.00163688
  0.00185985 -0.00163688    0.00185985  0.00163688    0.10923351  0.00000000

     Dynamical  Matrix in cartesian axes

     q = (   -0.380316829   0.380316829  -0.940348079 ) 

    1    1
  0.07843260  0.00000000    0.00067692  0.00959382    0.00185985  0.00163688
  0.00067692 -0.00959382    0.07843260  0.00000000   -0.00185985  0.00163688
  0.00185985 -0.00163688   -0.00185985 -0.00163688    0.10923351  0.00000000
    1    2
 -0.00172768 -0.00866268   -0.00327507 -0.00135658    0.02694802 -0.01171846
 -0.00327507 -0.00135658   -0.00734709  0.00490378   -0.01076892 -0.02734133
  0.02694802 -0.01171846   -0.01076892 -0.02734133   -0.00369788 -0.00153171
    2    1
 -0.00172768  0.00866268   -0.00327507  0.00135658    0.02694802  0.01171846
 -0.00327507  0.00135658   -0.00734709 -0.00490378   -0.01076892  0.02734133
  0.02694802  0.01171846   -0.01076892  0.02734133   -0.00369788  0.00153171
    2    2
  0.07843260  0.00000000    0.00067692 -0.00959382    0.00185985 -0.00163688
  0.00067692  0.00959382    0.07843260  0.00000000   -0.00185985 -0.00163688
  0.00185985  0.00163688   -0.00185985  0.00163688    0.10923351  0.00000000

     Dynamical  Matrix in cartesian axes

     q = (   -0.380316829  -0.380316829   0.940348079 ) 

    1    1
  0.07843260  0.00000000   -0.00067692  0.00959382   -0.00185985  0.00163688
 -0.00067692 -0.00959382    0.07843260  0.00000000   -0.00185985 -0.00163688
 -0.00185985 -0.00163688   -0.00185985  0.00163688    0.10923351  0.00000000
    1    2
  0.00734709 -0.00490378   -0.00327507 -0.00135658    0.01076892  0.02734133
 -0.00327507 -0.00135658    0.00172768  0.00866268    0.02694802 -0.01171846
  0.01076892  0.02734133    0.02694802 -0.01171846    0.00369788  0.00153171
    2    1
  0.00734709  0.00490378   -0.00327507  0.00135658    0.01076892 -0.02734133
 -0.00327507  0.00135658    0.00172768 -0.00866268    0.02694802  0.01171846
  0.01076892 -0.02734133    0.02694802  0.01171846    0.00369788 -0.00153171
    2    2
  0.07843260  0.00000000   -0.00067692 -0.00959382   -0.00185985 -0.00163688
 -0.00067692  0.00959382    0.07843260  0.00000000   -0.00185985  0.00163688
 -0.00185985  0.00163688   -0.00185985 -0.00163688    0.10923351  0.00000000

     Diagonalizing the dynamical matrix

     q = (    0.380316829   0.380316829  -0.940348079 ) 

 **************************************************************************
     freq (    1) =       2.206221 [THz] =      73.591626 [cm-1]
 (  0.045525 -0.420092  0.329241  0.264859 -0.349246  0.144662 ) 
 (  0.202822  0.370693  0.202822 -0.370693 -0.378021  0.000000 ) 
     freq (    2) =       2.369806 [THz] =      79.048204 [cm-1]
 (  0.376138 -0.177278  0.391324 -0.140615  0.362775 -0.150266 ) 
 ( -0.415347 -0.019842 -0.415347  0.019842 -0.392665  0.000000 ) 
     freq (    3) =       2.627907 [THz] =      87.657530 [cm-1]
 (  0.306833  0.341911 -0.024804 -0.458731 -0.257862  0.106810 ) 
 ( -0.152633  0.433304 -0.152633 -0.433304  0.279108  0.000000 ) 
     freq (    4) =       2.721540 [THz] =      90.780804 [cm-1]
 ( -0.488534 -0.089565 -0.282114  0.408777  0.075201 -0.031149 ) 
 ( -0.417072  0.269701 -0.417072 -0.269701  0.081397  0.000000 ) 
     freq (    5) =       3.746330 [THz] =     124.964115 [cm-1]
 (  0.096239 -0.255931  0.249022  0.112919  0.546945 -0.226552 ) 
 (  0.186854  0.199620  0.186854 -0.199620  0.592009  0.000000 ) 
     freq (    6) =       3.795385 [THz] =     126.600432 [cm-1]
 (  0.119892 -0.318856  0.310242  0.140689 -0.478203  0.198078 ) 
 ( -0.232787 -0.248704 -0.232787  0.248704  0.517603  0.000000 ) 
 **************************************************************************
