Dynamical matrix file
                                                                           
  1    2  0 11.2374640  0.0000000  0.0000000  0.0000000  0.0000000  0.0000000
Basis vectors
      0.986020000   -0.000000000   -0.000000000
     -0.000000000    0.986020000   -0.000000000
      0.493010000    0.493010000    0.265859000
           1  'Sn  '    108197.54598352207     
    1    1      0.9860200000      1.2325250000      0.1993942500
    2    1      0.4930100000      0.2465050000      0.0664647500

     Dynamical  Matrix in cartesian axes

     q = (    0.126772276   0.126772276  -2.350870198 ) 

    1    1
  0.09196361  0.00000000    0.00368468  0.00187790    0.00086857 -0.00013165
  0.00368468 -0.00187790    0.09196361  0.00000000    0.00086857  0.00013165
  0.00086857  0.00013165    0.00086857 -0.00013165    0.08241488  0.00000000
    1    2
 -0.03288219 -0.06745651    0.00190599 -0.00190599   -0.01230250  0.00006948
  0.00190599 -0.00190599    0.06745651  0.03288219   -0.00006948  0.01230250
 -0.01230250  0.00006948   -0.00006948  0.01230250   -0.01006251  0.01006251
    2    1
 -0.03288219  0.06745651    0.00190599  0.00190599   -0.01230250 -0.00006948
  0.00190599  0.00190599    0.06745651 -0.03288219   -0.00006948 -0.01230250
 -0.01230250 -0.00006948   -0.00006948 -0.01230250   -0.01006251 -0.01006251
    2    2
  0.09196361  0.00000000    0.00368468 -0.00187790    0.00086857  0.00013165
  0.00368468  0.00187790    0.09196361  0.00000000    0.00086857 -0.00013165
  0.00086857 -0.00013165    0.00086857  0.00013165    0.08241488  0.00000000

     Dynamical  Matrix in cartesian axes

     q = (   -0.126772276  -0.126772276  -2.350870198 ) 

    1    1
  0.09196361  0.00000000    0.00368468  0.00187790   -0.00086857  0.00013165
  0.00368468 -0.00187790    0.09196361  0.00000000   -0.00086857 -0.00013165
 -0.00086857 -0.00013165   -0.00086857  0.00013165    0.08241488  0.00000000
    1    2
 -0.02444774  0.07095017   -0.00269548 -0.00000000   -0.00874831 -0.00865005
 -0.00269548 -0.00000000   -0.02444774 -0.07095017   -0.00874831  0.00865005
 -0.00874831 -0.00865005   -0.00874831  0.00865005    0.01423053  0.00000000
    2    1
 -0.02444774 -0.07095017   -0.00269548  0.00000000   -0.00874831  0.00865005
 -0.00269548  0.00000000   -0.02444774  0.07095017   -0.00874831 -0.00865005
 -0.00874831  0.00865005   -0.00874831 -0.00865005    0.01423053 -0.00000000
    2    2
  0.09196361  0.00000000    0.00368468 -0.00187790   -0.00086857 -0.00013165
  0.00368468  0.00187790    0.09196361  0.00000000   -0.00086857  0.00013165
 -0.00086857  0.00013165   -0.00086857 -0.00013165    0.08241488  0.00000000

     Dynamical  Matrix in cartesian axes

     q = (   -0.126772276   0.126772276   2.350870198 ) 

    1    1
  0.09196361  0.00000000   -0.00368468  0.00187790    0.00086857  0.00013165
 -0.00368468 -0.00187790    0.09196361  0.00000000   -0.00086857  0.00013165
  0.00086857 -0.00013165   -0.00086857 -0.00013165    0.08241488 -0.00000000
    1    2
 -0.06745651 -0.03288219    0.00190599 -0.00190599    0.00006948 -0.01230250
  0.00190599 -0.00190599    0.03288219  0.06745651   -0.01230250  0.00006948
  0.00006948 -0.01230250   -0.01230250  0.00006948    0.01006251 -0.01006251
    2    1
 -0.06745651  0.03288219    0.00190599  0.00190599    0.00006948  0.01230250
  0.00190599  0.00190599    0.03288219 -0.06745651   -0.01230250 -0.00006948
  0.00006948  0.01230250   -0.01230250 -0.00006948    0.01006251  0.01006251
    2    2
  0.09196361  0.00000000   -0.00368468 -0.00187790    0.00086857 -0.00013165
 -0.00368468  0.00187790    0.09196361  0.00000000   -0.00086857 -0.00013165
  0.00086857  0.00013165   -0.00086857  0.00013165    0.08241488  0.00000000

     Dynamical  Matrix in cartesian axes

     q = (    0.126772276  -0.126772276   2.350870198 ) 

    1    1
  0.09196361  0.00000000   -0.00368468  0.00187790   -0.00086857 -0.00013165
 -0.00368468 -0.00187790    0.09196361  0.00000000    0.00086857 -0.00013165
 -0.00086857  0.00013165    0.00086857  0.00013165    0.08241488  0.00000000
    1    2
 -0.07095017  0.02444774   -0.00000000 -0.00269548    0.00865005  0.00874831
 -0.00000000 -0.00269548    0.07095017  0.02444774    0.00865005 -0.00874831
  0.00865005  0.00874831    0.00865005 -0.00874831   -0.00000000 -0.01423053
    2    1
 -0.07095017 -0.02444774   -0.00000000  0.00269548    0.00865005 -0.00874831
 -0.00000000  0.00269548    0.07095017 -0.02444774    0.00865005  0.00874831
  0.00865005 -0.00874831    0.00865005  0.00874831   -0.00000000  0.01423053
    2    2
  0.09196361  0.00000000   -0.00368468 -0.00187790   -0.00086857  0.00013165
 -0.00368468  0.00187790    0.09196361  0.00000000    0.00086857  0.00013165
 -0.00086857 -0.00013165    0.00086857 -0.00013165    0.08241488 -0.00000000

     Dynamical  Matrix in cartesian axes

     q = (    0.126772276  -0.126772276  -2.350870198 ) 

    1    1
  0.09196361  0.00000000   -0.00368468 -0.00187790    0.00086857 -0.00013165
 -0.00368468  0.00187790    0.09196361  0.00000000   -0.00086857 -0.00013165
  0.00086857  0.00013165   -0.00086857  0.00013165    0.08241488  0.00000000
    1    2
 -0.06745651  0.03288219    0.00190599  0.00190599    0.00006948  0.01230250
  0.00190599  0.00190599    0.03288219 -0.06745651   -0.01230250 -0.00006948
  0.00006948  0.01230250   -0.01230250 -0.00006948    0.01006251  0.01006251
    2    1
 -0.06745651 -0.03288219    0.00190599 -0.00190599    0.00006948 -0.01230250
  0.00190599 -0.00190599    0.03288219  0.06745651   -0.01230250  0.00006948
  0.00006948 -0.01230250   -0.01230250  0.00006948    0.01006251 -0.01006251
    2    2
  0.09196361  0.00000000   -0.00368468  0.00187790    0.00086857  0.00013165
 -0.00368468 -0.00187790    0.09196361  0.00000000   -0.00086857  0.00013165
  0.00086857 -0.00013165   -0.00086857 -0.00013165    0.08241488 -0.00000000

     Dynamical  Matrix in cartesian axes

     q = (    0.126772276   0.126772276   2.350870198 ) 

    1    1
  0.09196361  0.00000000    0.00368468 -0.00187790   -0.00086857 -0.00013165
  0.00368468  0.00187790    0.09196361  0.00000000   -0.00086857  0.00013165
 -0.00086857  0.00013165   -0.00086857 -0.00013165    0.08241488  0.00000000
    1    2
 -0.02444774 -0.07095017   -0.00269548  0.00000000   -0.00874831  0.00865005
 -0.00269548  0.00000000   -0.02444774  0.07095017   -0.00874831 -0.00865005
 -0.00874831  0.00865005   -0.00874831 -0.00865005    0.01423053 -0.00000000
    2    1
 -0.02444774  0.07095017   -0.00269548 -0.00000000   -0.00874831 -0.00865005
 -0.00269548 -0.00000000   -0.02444774 -0.07095017   -0.00874831  0.00865005
 -0.00874831 -0.00865005   -0.00874831  0.00865005    0.01423053  0.00000000
    2    2
  0.09196361  0.00000000    0.00368468  0.00187790   -0.00086857  0.00013165
  0.00368468 -0.00187790    0.09196361  0.00000000   -0.00086857 -0.00013165
 -0.00086857 -0.00013165   -0.00086857  0.00013165    0.08241488  0.00000000

     Dynamical  Matrix in cartesian axes

     q = (   -0.126772276   0.126772276  -2.350870198 ) 

    1    1
  0.09196361  0.00000000   -0.00368468 -0.00187790   -0.00086857  0.00013165
 -0.00368468  0.00187790    0.09196361  0.00000000    0.00086857  0.00013165
 -0.00086857 -0.00013165    0.00086857 -0.00013165    0.08241488 -0.00000000
    1    2
 -0.07095017 -0.02444774    0.00000000  0.00269548    0.00865005 -0.00874831
  0.00000000  0.00269548    0.07095017 -0.02444774    0.00865005  0.00874831
  0.00865005 -0.00874831    0.00865005  0.00874831    0.00000000  0.01423053
    2    1
 -0.07095017  0.02444774    0.00000000 -0.00269548    0.00865005  0.00874831
  0.00000000 -0.00269548    0.07095017  0.02444774    0.00865005 -0.00874831
  0.00865005  0.00874831    0.00865005 -0.00874831    0.00000000 -0.01423053
    2    2
  0.09196361  0.00000000   -0.00368468  0.00187790   -0.00086857 -0.00013165
 -0.00368468 -0.00187790    0.09196361  0.00000000    0.00086857 -0.00013165
 -0.00086857  0.00013165    0.00086857  0.00013165    0.08241488  0.00000000

     Dynamical  Matrix in cartesian axes

     q = (   -0.126772276  -0.126772276   2.350870198 ) 

    1    1
  0.09196361  0.00000000    0.00368468 -0.00187790    0.00086857  0.00013165
  0.00368468  0.00187790    0.09196361  0.00000000    0.00086857 -0.00013165
  0.00086857 -0.00013165    0.00086857  0.00013165    0.08241488  0.00000000
    1    2
 -0.03288219  0.06745651    0.00190599  0.00190599   -0.01230250 -0.00006948
  0.00190599  0.00190599    0.06745651 -0.03288219   -0.00006948 -0.01230250
 -0.01230250 -0.00006948   -0.00006948 -0.01230250   -0.01006251 -0.01006251
    2    1
 -0.03288219 -0.06745651    0.00190599 -0.00190599   -0.01230250  0.00006948
  0.00190599 -0.00190599    0.06745651  0.03288219   -0.00006948  0.01230250
 -0.01230250  0.00006948   -0.00006948  0.01230250   -0.01006251  0.01006251
    2    2
  0.09196361  0.00000000    0.00368468  0.00187790    0.00086857 -0.00013165
  0.00368468 -0.00187790    0.09196361  0.00000000    0.00086857  0.00013165
  0.00086857  0.00013165    0.00086857 -0.00013165    0.08241488  0.00000000

     Diagonalizing the dynamical matrix

     q = (    0.126772276   0.126772276  -2.350870198 ) 

 **************************************************************************
     freq (    1) =       1.156837 [THz] =      38.587923 [cm-1]
 (  0.071716 -0.494334  0.494334 -0.071716 -0.022141  0.022141 ) 
 ( -0.400258 -0.298836 -0.400258  0.298836  0.031312  0.000000 ) 
     freq (    2) =       1.222701 [THz] =      40.784914 [cm-1]
 (  0.469022  0.089582 -0.089582 -0.469022  0.148301 -0.148301 ) 
 (  0.268305 -0.394993  0.268305  0.394993  0.209729  0.000000 ) 
     freq (    3) =       2.707116 [THz] =      90.299664 [cm-1]
 ( -0.143333 -0.039812  0.039812  0.143333  0.477358 -0.477358 ) 
 ( -0.073200  0.129503 -0.073200 -0.129503  0.675086  0.000000 ) 
     freq (    4) =       3.040837 [THz] =     101.431392 [cm-1]
 (  0.114855  0.038391 -0.038391 -0.114855 -0.485113  0.485113 ) 
 ( -0.054069  0.108361 -0.054069 -0.108361  0.686053  0.000000 ) 
     freq (    5) =       4.115173 [THz] =     137.267384 [cm-1]
 (  0.097333 -0.490296  0.490296 -0.097333 -0.011665  0.011665 ) 
 (  0.415517  0.277867  0.415517 -0.277867 -0.016497  0.000000 ) 
     freq (    6) =       4.116019 [THz] =     137.295624 [cm-1]
 (  0.481316  0.064495 -0.064495 -0.481316  0.119060 -0.119060 ) 
 ( -0.294737  0.385946 -0.294737 -0.385946 -0.168377  0.000000 ) 
 **************************************************************************
