Dynamical matrix file
                                                                           
  1    2  0 11.2374640  0.0000000  0.0000000  0.0000000  0.0000000  0.0000000
Basis vectors
      0.986020000   -0.000000000   -0.000000000
     -0.000000000    0.986020000   -0.000000000
      0.493010000    0.493010000    0.265859000
           1  'Sn  '    108197.54598352207     
    1    1      0.9860200000      1.2325250000      0.1993942500
    2    1      0.4930100000      0.2465050000      0.0664647500

     Dynamical  Matrix in cartesian axes

     q = (    0.126772276  -0.507089106   1.645609139 ) 

    1    1
  0.08740170  0.00000000   -0.00100841  0.00034299   -0.00334347 -0.00052873
 -0.00100841 -0.00034299    0.09538638  0.00000000   -0.00162328  0.00093940
 -0.00334347  0.00052873   -0.00162328 -0.00093940    0.03210515 -0.00000000
    1    2
  0.06810014  0.02514194   -0.00278916 -0.00131708    0.00260415 -0.00714667
 -0.00278916 -0.00131708   -0.00552240  0.00188822    0.00682632  0.02052657
  0.00260415 -0.00714667    0.00682632  0.02052657    0.00229819 -0.00297306
    2    1
  0.06810014 -0.02514194   -0.00278916  0.00131708    0.00260415  0.00714667
 -0.00278916  0.00131708   -0.00552240 -0.00188822    0.00682632 -0.02052657
  0.00260415  0.00714667    0.00682632 -0.02052657    0.00229819  0.00297306
    2    2
  0.08740170  0.00000000   -0.00100841 -0.00034299   -0.00334347  0.00052873
 -0.00100841  0.00034299    0.09538638  0.00000000   -0.00162328 -0.00093940
 -0.00334347 -0.00052873   -0.00162328  0.00093940    0.03210515  0.00000000

     Dynamical  Matrix in cartesian axes

     q = (   -0.507089106   0.126772276   1.645609139 ) 

    1    1
  0.09538638  0.00000000   -0.00100841  0.00034299   -0.00162328 -0.00093940
 -0.00100841 -0.00034299    0.08740170  0.00000000   -0.00334347  0.00052873
 -0.00162328  0.00093940   -0.00334347 -0.00052873    0.03210515  0.00000000
    1    2
 -0.00524010  0.00256976   -0.00104092  0.00290355   -0.00968754 -0.01934142
 -0.00104092  0.00290355    0.03037603 -0.06593211    0.00689487  0.00321204
 -0.00968754 -0.01934142    0.00689487  0.00321204    0.00372734  0.00047721
    2    1
 -0.00524010 -0.00256976   -0.00104092 -0.00290355   -0.00968754  0.01934142
 -0.00104092 -0.00290355    0.03037603  0.06593211    0.00689487 -0.00321204
 -0.00968754  0.01934142    0.00689487 -0.00321204    0.00372734 -0.00047721
    2    2
  0.09538638  0.00000000   -0.00100841 -0.00034299   -0.00162328  0.00093940
 -0.00100841  0.00034299    0.08740170  0.00000000   -0.00334347 -0.00052873
 -0.00162328 -0.00093940   -0.00334347  0.00052873    0.03210515 -0.00000000

     Dynamical  Matrix in cartesian axes

     q = (   -0.126772276   0.507089106   1.645609139 ) 

    1    1
  0.08740170  0.00000000   -0.00100841  0.00034299    0.00334347  0.00052873
 -0.00100841 -0.00034299    0.09538638  0.00000000    0.00162328 -0.00093940
  0.00334347 -0.00052873    0.00162328  0.00093940    0.03210515  0.00000000
    1    2
  0.06593211 -0.03037603   -0.00290355  0.00104092    0.00321204  0.00689487
 -0.00290355  0.00104092   -0.00256976  0.00524010   -0.01934142 -0.00968754
  0.00321204  0.00689487   -0.01934142 -0.00968754   -0.00047721 -0.00372734
    2    1
  0.06593211  0.03037603   -0.00290355 -0.00104092    0.00321204 -0.00689487
 -0.00290355 -0.00104092   -0.00256976 -0.00524010   -0.01934142  0.00968754
  0.00321204 -0.00689487   -0.01934142  0.00968754   -0.00047721  0.00372734
    2    2
  0.08740170  0.00000000   -0.00100841 -0.00034299    0.00334347 -0.00052873
 -0.00100841  0.00034299    0.09538638  0.00000000    0.00162328  0.00093940
  0.00334347  0.00052873    0.00162328 -0.00093940    0.03210515 -0.00000000

     Dynamical  Matrix in cartesian axes

     q = (    0.507089106  -0.126772276   1.645609139 ) 

    1    1
  0.09538638  0.00000000   -0.00100841  0.00034299    0.00162328  0.00093940
 -0.00100841 -0.00034299    0.08740170  0.00000000    0.00334347 -0.00052873
  0.00162328 -0.00093940    0.00334347  0.00052873    0.03210515 -0.00000000
    1    2
 -0.00256976 -0.00524010   -0.00290355 -0.00104092   -0.01934142  0.00968754
 -0.00290355 -0.00104092    0.06593211  0.03037603    0.00321204 -0.00689487
 -0.01934142  0.00968754    0.00321204 -0.00689487   -0.00047721  0.00372734
    2    1
 -0.00256976  0.00524010   -0.00290355  0.00104092   -0.01934142 -0.00968754
 -0.00290355  0.00104092    0.06593211 -0.03037603    0.00321204  0.00689487
 -0.01934142 -0.00968754    0.00321204  0.00689487   -0.00047721 -0.00372734
    2    2
  0.09538638  0.00000000   -0.00100841 -0.00034299    0.00162328 -0.00093940
 -0.00100841  0.00034299    0.08740170  0.00000000    0.00334347  0.00052873
  0.00162328  0.00093940    0.00334347 -0.00052873    0.03210515  0.00000000

     Dynamical  Matrix in cartesian axes

     q = (   -0.126772276  -0.507089106  -1.645609139 ) 

    1    1
  0.08740170  0.00000000    0.00100841  0.00034299   -0.00334347  0.00052873
  0.00100841 -0.00034299    0.09538638  0.00000000    0.00162328  0.00093940
 -0.00334347 -0.00052873    0.00162328 -0.00093940    0.03210515 -0.00000000
    1    2
  0.06810014 -0.02514194    0.00278916 -0.00131708    0.00260415  0.00714667
  0.00278916 -0.00131708   -0.00552240 -0.00188822   -0.00682632  0.02052657
  0.00260415  0.00714667   -0.00682632  0.02052657    0.00229819  0.00297306
    2    1
  0.06810014  0.02514194    0.00278916  0.00131708    0.00260415 -0.00714667
  0.00278916  0.00131708   -0.00552240  0.00188822   -0.00682632 -0.02052657
  0.00260415 -0.00714667   -0.00682632 -0.02052657    0.00229819 -0.00297306
    2    2
  0.08740170  0.00000000    0.00100841 -0.00034299   -0.00334347 -0.00052873
  0.00100841  0.00034299    0.09538638  0.00000000    0.00162328 -0.00093940
 -0.00334347  0.00052873    0.00162328  0.00093940    0.03210515  0.00000000

     Dynamical  Matrix in cartesian axes

     q = (    0.126772276   0.507089106  -1.645609139 ) 

    1    1
  0.08740170  0.00000000    0.00100841  0.00034299    0.00334347 -0.00052873
  0.00100841 -0.00034299    0.09538638  0.00000000   -0.00162328 -0.00093940
  0.00334347  0.00052873   -0.00162328  0.00093940    0.03210515  0.00000000
    1    2
  0.06593211  0.03037603    0.00290355  0.00104092    0.00321204 -0.00689487
  0.00290355  0.00104092   -0.00256976 -0.00524010    0.01934142 -0.00968754
  0.00321204 -0.00689487    0.01934142 -0.00968754   -0.00047721  0.00372734
    2    1
  0.06593211 -0.03037603    0.00290355 -0.00104092    0.00321204  0.00689487
  0.00290355 -0.00104092   -0.00256976  0.00524010    0.01934142  0.00968754
  0.00321204  0.00689487    0.01934142  0.00968754   -0.00047721 -0.00372734
    2    2
  0.08740170  0.00000000    0.00100841 -0.00034299    0.00334347  0.00052873
  0.00100841  0.00034299    0.09538638  0.00000000   -0.00162328  0.00093940
  0.00334347 -0.00052873   -0.00162328 -0.00093940    0.03210515 -0.00000000

     Dynamical  Matrix in cartesian axes

     q = (    0.507089106   0.126772276  -1.645609139 ) 

    1    1
  0.09538638  0.00000000    0.00100841  0.00034299   -0.00162328  0.00093940
  0.00100841 -0.00034299    0.08740170  0.00000000    0.00334347  0.00052873
 -0.00162328 -0.00093940    0.00334347 -0.00052873    0.03210515 -0.00000000
    1    2
  0.00256976 -0.00524010   -0.00290355  0.00104092   -0.01934142 -0.00968754
 -0.00290355  0.00104092   -0.06593211  0.03037603   -0.00321204 -0.00689487
 -0.01934142 -0.00968754   -0.00321204 -0.00689487    0.00047721  0.00372734
    2    1
  0.00256976  0.00524010   -0.00290355 -0.00104092   -0.01934142  0.00968754
 -0.00290355 -0.00104092   -0.06593211 -0.03037603   -0.00321204  0.00689487
 -0.01934142  0.00968754   -0.00321204  0.00689487    0.00047721 -0.00372734
    2    2
  0.09538638  0.00000000    0.00100841 -0.00034299   -0.00162328 -0.00093940
  0.00100841  0.00034299    0.08740170  0.00000000    0.00334347 -0.00052873
 -0.00162328  0.00093940    0.00334347  0.00052873    0.03210515  0.00000000

     Dynamical  Matrix in cartesian axes

     q = (   -0.507089106  -0.126772276  -1.645609139 ) 

    1    1
  0.09538638  0.00000000    0.00100841  0.00034299    0.00162328 -0.00093940
  0.00100841 -0.00034299    0.08740170  0.00000000   -0.00334347 -0.00052873
  0.00162328  0.00093940   -0.00334347  0.00052873    0.03210515  0.00000000
    1    2
  0.00524010  0.00256976   -0.00104092 -0.00290355   -0.00968754  0.01934142
 -0.00104092 -0.00290355   -0.03037603 -0.06593211   -0.00689487  0.00321204
 -0.00968754  0.01934142   -0.00689487  0.00321204   -0.00372734  0.00047721
    2    1
  0.00524010 -0.00256976   -0.00104092  0.00290355   -0.00968754 -0.01934142
 -0.00104092  0.00290355   -0.03037603  0.06593211   -0.00689487 -0.00321204
 -0.00968754 -0.01934142   -0.00689487 -0.00321204   -0.00372734 -0.00047721
    2    2
  0.09538638  0.00000000    0.00100841 -0.00034299    0.00162328  0.00093940
  0.00100841  0.00034299    0.08740170  0.00000000   -0.00334347  0.00052873
  0.00162328 -0.00093940   -0.00334347 -0.00052873    0.03210515 -0.00000000

     Dynamical  Matrix in cartesian axes

     q = (    0.126772276   0.507089106   1.645609139 ) 

    1    1
  0.08740170  0.00000000    0.00100841 -0.00034299   -0.00334347 -0.00052873
  0.00100841  0.00034299    0.09538638  0.00000000    0.00162328 -0.00093940
 -0.00334347  0.00052873    0.00162328  0.00093940    0.03210515  0.00000000
    1    2
  0.06810014  0.02514194    0.00278916  0.00131708    0.00260415 -0.00714667
  0.00278916  0.00131708   -0.00552240  0.00188822   -0.00682632 -0.02052657
  0.00260415 -0.00714667   -0.00682632 -0.02052657    0.00229819 -0.00297306
    2    1
  0.06810014 -0.02514194    0.00278916 -0.00131708    0.00260415  0.00714667
  0.00278916 -0.00131708   -0.00552240 -0.00188822   -0.00682632  0.02052657
  0.00260415  0.00714667   -0.00682632  0.02052657    0.00229819  0.00297306
    2    2
  0.08740170  0.00000000    0.00100841  0.00034299   -0.00334347  0.00052873
  0.00100841 -0.00034299    0.09538638  0.00000000    0.00162328  0.00093940
 -0.00334347 -0.00052873    0.00162328 -0.00093940    0.03210515 -0.00000000

     Dynamical  Matrix in cartesian axes

     q = (   -0.507089106  -0.126772276   1.645609139 ) 

    1    1
  0.09538638  0.00000000    0.00100841 -0.00034299   -0.00162328 -0.00093940
  0.00100841  0.00034299    0.08740170  0.00000000    0.00334347 -0.00052873
 -0.00162328  0.00093940    0.00334347  0.00052873    0.03210515  0.00000000
    1    2
  0.00256976  0.00524010   -0.00290355 -0.00104092   -0.01934142  0.00968754
 -0.00290355 -0.00104092   -0.06593211 -0.03037603   -0.00321204  0.00689487
 -0.01934142  0.00968754   -0.00321204  0.00689487    0.00047721 -0.00372734
    2    1
  0.00256976 -0.00524010   -0.00290355  0.00104092   -0.01934142 -0.00968754
 -0.00290355  0.00104092   -0.06593211  0.03037603   -0.00321204 -0.00689487
 -0.01934142 -0.00968754   -0.00321204 -0.00689487    0.00047721  0.00372734
    2    2
  0.09538638  0.00000000    0.00100841  0.00034299   -0.00162328  0.00093940
  0.00100841 -0.00034299    0.08740170  0.00000000    0.00334347  0.00052873
 -0.00162328 -0.00093940    0.00334347 -0.00052873    0.03210515 -0.00000000

     Dynamical  Matrix in cartesian axes

     q = (   -0.507089106   0.126772276  -1.645609139 ) 

    1    1
  0.09538638  0.00000000   -0.00100841 -0.00034299    0.00162328 -0.00093940
 -0.00100841  0.00034299    0.08740170  0.00000000    0.00334347  0.00052873
  0.00162328  0.00093940    0.00334347 -0.00052873    0.03210515  0.00000000
    1    2
 -0.00256976  0.00524010   -0.00290355  0.00104092   -0.01934142 -0.00968754
 -0.00290355  0.00104092    0.06593211 -0.03037603    0.00321204  0.00689487
 -0.01934142 -0.00968754    0.00321204  0.00689487   -0.00047721 -0.00372734
    2    1
 -0.00256976 -0.00524010   -0.00290355 -0.00104092   -0.01934142  0.00968754
 -0.00290355 -0.00104092    0.06593211  0.03037603    0.00321204 -0.00689487
 -0.01934142  0.00968754    0.00321204 -0.00689487   -0.00047721  0.00372734
    2    2
  0.09538638  0.00000000   -0.00100841  0.00034299    0.00162328  0.00093940
 -0.00100841 -0.00034299    0.08740170  0.00000000    0.00334347 -0.00052873
  0.00162328 -0.00093940    0.00334347  0.00052873    0.03210515 -0.00000000

     Dynamical  Matrix in cartesian axes

     q = (   -0.126772276  -0.507089106   1.645609139 ) 

    1    1
  0.08740170  0.00000000    0.00100841 -0.00034299    0.00334347  0.00052873
  0.00100841  0.00034299    0.09538638  0.00000000   -0.00162328  0.00093940
  0.00334347 -0.00052873   -0.00162328 -0.00093940    0.03210515 -0.00000000
    1    2
  0.06593211 -0.03037603    0.00290355 -0.00104092    0.00321204  0.00689487
  0.00290355 -0.00104092   -0.00256976  0.00524010    0.01934142  0.00968754
  0.00321204  0.00689487    0.01934142  0.00968754   -0.00047721 -0.00372734
    2    1
  0.06593211  0.03037603    0.00290355  0.00104092    0.00321204 -0.00689487
  0.00290355  0.00104092   -0.00256976 -0.00524010    0.01934142 -0.00968754
  0.00321204 -0.00689487    0.01934142 -0.00968754   -0.00047721  0.00372734
    2    2
  0.08740170  0.00000000    0.00100841  0.00034299    0.00334347 -0.00052873
  0.00100841 -0.00034299    0.09538638  0.00000000   -0.00162328 -0.00093940
  0.00334347  0.00052873   -0.00162328  0.00093940    0.03210515  0.00000000

     Dynamical  Matrix in cartesian axes

     q = (    0.507089106   0.126772276   1.645609139 ) 

    1    1
  0.09538638  0.00000000    0.00100841 -0.00034299    0.00162328  0.00093940
  0.00100841  0.00034299    0.08740170  0.00000000   -0.00334347  0.00052873
  0.00162328 -0.00093940   -0.00334347 -0.00052873    0.03210515 -0.00000000
    1    2
  0.00524010 -0.00256976   -0.00104092  0.00290355   -0.00968754 -0.01934142
 -0.00104092  0.00290355   -0.03037603  0.06593211   -0.00689487 -0.00321204
 -0.00968754 -0.01934142   -0.00689487 -0.00321204   -0.00372734 -0.00047721
    2    1
  0.00524010  0.00256976   -0.00104092 -0.00290355   -0.00968754  0.01934142
 -0.00104092 -0.00290355   -0.03037603 -0.06593211   -0.00689487  0.00321204
 -0.00968754  0.01934142   -0.00689487  0.00321204   -0.00372734  0.00047721
    2    2
  0.09538638  0.00000000    0.00100841  0.00034299    0.00162328 -0.00093940
  0.00100841 -0.00034299    0.08740170  0.00000000   -0.00334347 -0.00052873
  0.00162328  0.00093940   -0.00334347  0.00052873    0.03210515  0.00000000

     Dynamical  Matrix in cartesian axes

     q = (    0.126772276  -0.507089106  -1.645609139 ) 

    1    1
  0.08740170  0.00000000   -0.00100841 -0.00034299    0.00334347 -0.00052873
 -0.00100841  0.00034299    0.09538638  0.00000000    0.00162328  0.00093940
  0.00334347  0.00052873    0.00162328 -0.00093940    0.03210515 -0.00000000
    1    2
  0.06593211  0.03037603   -0.00290355 -0.00104092    0.00321204 -0.00689487
 -0.00290355 -0.00104092   -0.00256976 -0.00524010   -0.01934142  0.00968754
  0.00321204 -0.00689487   -0.01934142  0.00968754   -0.00047721  0.00372734
    2    1
  0.06593211 -0.03037603   -0.00290355  0.00104092    0.00321204  0.00689487
 -0.00290355  0.00104092   -0.00256976  0.00524010   -0.01934142 -0.00968754
  0.00321204  0.00689487   -0.01934142 -0.00968754   -0.00047721 -0.00372734
    2    2
  0.08740170  0.00000000   -0.00100841  0.00034299    0.00334347  0.00052873
 -0.00100841 -0.00034299    0.09538638  0.00000000    0.00162328 -0.00093940
  0.00334347 -0.00052873    0.00162328  0.00093940    0.03210515  0.00000000

     Dynamical  Matrix in cartesian axes

     q = (   -0.126772276   0.507089106  -1.645609139 ) 

    1    1
  0.08740170  0.00000000   -0.00100841 -0.00034299   -0.00334347  0.00052873
 -0.00100841  0.00034299    0.09538638  0.00000000   -0.00162328 -0.00093940
 -0.00334347 -0.00052873   -0.00162328  0.00093940    0.03210515  0.00000000
    1    2
  0.06810014 -0.02514194   -0.00278916  0.00131708    0.00260415  0.00714667
 -0.00278916  0.00131708   -0.00552240 -0.00188822    0.00682632 -0.02052657
  0.00260415  0.00714667    0.00682632 -0.02052657    0.00229819  0.00297306
    2    1
  0.06810014  0.02514194   -0.00278916 -0.00131708    0.00260415 -0.00714667
 -0.00278916 -0.00131708   -0.00552240  0.00188822    0.00682632  0.02052657
  0.00260415 -0.00714667    0.00682632  0.02052657    0.00229819 -0.00297306
    2    2
  0.08740170  0.00000000   -0.00100841  0.00034299   -0.00334347 -0.00052873
 -0.00100841 -0.00034299    0.09538638  0.00000000   -0.00162328  0.00093940
 -0.00334347  0.00052873   -0.00162328 -0.00093940    0.03210515 -0.00000000

     Dynamical  Matrix in cartesian axes

     q = (    0.507089106  -0.126772276  -1.645609139 ) 

    1    1
  0.09538638  0.00000000   -0.00100841 -0.00034299   -0.00162328  0.00093940
 -0.00100841  0.00034299    0.08740170  0.00000000   -0.00334347 -0.00052873
 -0.00162328 -0.00093940   -0.00334347  0.00052873    0.03210515 -0.00000000
    1    2
 -0.00524010 -0.00256976   -0.00104092 -0.00290355   -0.00968754  0.01934142
 -0.00104092 -0.00290355    0.03037603  0.06593211    0.00689487 -0.00321204
 -0.00968754  0.01934142    0.00689487 -0.00321204    0.00372734 -0.00047721
    2    1
 -0.00524010  0.00256976   -0.00104092  0.00290355   -0.00968754 -0.01934142
 -0.00104092  0.00290355    0.03037603 -0.06593211    0.00689487  0.00321204
 -0.00968754 -0.01934142    0.00689487  0.00321204    0.00372734  0.00047721
    2    2
  0.09538638  0.00000000   -0.00100841  0.00034299   -0.00162328 -0.00093940
 -0.00100841 -0.00034299    0.08740170  0.00000000   -0.00334347  0.00052873
 -0.00162328  0.00093940   -0.00334347 -0.00052873    0.03210515  0.00000000

     Diagonalizing the dynamical matrix

     q = (    0.126772276  -0.507089106   1.645609139 ) 

 **************************************************************************
     freq (    1) =       0.977791 [THz] =      32.615590 [cm-1]
 (  0.457750 -0.395988  0.017817  0.086303 -0.058748 -0.349917 ) 
 ( -0.314731  0.516997  0.088062  0.003281 -0.354814  0.000000 ) 
     freq (    2) =       1.560064 [THz] =      52.038145 [cm-1]
 (  0.189187  0.094968 -0.078669 -0.197784 -0.612306 -0.186985 ) 
 ( -0.208675  0.035572  0.133005 -0.166184  0.640220  0.000000 ) 
     freq (    3) =       1.769440 [THz] =      59.022167 [cm-1]
 (  0.062820 -0.292670 -0.050076 -0.178484  0.613053  0.014137 ) 
 (  0.056056  0.294040 -0.054177  0.177282  0.613216  0.000000 ) 
     freq (    4) =       3.089538 [THz] =     103.055898 [cm-1]
 ( -0.017739 -0.064418 -0.152529 -0.657092  0.189559 -0.067583 ) 
 ( -0.004924 -0.066634 -0.076996 -0.670155 -0.201246  0.000000 ) 
     freq (    5) =       3.291406 [THz] =     109.789474 [cm-1]
 (  0.018647 -0.000832  0.266294  0.619288  0.166333 -0.132495 ) 
 (  0.015104 -0.010968 -0.177561 -0.650309  0.212653  0.000000 ) 
     freq (    6) =       4.011532 [THz] =     133.810292 [cm-1]
 ( -0.095846 -0.696596  0.001417  0.055634 -0.040059  0.029414 ) 
 ( -0.335024 -0.618217  0.031785  0.045682  0.049698 -0.000000 ) 
 **************************************************************************
