Dynamical matrix file
                                                                           
  1    2  0 11.2374640  0.0000000  0.0000000  0.0000000  0.0000000  0.0000000
Basis vectors
      0.986020000   -0.000000000   -0.000000000
     -0.000000000    0.986020000   -0.000000000
      0.493010000    0.493010000    0.265859000
           1  'Sn  '    108197.54598352207     
    1    1      0.9860200000      1.2325250000      0.1993942500
    2    1      0.4930100000      0.2465050000      0.0664647500

     Dynamical  Matrix in cartesian axes

     q = (    0.253544553   0.380316829  -2.115783178 ) 

    1    1
  0.09608944  0.00000000   -0.00303099  0.00319283   -0.00145819  0.00022874
 -0.00303099 -0.00319283    0.10037167  0.00000000   -0.00138928 -0.00278781
 -0.00145819 -0.00022874   -0.00138928  0.00278781    0.03276302 -0.00000000
    1    2
  0.06209454 -0.00346201    0.00003145 -0.00199205    0.00465463 -0.01478580
  0.00003145 -0.00199205   -0.03647051  0.01568601   -0.01322863 -0.01673096
  0.00465463 -0.01478580   -0.01322863 -0.01673096   -0.00014211 -0.00306109
    2    1
  0.06209454  0.00346201    0.00003145  0.00199205    0.00465463  0.01478580
  0.00003145  0.00199205   -0.03647051 -0.01568601   -0.01322863  0.01673096
  0.00465463  0.01478580   -0.01322863  0.01673096   -0.00014211  0.00306109
    2    2
  0.09608944  0.00000000   -0.00303099 -0.00319283   -0.00145819 -0.00022874
 -0.00303099  0.00319283    0.10037167  0.00000000   -0.00138928  0.00278781
 -0.00145819  0.00022874   -0.00138928 -0.00278781    0.03276302  0.00000000

     Dynamical  Matrix in cartesian axes

     q = (    0.380316829   0.253544553  -2.115783178 ) 

    1    1
  0.10037167  0.00000000   -0.00303099  0.00319283   -0.00138928  0.00278781
 -0.00303099 -0.00319283    0.09608944  0.00000000   -0.00145819 -0.00022874
 -0.00138928 -0.00278781   -0.00145819  0.00022874    0.03276302 -0.00000000
    1    2
  0.03688023 -0.01469686   -0.00143083 -0.00138635   -0.00247652 -0.02118463
 -0.00143083 -0.00138635   -0.04635548  0.04145946   -0.01374646 -0.00716382
 -0.00247652 -0.02118463   -0.01374646 -0.00716382   -0.00206403 -0.00226501
    2    1
  0.03688023  0.01469686   -0.00143083  0.00138635   -0.00247652  0.02118463
 -0.00143083  0.00138635   -0.04635548 -0.04145946   -0.01374646  0.00716382
 -0.00247652  0.02118463   -0.01374646  0.00716382   -0.00206403  0.00226501
    2    2
  0.10037167  0.00000000   -0.00303099 -0.00319283   -0.00138928 -0.00278781
 -0.00303099  0.00319283    0.09608944  0.00000000   -0.00145819  0.00022874
 -0.00138928  0.00278781   -0.00145819 -0.00022874    0.03276302  0.00000000

     Dynamical  Matrix in cartesian axes

     q = (   -0.253544553  -0.380316829  -2.115783178 ) 

    1    1
  0.09608944  0.00000000   -0.00303099  0.00319283    0.00145819 -0.00022874
 -0.00303099 -0.00319283    0.10037167  0.00000000    0.00138928  0.00278781
  0.00145819  0.00022874    0.00138928 -0.00278781    0.03276302  0.00000000
    1    2
  0.06209454 -0.00346201    0.00003145 -0.00199205   -0.00465463  0.01478580
  0.00003145 -0.00199205   -0.03647051  0.01568601    0.01322863  0.01673096
 -0.00465463  0.01478580    0.01322863  0.01673096   -0.00014211 -0.00306109
    2    1
  0.06209454  0.00346201    0.00003145  0.00199205   -0.00465463 -0.01478580
  0.00003145  0.00199205   -0.03647051 -0.01568601    0.01322863 -0.01673096
 -0.00465463 -0.01478580    0.01322863 -0.01673096   -0.00014211  0.00306109
    2    2
  0.09608944  0.00000000   -0.00303099 -0.00319283    0.00145819  0.00022874
 -0.00303099  0.00319283    0.10037167  0.00000000    0.00138928 -0.00278781
  0.00145819 -0.00022874    0.00138928  0.00278781    0.03276302 -0.00000000

     Dynamical  Matrix in cartesian axes

     q = (   -0.380316829  -0.253544553  -2.115783178 ) 

    1    1
  0.10037167  0.00000000   -0.00303099  0.00319283    0.00138928 -0.00278781
 -0.00303099 -0.00319283    0.09608944  0.00000000    0.00145819  0.00022874
  0.00138928  0.00278781    0.00145819 -0.00022874    0.03276302 -0.00000000
    1    2
  0.03647051  0.01568601   -0.00003145 -0.00199205   -0.01322863  0.01673096
 -0.00003145 -0.00199205   -0.06209454 -0.00346201    0.00465463  0.01478580
 -0.01322863  0.01673096    0.00465463  0.01478580    0.00014211 -0.00306109
    2    1
  0.03647051 -0.01568601   -0.00003145  0.00199205   -0.01322863 -0.01673096
 -0.00003145  0.00199205   -0.06209454  0.00346201    0.00465463 -0.01478580
 -0.01322863 -0.01673096    0.00465463 -0.01478580    0.00014211  0.00306109
    2    2
  0.10037167  0.00000000   -0.00303099 -0.00319283    0.00138928  0.00278781
 -0.00303099  0.00319283    0.09608944  0.00000000    0.00145819 -0.00022874
  0.00138928 -0.00278781    0.00145819  0.00022874    0.03276302  0.00000000

     Dynamical  Matrix in cartesian axes

     q = (   -0.253544553   0.380316829   2.115783178 ) 

    1    1
  0.09608944  0.00000000    0.00303099  0.00319283   -0.00145819 -0.00022874
  0.00303099 -0.00319283    0.10037167  0.00000000    0.00138928 -0.00278781
 -0.00145819  0.00022874    0.00138928  0.00278781    0.03276302  0.00000000
    1    2
  0.00346201 -0.06209454   -0.00199205  0.00003145    0.01478580 -0.00465463
 -0.00199205  0.00003145   -0.01568601  0.03647051   -0.01673096 -0.01322863
  0.01478580 -0.00465463   -0.01673096 -0.01322863    0.00306109  0.00014211
    2    1
  0.00346201  0.06209454   -0.00199205 -0.00003145    0.01478580  0.00465463
 -0.00199205 -0.00003145   -0.01568601 -0.03647051   -0.01673096  0.01322863
  0.01478580  0.00465463   -0.01673096  0.01322863    0.00306109 -0.00014211
    2    2
  0.09608944  0.00000000    0.00303099 -0.00319283   -0.00145819  0.00022874
  0.00303099  0.00319283    0.10037167  0.00000000    0.00138928  0.00278781
 -0.00145819 -0.00022874    0.00138928 -0.00278781    0.03276302 -0.00000000

     Dynamical  Matrix in cartesian axes

     q = (    0.253544553  -0.380316829   2.115783178 ) 

    1    1
  0.09608944  0.00000000    0.00303099  0.00319283    0.00145819  0.00022874
  0.00303099 -0.00319283    0.10037167  0.00000000   -0.00138928  0.00278781
  0.00145819 -0.00022874   -0.00138928 -0.00278781    0.03276302  0.00000000
    1    2
 -0.00346201  0.06209454    0.00199205 -0.00003145    0.01478580 -0.00465463
  0.00199205 -0.00003145    0.01568601 -0.03647051   -0.01673096 -0.01322863
  0.01478580 -0.00465463   -0.01673096 -0.01322863   -0.00306109 -0.00014211
    2    1
 -0.00346201 -0.06209454    0.00199205  0.00003145    0.01478580  0.00465463
  0.00199205  0.00003145    0.01568601  0.03647051   -0.01673096  0.01322863
  0.01478580  0.00465463   -0.01673096  0.01322863   -0.00306109  0.00014211
    2    2
  0.09608944  0.00000000    0.00303099 -0.00319283    0.00145819 -0.00022874
  0.00303099  0.00319283    0.10037167  0.00000000   -0.00138928 -0.00278781
  0.00145819  0.00022874   -0.00138928  0.00278781    0.03276302 -0.00000000

     Dynamical  Matrix in cartesian axes

     q = (   -0.380316829   0.253544553   2.115783178 ) 

    1    1
  0.10037167  0.00000000    0.00303099  0.00319283   -0.00138928 -0.00278781
  0.00303099 -0.00319283    0.09608944  0.00000000    0.00145819 -0.00022874
 -0.00138928  0.00278781    0.00145819  0.00022874    0.03276302 -0.00000000
    1    2
 -0.03688023 -0.01469686   -0.00143083  0.00138635    0.00247652 -0.02118463
 -0.00143083  0.00138635    0.04635548  0.04145946   -0.01374646  0.00716382
  0.00247652 -0.02118463   -0.01374646  0.00716382    0.00206403 -0.00226501
    2    1
 -0.03688023  0.01469686   -0.00143083 -0.00138635    0.00247652  0.02118463
 -0.00143083 -0.00138635    0.04635548 -0.04145946   -0.01374646 -0.00716382
  0.00247652  0.02118463   -0.01374646 -0.00716382    0.00206403  0.00226501
    2    2
  0.10037167  0.00000000    0.00303099 -0.00319283   -0.00138928  0.00278781
  0.00303099  0.00319283    0.09608944  0.00000000    0.00145819  0.00022874
 -0.00138928 -0.00278781    0.00145819 -0.00022874    0.03276302  0.00000000

     Dynamical  Matrix in cartesian axes

     q = (    0.380316829  -0.253544553   2.115783178 ) 

    1    1
  0.10037167  0.00000000    0.00303099  0.00319283    0.00138928  0.00278781
  0.00303099 -0.00319283    0.09608944  0.00000000   -0.00145819  0.00022874
  0.00138928 -0.00278781   -0.00145819 -0.00022874    0.03276302 -0.00000000
    1    2
 -0.03647051  0.01568601   -0.00003145  0.00199205    0.01322863  0.01673096
 -0.00003145  0.00199205    0.06209454 -0.00346201    0.00465463 -0.01478580
  0.01322863  0.01673096    0.00465463 -0.01478580   -0.00014211 -0.00306109
    2    1
 -0.03647051 -0.01568601   -0.00003145 -0.00199205    0.01322863 -0.01673096
 -0.00003145 -0.00199205    0.06209454  0.00346201    0.00465463  0.01478580
  0.01322863 -0.01673096    0.00465463  0.01478580   -0.00014211  0.00306109
    2    2
  0.10037167  0.00000000    0.00303099 -0.00319283    0.00138928 -0.00278781
  0.00303099  0.00319283    0.09608944  0.00000000   -0.00145819 -0.00022874
  0.00138928  0.00278781   -0.00145819  0.00022874    0.03276302  0.00000000

     Dynamical  Matrix in cartesian axes

     q = (    0.253544553  -0.380316829  -2.115783178 ) 

    1    1
  0.09608944  0.00000000    0.00303099 -0.00319283   -0.00145819  0.00022874
  0.00303099  0.00319283    0.10037167  0.00000000    0.00138928  0.00278781
 -0.00145819 -0.00022874    0.00138928 -0.00278781    0.03276302 -0.00000000
    1    2
  0.00346201  0.06209454   -0.00199205 -0.00003145    0.01478580  0.00465463
 -0.00199205 -0.00003145   -0.01568601 -0.03647051   -0.01673096  0.01322863
  0.01478580  0.00465463   -0.01673096  0.01322863    0.00306109 -0.00014211
    2    1
  0.00346201 -0.06209454   -0.00199205  0.00003145    0.01478580 -0.00465463
 -0.00199205  0.00003145   -0.01568601  0.03647051   -0.01673096 -0.01322863
  0.01478580 -0.00465463   -0.01673096 -0.01322863    0.00306109  0.00014211
    2    2
  0.09608944  0.00000000    0.00303099  0.00319283   -0.00145819 -0.00022874
  0.00303099 -0.00319283    0.10037167  0.00000000    0.00138928 -0.00278781
 -0.00145819  0.00022874    0.00138928  0.00278781    0.03276302  0.00000000

     Dynamical  Matrix in cartesian axes

     q = (    0.380316829  -0.253544553  -2.115783178 ) 

    1    1
  0.10037167  0.00000000    0.00303099 -0.00319283   -0.00138928  0.00278781
  0.00303099  0.00319283    0.09608944  0.00000000    0.00145819  0.00022874
 -0.00138928 -0.00278781    0.00145819 -0.00022874    0.03276302  0.00000000
    1    2
 -0.03688023  0.01469686   -0.00143083 -0.00138635    0.00247652  0.02118463
 -0.00143083 -0.00138635    0.04635548 -0.04145946   -0.01374646 -0.00716382
  0.00247652  0.02118463   -0.01374646 -0.00716382    0.00206403  0.00226501
    2    1
 -0.03688023 -0.01469686   -0.00143083  0.00138635    0.00247652 -0.02118463
 -0.00143083  0.00138635    0.04635548  0.04145946   -0.01374646  0.00716382
  0.00247652 -0.02118463   -0.01374646  0.00716382    0.00206403 -0.00226501
    2    2
  0.10037167  0.00000000    0.00303099  0.00319283   -0.00138928 -0.00278781
  0.00303099 -0.00319283    0.09608944  0.00000000    0.00145819 -0.00022874
 -0.00138928  0.00278781    0.00145819  0.00022874    0.03276302 -0.00000000

     Dynamical  Matrix in cartesian axes

     q = (    0.380316829   0.253544553   2.115783178 ) 

    1    1
  0.10037167  0.00000000   -0.00303099 -0.00319283    0.00138928  0.00278781
 -0.00303099  0.00319283    0.09608944  0.00000000    0.00145819 -0.00022874
  0.00138928 -0.00278781    0.00145819  0.00022874    0.03276302  0.00000000
    1    2
  0.03647051 -0.01568601   -0.00003145  0.00199205   -0.01322863 -0.01673096
 -0.00003145  0.00199205   -0.06209454  0.00346201    0.00465463 -0.01478580
 -0.01322863 -0.01673096    0.00465463 -0.01478580    0.00014211  0.00306109
    2    1
  0.03647051  0.01568601   -0.00003145 -0.00199205   -0.01322863  0.01673096
 -0.00003145 -0.00199205   -0.06209454 -0.00346201    0.00465463  0.01478580
 -0.01322863  0.01673096    0.00465463  0.01478580    0.00014211 -0.00306109
    2    2
  0.10037167  0.00000000   -0.00303099  0.00319283    0.00138928 -0.00278781
 -0.00303099 -0.00319283    0.09608944  0.00000000    0.00145819  0.00022874
  0.00138928  0.00278781    0.00145819 -0.00022874    0.03276302 -0.00000000

     Dynamical  Matrix in cartesian axes

     q = (   -0.253544553   0.380316829  -2.115783178 ) 

    1    1
  0.09608944  0.00000000    0.00303099 -0.00319283    0.00145819 -0.00022874
  0.00303099  0.00319283    0.10037167  0.00000000   -0.00138928 -0.00278781
  0.00145819  0.00022874   -0.00138928  0.00278781    0.03276302 -0.00000000
    1    2
 -0.00346201 -0.06209454    0.00199205  0.00003145    0.01478580  0.00465463
  0.00199205  0.00003145    0.01568601  0.03647051   -0.01673096  0.01322863
  0.01478580  0.00465463   -0.01673096  0.01322863   -0.00306109  0.00014211
    2    1
 -0.00346201  0.06209454    0.00199205 -0.00003145    0.01478580 -0.00465463
  0.00199205 -0.00003145    0.01568601 -0.03647051   -0.01673096 -0.01322863
  0.01478580 -0.00465463   -0.01673096 -0.01322863   -0.00306109 -0.00014211
    2    2
  0.09608944  0.00000000    0.00303099  0.00319283    0.00145819  0.00022874
  0.00303099 -0.00319283    0.10037167  0.00000000   -0.00138928  0.00278781
  0.00145819 -0.00022874   -0.00138928 -0.00278781    0.03276302  0.00000000

     Dynamical  Matrix in cartesian axes

     q = (   -0.380316829   0.253544553  -2.115783178 ) 

    1    1
  0.10037167  0.00000000    0.00303099 -0.00319283    0.00138928 -0.00278781
  0.00303099  0.00319283    0.09608944  0.00000000   -0.00145819 -0.00022874
  0.00138928  0.00278781   -0.00145819  0.00022874    0.03276302  0.00000000
    1    2
 -0.03647051 -0.01568601   -0.00003145 -0.00199205    0.01322863 -0.01673096
 -0.00003145 -0.00199205    0.06209454  0.00346201    0.00465463  0.01478580
  0.01322863 -0.01673096    0.00465463  0.01478580   -0.00014211  0.00306109
    2    1
 -0.03647051  0.01568601   -0.00003145  0.00199205    0.01322863  0.01673096
 -0.00003145  0.00199205    0.06209454 -0.00346201    0.00465463 -0.01478580
  0.01322863  0.01673096    0.00465463 -0.01478580   -0.00014211 -0.00306109
    2    2
  0.10037167  0.00000000    0.00303099  0.00319283    0.00138928  0.00278781
  0.00303099 -0.00319283    0.09608944  0.00000000   -0.00145819  0.00022874
  0.00138928 -0.00278781   -0.00145819 -0.00022874    0.03276302 -0.00000000

     Dynamical  Matrix in cartesian axes

     q = (    0.253544553   0.380316829   2.115783178 ) 

    1    1
  0.09608944  0.00000000   -0.00303099 -0.00319283    0.00145819  0.00022874
 -0.00303099  0.00319283    0.10037167  0.00000000    0.00138928 -0.00278781
  0.00145819 -0.00022874    0.00138928  0.00278781    0.03276302 -0.00000000
    1    2
  0.06209454  0.00346201    0.00003145  0.00199205   -0.00465463 -0.01478580
  0.00003145  0.00199205   -0.03647051 -0.01568601    0.01322863 -0.01673096
 -0.00465463 -0.01478580    0.01322863 -0.01673096   -0.00014211  0.00306109
    2    1
  0.06209454 -0.00346201    0.00003145 -0.00199205   -0.00465463  0.01478580
  0.00003145 -0.00199205   -0.03647051  0.01568601    0.01322863  0.01673096
 -0.00465463  0.01478580    0.01322863  0.01673096   -0.00014211 -0.00306109
    2    2
  0.09608944  0.00000000   -0.00303099  0.00319283    0.00145819 -0.00022874
 -0.00303099 -0.00319283    0.10037167  0.00000000    0.00138928  0.00278781
  0.00145819  0.00022874    0.00138928 -0.00278781    0.03276302  0.00000000

     Dynamical  Matrix in cartesian axes

     q = (   -0.253544553  -0.380316829   2.115783178 ) 

    1    1
  0.09608944  0.00000000   -0.00303099 -0.00319283   -0.00145819 -0.00022874
 -0.00303099  0.00319283    0.10037167  0.00000000   -0.00138928  0.00278781
 -0.00145819  0.00022874   -0.00138928 -0.00278781    0.03276302  0.00000000
    1    2
  0.06209454  0.00346201    0.00003145  0.00199205    0.00465463  0.01478580
  0.00003145  0.00199205   -0.03647051 -0.01568601   -0.01322863  0.01673096
  0.00465463  0.01478580   -0.01322863  0.01673096   -0.00014211  0.00306109
    2    1
  0.06209454 -0.00346201    0.00003145 -0.00199205    0.00465463 -0.01478580
  0.00003145 -0.00199205   -0.03647051  0.01568601   -0.01322863 -0.01673096
  0.00465463 -0.01478580   -0.01322863 -0.01673096   -0.00014211 -0.00306109
    2    2
  0.09608944  0.00000000   -0.00303099  0.00319283   -0.00145819  0.00022874
 -0.00303099 -0.00319283    0.10037167  0.00000000   -0.00138928 -0.00278781
 -0.00145819 -0.00022874   -0.00138928  0.00278781    0.03276302 -0.00000000

     Dynamical  Matrix in cartesian axes

     q = (   -0.380316829  -0.253544553   2.115783178 ) 

    1    1
  0.10037167  0.00000000   -0.00303099 -0.00319283   -0.00138928 -0.00278781
 -0.00303099  0.00319283    0.09608944  0.00000000   -0.00145819  0.00022874
 -0.00138928  0.00278781   -0.00145819 -0.00022874    0.03276302  0.00000000
    1    2
  0.03688023  0.01469686   -0.00143083  0.00138635   -0.00247652  0.02118463
 -0.00143083  0.00138635   -0.04635548 -0.04145946   -0.01374646  0.00716382
 -0.00247652  0.02118463   -0.01374646  0.00716382   -0.00206403  0.00226501
    2    1
  0.03688023 -0.01469686   -0.00143083 -0.00138635   -0.00247652 -0.02118463
 -0.00143083 -0.00138635   -0.04635548  0.04145946   -0.01374646 -0.00716382
 -0.00247652 -0.02118463   -0.01374646 -0.00716382   -0.00206403 -0.00226501
    2    2
  0.10037167  0.00000000   -0.00303099  0.00319283   -0.00138928  0.00278781
 -0.00303099 -0.00319283    0.09608944  0.00000000   -0.00145819 -0.00022874
 -0.00138928 -0.00278781   -0.00145819  0.00022874    0.03276302 -0.00000000

     Diagonalizing the dynamical matrix

     q = (    0.253544553   0.380316829  -2.115783178 ) 

 **************************************************************************
     freq (    1) =       1.068274 [THz] =      35.633778 [cm-1]
 ( -0.183387  0.337737  0.147140  0.133725  0.212210  0.517433 ) 
 (  0.242893 -0.297826  0.179556  0.085394  0.559259  0.000000 ) 
     freq (    2) =       1.662052 [THz] =      55.440081 [cm-1]
 (  0.138888  0.145966  0.046039  0.218373 -0.370087 -0.522143 ) 
 ( -0.199400 -0.028905 -0.204783  0.088716  0.639998  0.000000 ) 
     freq (    3) =       2.075092 [THz] =      69.217623 [cm-1]
 ( -0.096188 -0.534868  0.241935 -0.005739  0.369329 -0.098465 ) 
 (  0.044845  0.541594  0.235247 -0.056779  0.382230  0.000000 ) 
     freq (    4) =       2.669641 [THz] =      89.049639 [cm-1]
 (  0.133280 -0.070799 -0.464931 -0.396465 -0.101997  0.305739 ) 
 ( -0.109339  0.104025 -0.228956 -0.566501  0.322303  0.000000 ) 
     freq (    5) =       3.771003 [THz] =     125.787116 [cm-1]
 (  0.263388 -0.048725  0.225807  0.601826 -0.117467  0.035645 ) 
 (  0.266188 -0.029855  0.041324 -0.641464 -0.122756  0.000000 ) 
     freq (    6) =       4.037543 [THz] =     134.677941 [cm-1]
 (  0.354916 -0.543951 -0.237661 -0.095316 -0.040464 -0.104628 ) 
 (  0.379311 -0.527230  0.174625  0.187280  0.112180  0.000000 ) 
 **************************************************************************
