Dynamical matrix file
                                                                           
  1    2  0 11.2374640  0.0000000  0.0000000  0.0000000  0.0000000  0.0000000
Basis vectors
      0.986020000   -0.000000000   -0.000000000
     -0.000000000    0.986020000   -0.000000000
      0.493010000    0.493010000    0.265859000
           1  'Sn  '    108197.54598352207     
    1    1      0.9860200000      1.2325250000      0.1993942500
    2    1      0.4930100000      0.2465050000      0.0664647500

     Dynamical  Matrix in cartesian axes

     q = (    0.000000000   0.126772276  -2.115783178 ) 

    1    1
  0.09324819  0.00000000    0.00000000  0.00000000    0.00000000  0.00000000
  0.00000000  0.00000000    0.10166616  0.00000000    0.00015486 -0.00044485
  0.00000000  0.00000000    0.00015486  0.00044485    0.03483387  0.00000000
    1    2
 -0.06538988 -0.05824156    0.00000000  0.00000000    0.00000000  0.00000000
  0.00000000  0.00000000    0.07164472  0.03437503   -0.00244944  0.00844293
  0.00000000  0.00000000   -0.00244944  0.00844293   -0.00015357 -0.00223582
    2    1
 -0.06538988  0.05824156    0.00000000  0.00000000    0.00000000  0.00000000
  0.00000000  0.00000000    0.07164472 -0.03437503   -0.00244944 -0.00844293
  0.00000000  0.00000000   -0.00244944 -0.00844293   -0.00015357  0.00223582
    2    2
  0.09324819  0.00000000    0.00000000  0.00000000    0.00000000  0.00000000
  0.00000000  0.00000000    0.10166616  0.00000000    0.00015486  0.00044485
  0.00000000  0.00000000    0.00015486 -0.00044485    0.03483387 -0.00000000

     Dynamical  Matrix in cartesian axes

     q = (    0.000000000  -0.126772276  -2.115783178 ) 

    1    1
  0.09324819  0.00000000    0.00000000  0.00000000    0.00000000  0.00000000
  0.00000000  0.00000000    0.10166616  0.00000000   -0.00015486  0.00044485
  0.00000000  0.00000000   -0.00015486 -0.00044485    0.03483387  0.00000000
    1    2
 -0.05824156  0.06538988    0.00000000  0.00000000    0.00000000  0.00000000
  0.00000000  0.00000000    0.03437503 -0.07164472   -0.00844293 -0.00244944
  0.00000000  0.00000000   -0.00844293 -0.00244944   -0.00223582  0.00015357
    2    1
 -0.05824156 -0.06538988    0.00000000  0.00000000    0.00000000  0.00000000
  0.00000000  0.00000000    0.03437503  0.07164472   -0.00844293  0.00244944
  0.00000000  0.00000000   -0.00844293  0.00244944   -0.00223582 -0.00015357
    2    2
  0.09324819  0.00000000    0.00000000  0.00000000    0.00000000  0.00000000
  0.00000000  0.00000000    0.10166616  0.00000000   -0.00015486 -0.00044485
  0.00000000  0.00000000   -0.00015486  0.00044485    0.03483387 -0.00000000

     Dynamical  Matrix in cartesian axes

     q = (   -0.126772276   0.000000000  -2.115783178 ) 

    1    1
  0.10166616  0.00000000    0.00000000  0.00000000   -0.00015486 -0.00044485
  0.00000000  0.00000000    0.09324819  0.00000000    0.00000000  0.00000000
 -0.00015486  0.00044485    0.00000000  0.00000000    0.03483387 -0.00000000
    1    2
 -0.07164472  0.03437503    0.00000000  0.00000000   -0.00244944 -0.00844293
  0.00000000  0.00000000    0.06538988 -0.05824156    0.00000000  0.00000000
 -0.00244944 -0.00844293    0.00000000  0.00000000    0.00015357 -0.00223582
    2    1
 -0.07164472 -0.03437503    0.00000000  0.00000000   -0.00244944  0.00844293
  0.00000000  0.00000000    0.06538988  0.05824156    0.00000000  0.00000000
 -0.00244944  0.00844293    0.00000000  0.00000000    0.00015357  0.00223582
    2    2
  0.10166616  0.00000000    0.00000000  0.00000000   -0.00015486  0.00044485
  0.00000000  0.00000000    0.09324819  0.00000000    0.00000000  0.00000000
 -0.00015486 -0.00044485    0.00000000  0.00000000    0.03483387  0.00000000

     Dynamical  Matrix in cartesian axes

     q = (    0.000000000   0.126772276   2.115783178 ) 

    1    1
  0.09324819  0.00000000    0.00000000  0.00000000    0.00000000  0.00000000
  0.00000000  0.00000000    0.10166616  0.00000000   -0.00015486 -0.00044485
  0.00000000  0.00000000   -0.00015486  0.00044485    0.03483387 -0.00000000
    1    2
 -0.05824156 -0.06538988    0.00000000  0.00000000    0.00000000  0.00000000
  0.00000000  0.00000000    0.03437503  0.07164472   -0.00844293  0.00244944
  0.00000000  0.00000000   -0.00844293  0.00244944   -0.00223582 -0.00015357
    2    1
 -0.05824156  0.06538988    0.00000000  0.00000000    0.00000000  0.00000000
  0.00000000  0.00000000    0.03437503 -0.07164472   -0.00844293 -0.00244944
  0.00000000  0.00000000   -0.00844293 -0.00244944   -0.00223582  0.00015357
    2    2
  0.09324819  0.00000000    0.00000000  0.00000000    0.00000000  0.00000000
  0.00000000  0.00000000    0.10166616  0.00000000   -0.00015486  0.00044485
  0.00000000  0.00000000   -0.00015486 -0.00044485    0.03483387  0.00000000

     Dynamical  Matrix in cartesian axes

     q = (    0.000000000  -0.126772276   2.115783178 ) 

    1    1
  0.09324819  0.00000000    0.00000000  0.00000000    0.00000000  0.00000000
  0.00000000  0.00000000    0.10166616  0.00000000    0.00015486  0.00044485
  0.00000000  0.00000000    0.00015486 -0.00044485    0.03483387 -0.00000000
    1    2
 -0.06538988  0.05824156    0.00000000  0.00000000    0.00000000  0.00000000
  0.00000000  0.00000000    0.07164472 -0.03437503   -0.00244944 -0.00844293
  0.00000000  0.00000000   -0.00244944 -0.00844293   -0.00015357  0.00223582
    2    1
 -0.06538988 -0.05824156    0.00000000  0.00000000    0.00000000  0.00000000
  0.00000000  0.00000000    0.07164472  0.03437503   -0.00244944  0.00844293
  0.00000000  0.00000000   -0.00244944  0.00844293   -0.00015357 -0.00223582
    2    2
  0.09324819  0.00000000    0.00000000  0.00000000    0.00000000  0.00000000
  0.00000000  0.00000000    0.10166616  0.00000000    0.00015486 -0.00044485
  0.00000000  0.00000000    0.00015486  0.00044485    0.03483387  0.00000000

     Dynamical  Matrix in cartesian axes

     q = (   -0.126772276   0.000000000   2.115783178 ) 

    1    1
  0.10166616  0.00000000    0.00000000  0.00000000    0.00015486 -0.00044485
  0.00000000  0.00000000    0.09324819  0.00000000    0.00000000  0.00000000
  0.00015486  0.00044485    0.00000000  0.00000000    0.03483387  0.00000000
    1    2
 -0.07496728  0.02635365    0.00000000  0.00000000   -0.00423803 -0.00770207
  0.00000000  0.00000000    0.08742063 -0.00505463    0.00000000  0.00000000
 -0.00423803 -0.00770207    0.00000000  0.00000000    0.00168956  0.00147237
    2    1
 -0.07496728 -0.02635365    0.00000000  0.00000000   -0.00423803  0.00770207
  0.00000000  0.00000000    0.08742063  0.00505463    0.00000000  0.00000000
 -0.00423803  0.00770207    0.00000000  0.00000000    0.00168956 -0.00147237
    2    2
  0.10166616  0.00000000    0.00000000  0.00000000    0.00015486  0.00044485
  0.00000000  0.00000000    0.09324819  0.00000000    0.00000000  0.00000000
  0.00015486 -0.00044485    0.00000000  0.00000000    0.03483387 -0.00000000

     Dynamical  Matrix in cartesian axes

     q = (    0.126772276   0.000000000   2.115783178 ) 

    1    1
  0.10166616  0.00000000    0.00000000  0.00000000   -0.00015486  0.00044485
  0.00000000  0.00000000    0.09324819  0.00000000    0.00000000  0.00000000
 -0.00015486 -0.00044485    0.00000000  0.00000000    0.03483387  0.00000000
    1    2
 -0.07164472 -0.03437503    0.00000000  0.00000000   -0.00244944  0.00844293
  0.00000000  0.00000000    0.06538988  0.05824156    0.00000000  0.00000000
 -0.00244944  0.00844293    0.00000000  0.00000000    0.00015357  0.00223582
    2    1
 -0.07164472  0.03437503    0.00000000  0.00000000   -0.00244944 -0.00844293
  0.00000000  0.00000000    0.06538988 -0.05824156    0.00000000  0.00000000
 -0.00244944 -0.00844293    0.00000000  0.00000000    0.00015357 -0.00223582
    2    2
  0.10166616  0.00000000    0.00000000  0.00000000   -0.00015486 -0.00044485
  0.00000000  0.00000000    0.09324819  0.00000000    0.00000000  0.00000000
 -0.00015486  0.00044485    0.00000000  0.00000000    0.03483387 -0.00000000

     Dynamical  Matrix in cartesian axes

     q = (    0.126772276   0.000000000  -2.115783178 ) 

    1    1
  0.10166616  0.00000000    0.00000000  0.00000000    0.00015486  0.00044485
  0.00000000  0.00000000    0.09324819  0.00000000    0.00000000  0.00000000
  0.00015486 -0.00044485    0.00000000  0.00000000    0.03483387 -0.00000000
    1    2
 -0.07496728 -0.02635365    0.00000000  0.00000000   -0.00423803  0.00770207
  0.00000000  0.00000000    0.08742063  0.00505463    0.00000000  0.00000000
 -0.00423803  0.00770207    0.00000000  0.00000000    0.00168956 -0.00147237
    2    1
 -0.07496728  0.02635365    0.00000000  0.00000000   -0.00423803 -0.00770207
  0.00000000  0.00000000    0.08742063 -0.00505463    0.00000000  0.00000000
 -0.00423803 -0.00770207    0.00000000  0.00000000    0.00168956  0.00147237
    2    2
  0.10166616  0.00000000    0.00000000  0.00000000    0.00015486 -0.00044485
  0.00000000  0.00000000    0.09324819  0.00000000    0.00000000  0.00000000
  0.00015486  0.00044485    0.00000000  0.00000000    0.03483387  0.00000000

     Diagonalizing the dynamical matrix

     q = (    0.000000000   0.126772276  -2.115783178 ) 

 **************************************************************************
     freq (    1) =       0.753876 [THz] =      25.146593 [cm-1]
 ( -0.045247 -0.705658  0.000000 -0.000000  0.000000 -0.000000 ) 
 ( -0.503129 -0.496851 -0.000000  0.000000  0.000000  0.000000 ) 
     freq (    2) =       1.338656 [THz] =      44.652764 [cm-1]
 (  0.000000  0.000000  0.254531 -0.573624  0.300546  0.125861 ) 
 (  0.000000  0.000000  0.013201  0.627421  0.325836  0.000000 ) 
     freq (    3) =       1.842617 [THz] =      61.463074 [cm-1]
 (  0.000000 -0.000000 -0.161736 -0.034222 -0.592263  0.349134 ) 
 ( -0.000000 -0.000000  0.121951 -0.111614  0.687510  0.000000 ) 
     freq (    4) =       1.985952 [THz] =      66.244230 [cm-1]
 ( -0.000000  0.000000  0.057492  0.278430  0.480713 -0.433689 ) 
 (  0.000000  0.000000 -0.143822 -0.245243  0.647434  0.000000 ) 
     freq (    5) =       4.252882 [THz] =     141.860878 [cm-1]
 (  0.644039  0.291914 -0.000000  0.000000 -0.000000 -0.000000 ) 
 ( -0.675088  0.210372 -0.000000  0.000000  0.000000 -0.000000 ) 
     freq (    6) =       4.263462 [THz] =     142.213775 [cm-1]
 (  0.000000  0.000000  0.200956 -0.676482  0.044221  0.005788 ) 
 ( -0.000000  0.000000 -0.111469 -0.696840 -0.044598  0.000000 ) 
 **************************************************************************
