Dynamical matrix file
                                                                           
  1    2  0 11.2374640  0.0000000  0.0000000  0.0000000  0.0000000  0.0000000
Basis vectors
      0.986020000   -0.000000000   -0.000000000
     -0.000000000    0.986020000   -0.000000000
      0.493010000    0.493010000    0.265859000
           1  'Sn  '    108197.54598352207     
    1    1      0.9860200000      1.2325250000      0.1993942500
    2    1      0.4930100000      0.2465050000      0.0664647500

     Dynamical  Matrix in cartesian axes

     q = (    0.000000000   0.380316829  -2.585957218 ) 

    1    1
  0.09102732  0.00000000    0.00000000  0.00000000    0.00000000  0.00000000
  0.00000000  0.00000000    0.08310267  0.00000000    0.00555104  0.00154525
  0.00000000  0.00000000    0.00555104 -0.00154525    0.10674512 -0.00000000
    1    2
  0.05072111 -0.05877490    0.00000000  0.00000000    0.00000000  0.00000000
  0.00000000  0.00000000    0.00262720  0.01356616   -0.02478908  0.01277228
  0.00000000  0.00000000   -0.02478908  0.01277228   -0.00329916  0.00538735
    2    1
  0.05072111  0.05877490    0.00000000  0.00000000    0.00000000  0.00000000
  0.00000000  0.00000000    0.00262720 -0.01356616   -0.02478908 -0.01277228
  0.00000000  0.00000000   -0.02478908 -0.01277228   -0.00329916 -0.00538735
    2    2
  0.09102732  0.00000000    0.00000000  0.00000000    0.00000000  0.00000000
  0.00000000  0.00000000    0.08310267  0.00000000    0.00555104 -0.00154525
  0.00000000  0.00000000    0.00555104  0.00154525    0.10674512  0.00000000

     Dynamical  Matrix in cartesian axes

     q = (    0.000000000  -0.380316829  -2.585957218 ) 

    1    1
  0.09102732  0.00000000    0.00000000  0.00000000    0.00000000  0.00000000
  0.00000000  0.00000000    0.08310267  0.00000000   -0.00555104 -0.00154525
  0.00000000  0.00000000   -0.00555104  0.00154525    0.10674512  0.00000000
    1    2
  0.05877490  0.05072111    0.00000000  0.00000000    0.00000000  0.00000000
  0.00000000  0.00000000   -0.01356616  0.00262720    0.01277228  0.02478908
  0.00000000  0.00000000    0.01277228  0.02478908   -0.00538735 -0.00329916
    2    1
  0.05877490 -0.05072111    0.00000000  0.00000000    0.00000000  0.00000000
  0.00000000  0.00000000   -0.01356616 -0.00262720    0.01277228 -0.02478908
  0.00000000  0.00000000    0.01277228 -0.02478908   -0.00538735  0.00329916
    2    2
  0.09102732  0.00000000    0.00000000  0.00000000    0.00000000  0.00000000
  0.00000000  0.00000000    0.08310267  0.00000000   -0.00555104  0.00154525
  0.00000000  0.00000000   -0.00555104 -0.00154525    0.10674512 -0.00000000

     Dynamical  Matrix in cartesian axes

     q = (   -0.380316829   0.000000000  -2.585957218 ) 

    1    1
  0.08310267  0.00000000    0.00000000  0.00000000   -0.00555104  0.00154525
  0.00000000  0.00000000    0.09102732  0.00000000    0.00000000  0.00000000
 -0.00555104 -0.00154525    0.00000000  0.00000000    0.10674512 -0.00000000
    1    2
 -0.00262720  0.01356616    0.00000000  0.00000000   -0.02478908 -0.01277228
  0.00000000  0.00000000   -0.05072111 -0.05877490    0.00000000  0.00000000
 -0.02478908 -0.01277228    0.00000000  0.00000000    0.00329916  0.00538735
    2    1
 -0.00262720 -0.01356616    0.00000000  0.00000000   -0.02478908  0.01277228
  0.00000000  0.00000000   -0.05072111  0.05877490    0.00000000  0.00000000
 -0.02478908  0.01277228    0.00000000  0.00000000    0.00329916 -0.00538735
    2    2
  0.08310267  0.00000000    0.00000000  0.00000000   -0.00555104 -0.00154525
  0.00000000  0.00000000    0.09102732  0.00000000    0.00000000  0.00000000
 -0.00555104  0.00154525    0.00000000  0.00000000    0.10674512  0.00000000

     Dynamical  Matrix in cartesian axes

     q = (    0.000000000   0.380316829   2.585957218 ) 

    1    1
  0.09102732  0.00000000    0.00000000  0.00000000    0.00000000  0.00000000
  0.00000000  0.00000000    0.08310267  0.00000000   -0.00555104  0.00154525
  0.00000000  0.00000000   -0.00555104 -0.00154525    0.10674512 -0.00000000
    1    2
  0.05877490 -0.05072111    0.00000000  0.00000000    0.00000000  0.00000000
  0.00000000  0.00000000   -0.01356616 -0.00262720    0.01277228 -0.02478908
  0.00000000  0.00000000    0.01277228 -0.02478908   -0.00538735  0.00329916
    2    1
  0.05877490  0.05072111    0.00000000  0.00000000    0.00000000  0.00000000
  0.00000000  0.00000000   -0.01356616  0.00262720    0.01277228  0.02478908
  0.00000000  0.00000000    0.01277228  0.02478908   -0.00538735 -0.00329916
    2    2
  0.09102732  0.00000000    0.00000000  0.00000000    0.00000000  0.00000000
  0.00000000  0.00000000    0.08310267  0.00000000   -0.00555104 -0.00154525
  0.00000000  0.00000000   -0.00555104  0.00154525    0.10674512  0.00000000

     Dynamical  Matrix in cartesian axes

     q = (    0.000000000  -0.380316829   2.585957218 ) 

    1    1
  0.09102732  0.00000000    0.00000000  0.00000000    0.00000000  0.00000000
  0.00000000  0.00000000    0.08310267  0.00000000    0.00555104 -0.00154525
  0.00000000  0.00000000    0.00555104  0.00154525    0.10674512  0.00000000
    1    2
  0.05072111  0.05877490    0.00000000  0.00000000    0.00000000  0.00000000
  0.00000000  0.00000000    0.00262720 -0.01356616   -0.02478908 -0.01277228
  0.00000000  0.00000000   -0.02478908 -0.01277228   -0.00329916 -0.00538735
    2    1
  0.05072111 -0.05877490    0.00000000  0.00000000    0.00000000  0.00000000
  0.00000000  0.00000000    0.00262720  0.01356616   -0.02478908  0.01277228
  0.00000000  0.00000000   -0.02478908  0.01277228   -0.00329916  0.00538735
    2    2
  0.09102732  0.00000000    0.00000000  0.00000000    0.00000000  0.00000000
  0.00000000  0.00000000    0.08310267  0.00000000    0.00555104  0.00154525
  0.00000000  0.00000000    0.00555104 -0.00154525    0.10674512 -0.00000000

     Dynamical  Matrix in cartesian axes

     q = (   -0.380316829   0.000000000   2.585957218 ) 

    1    1
  0.08310267  0.00000000    0.00000000  0.00000000    0.00555104  0.00154525
  0.00000000  0.00000000    0.09102732  0.00000000    0.00000000  0.00000000
  0.00555104 -0.00154525    0.00000000  0.00000000    0.10674512 -0.00000000
    1    2
 -0.00773501  0.01145043    0.00000000  0.00000000   -0.02655990 -0.00849716
  0.00000000  0.00000000    0.07742538 -0.00569489    0.00000000  0.00000000
 -0.02655990 -0.00849716    0.00000000  0.00000000   -0.00614229  0.00147657
    2    1
 -0.00773501 -0.01145043    0.00000000  0.00000000   -0.02655990  0.00849716
  0.00000000  0.00000000    0.07742538  0.00569489    0.00000000  0.00000000
 -0.02655990  0.00849716    0.00000000  0.00000000   -0.00614229 -0.00147657
    2    2
  0.08310267  0.00000000    0.00000000  0.00000000    0.00555104 -0.00154525
  0.00000000  0.00000000    0.09102732  0.00000000    0.00000000  0.00000000
  0.00555104  0.00154525    0.00000000  0.00000000    0.10674512  0.00000000

     Dynamical  Matrix in cartesian axes

     q = (    0.380316829   0.000000000   2.585957218 ) 

    1    1
  0.08310267  0.00000000    0.00000000  0.00000000   -0.00555104 -0.00154525
  0.00000000  0.00000000    0.09102732  0.00000000    0.00000000  0.00000000
 -0.00555104  0.00154525    0.00000000  0.00000000    0.10674512  0.00000000
    1    2
 -0.00262720 -0.01356616    0.00000000  0.00000000   -0.02478908  0.01277228
  0.00000000  0.00000000   -0.05072111  0.05877490    0.00000000  0.00000000
 -0.02478908  0.01277228    0.00000000  0.00000000    0.00329916 -0.00538735
    2    1
 -0.00262720  0.01356616    0.00000000  0.00000000   -0.02478908 -0.01277228
  0.00000000  0.00000000   -0.05072111 -0.05877490    0.00000000  0.00000000
 -0.02478908 -0.01277228    0.00000000  0.00000000    0.00329916  0.00538735
    2    2
  0.08310267  0.00000000    0.00000000  0.00000000   -0.00555104  0.00154525
  0.00000000  0.00000000    0.09102732  0.00000000    0.00000000  0.00000000
 -0.00555104 -0.00154525    0.00000000  0.00000000    0.10674512 -0.00000000

     Dynamical  Matrix in cartesian axes

     q = (    0.380316829   0.000000000  -2.585957218 ) 

    1    1
  0.08310267  0.00000000    0.00000000  0.00000000    0.00555104 -0.00154525
  0.00000000  0.00000000    0.09102732  0.00000000    0.00000000  0.00000000
  0.00555104  0.00154525    0.00000000  0.00000000    0.10674512  0.00000000
    1    2
 -0.00773501 -0.01145043    0.00000000  0.00000000   -0.02655990  0.00849716
  0.00000000  0.00000000    0.07742538  0.00569489    0.00000000  0.00000000
 -0.02655990  0.00849716    0.00000000  0.00000000   -0.00614229 -0.00147657
    2    1
 -0.00773501  0.01145043    0.00000000  0.00000000   -0.02655990 -0.00849716
  0.00000000  0.00000000    0.07742538 -0.00569489    0.00000000  0.00000000
 -0.02655990 -0.00849716    0.00000000  0.00000000   -0.00614229  0.00147657
    2    2
  0.08310267  0.00000000    0.00000000  0.00000000    0.00555104  0.00154525
  0.00000000  0.00000000    0.09102732  0.00000000    0.00000000  0.00000000
  0.00555104 -0.00154525    0.00000000  0.00000000    0.10674512 -0.00000000

     Diagonalizing the dynamical matrix

     q = (    0.000000000   0.380316829  -2.585957218 ) 

 **************************************************************************
     freq (    1) =       1.157449 [THz] =      38.608343 [cm-1]
 ( -0.658887  0.256647  0.000000  0.000000  0.000000 -0.000000 ) 
 (  0.624772  0.331149  0.000000  0.000000 -0.000000  0.000000 ) 
     freq (    2) =       2.327852 [THz] =      77.648778 [cm-1]
 ( -0.000000 -0.000000 -0.583388  0.226270 -0.075094 -0.320657 ) 
 (  0.000000  0.000000  0.087285 -0.619614 -0.329332  0.000000 ) 
     freq (    3) =       2.709332 [THz] =      90.373583 [cm-1]
 ( -0.000000 -0.000000  0.466838 -0.259425 -0.188337 -0.423427 ) 
 (  0.000000  0.000000  0.047311 -0.531978  0.463423  0.000000 ) 
     freq (    4) =       3.407776 [THz] =     113.671171 [cm-1]
 (  0.000000  0.000000 -0.381621  0.073180  0.572096 -0.147367 ) 
 ( -0.000000  0.000000 -0.387811  0.024329  0.590771  0.000000 ) 
     freq (    5) =       3.689017 [THz] =     123.052367 [cm-1]
 ( -0.000000  0.000000 -0.319682  0.264640 -0.481089  0.310358 ) 
 ( -0.000000  0.000000  0.412095  0.049081  0.572511  0.000000 ) 
     freq (    6) =       4.107473 [THz] =     137.010567 [cm-1]
 (  0.363885 -0.606290 -0.000000  0.000000 -0.000000  0.000000 ) 
 (  0.696743 -0.120622 -0.000000 -0.000000  0.000000  0.000000 ) 
 **************************************************************************
