Dynamical matrix file
                                                                           
  1    2  0 11.2374640  0.0000000  0.0000000  0.0000000  0.0000000  0.0000000
Basis vectors
      0.986020000   -0.000000000   -0.000000000
     -0.000000000    0.986020000   -0.000000000
      0.493010000    0.493010000    0.265859000
           1  'Sn  '    108197.54598352207     
    1    1      0.9860200000      1.2325250000      0.1993942500
    2    1      0.4930100000      0.2465050000      0.0664647500

     Dynamical  Matrix in cartesian axes

     q = (    0.126772276   0.126772276   0.940348079 ) 

    1    1
  0.08248761  0.00000000   -0.00032294  0.00389448    0.00366453 -0.00582711
 -0.00032294 -0.00389448    0.08248761  0.00000000    0.00366453  0.00582711
  0.00366453  0.00582711    0.00366453 -0.00582711    0.09887908 -0.00000000
    1    2
 -0.03004088 -0.05549916   -0.00076232  0.00184042   -0.01131470  0.00287974
 -0.00076232  0.00184042    0.06048594 -0.01800173    0.00596442  0.01003698
 -0.01131470  0.00287974    0.00596442  0.01003698   -0.00101754  0.00245656
    2    1
 -0.03004088  0.05549916   -0.00076232 -0.00184042   -0.01131470 -0.00287974
 -0.00076232 -0.00184042    0.06048594  0.01800173    0.00596442 -0.01003698
 -0.01131470 -0.00287974    0.00596442 -0.01003698   -0.00101754 -0.00245656
    2    2
  0.08248761  0.00000000   -0.00032294 -0.00389448    0.00366453  0.00582711
 -0.00032294  0.00389448    0.08248761  0.00000000    0.00366453 -0.00582711
  0.00366453 -0.00582711    0.00366453  0.00582711    0.09887908  0.00000000

     Dynamical  Matrix in cartesian axes

     q = (   -0.126772276  -0.126772276   0.940348079 ) 

    1    1
  0.08248761  0.00000000   -0.00032294  0.00389448   -0.00366453  0.00582711
 -0.00032294 -0.00389448    0.08248761  0.00000000   -0.00366453 -0.00582711
 -0.00366453 -0.00582711   -0.00366453  0.00582711    0.09887908  0.00000000
    1    2
 -0.01800173  0.06048594    0.00184042 -0.00076232   -0.01003698 -0.00596442
  0.00184042 -0.00076232   -0.05549916 -0.03004088   -0.00287974  0.01131470
 -0.01003698 -0.00596442   -0.00287974  0.01131470    0.00245656 -0.00101754
    2    1
 -0.01800173 -0.06048594    0.00184042  0.00076232   -0.01003698  0.00596442
  0.00184042  0.00076232   -0.05549916  0.03004088   -0.00287974 -0.01131470
 -0.01003698  0.00596442   -0.00287974 -0.01131470    0.00245656  0.00101754
    2    2
  0.08248761  0.00000000   -0.00032294 -0.00389448   -0.00366453 -0.00582711
 -0.00032294  0.00389448    0.08248761  0.00000000   -0.00366453  0.00582711
 -0.00366453  0.00582711   -0.00366453 -0.00582711    0.09887908  0.00000000

     Dynamical  Matrix in cartesian axes

     q = (   -0.126772276   0.126772276  -0.940348079 ) 

    1    1
  0.08248761  0.00000000    0.00032294  0.00389448    0.00366453  0.00582711
  0.00032294 -0.00389448    0.08248761  0.00000000   -0.00366453  0.00582711
  0.00366453 -0.00582711   -0.00366453 -0.00582711    0.09887908  0.00000000
    1    2
 -0.05549916 -0.03004088   -0.00184042  0.00076232    0.00287974 -0.01131470
 -0.00184042  0.00076232   -0.01800173  0.06048594   -0.01003698 -0.00596442
  0.00287974 -0.01131470   -0.01003698 -0.00596442    0.00245656 -0.00101754
    2    1
 -0.05549916  0.03004088   -0.00184042 -0.00076232    0.00287974  0.01131470
 -0.00184042 -0.00076232   -0.01800173 -0.06048594   -0.01003698  0.00596442
  0.00287974  0.01131470   -0.01003698  0.00596442    0.00245656  0.00101754
    2    2
  0.08248761  0.00000000    0.00032294 -0.00389448    0.00366453 -0.00582711
  0.00032294  0.00389448    0.08248761  0.00000000   -0.00366453 -0.00582711
  0.00366453  0.00582711   -0.00366453  0.00582711    0.09887908 -0.00000000

     Dynamical  Matrix in cartesian axes

     q = (    0.126772276  -0.126772276  -0.940348079 ) 

    1    1
  0.08248761  0.00000000    0.00032294  0.00389448   -0.00366453 -0.00582711
  0.00032294 -0.00389448    0.08248761  0.00000000    0.00366453 -0.00582711
 -0.00366453  0.00582711    0.00366453  0.00582711    0.09887908 -0.00000000
    1    2
 -0.06048594  0.01800173   -0.00076232  0.00184042    0.00596442  0.01003698
 -0.00076232  0.00184042    0.03004088  0.05549916    0.01131470 -0.00287974
  0.00596442  0.01003698    0.01131470 -0.00287974    0.00101754 -0.00245656
    2    1
 -0.06048594 -0.01800173   -0.00076232 -0.00184042    0.00596442 -0.01003698
 -0.00076232 -0.00184042    0.03004088 -0.05549916    0.01131470  0.00287974
  0.00596442 -0.01003698    0.01131470  0.00287974    0.00101754  0.00245656
    2    2
  0.08248761  0.00000000    0.00032294 -0.00389448   -0.00366453  0.00582711
  0.00032294  0.00389448    0.08248761  0.00000000    0.00366453  0.00582711
 -0.00366453 -0.00582711    0.00366453 -0.00582711    0.09887908  0.00000000

     Dynamical  Matrix in cartesian axes

     q = (    0.126772276  -0.126772276   0.940348079 ) 

    1    1
  0.08248761  0.00000000    0.00032294 -0.00389448    0.00366453 -0.00582711
  0.00032294  0.00389448    0.08248761  0.00000000   -0.00366453 -0.00582711
  0.00366453  0.00582711   -0.00366453  0.00582711    0.09887908 -0.00000000
    1    2
 -0.05549916  0.03004088   -0.00184042 -0.00076232    0.00287974  0.01131470
 -0.00184042 -0.00076232   -0.01800173 -0.06048594   -0.01003698  0.00596442
  0.00287974  0.01131470   -0.01003698  0.00596442    0.00245656  0.00101754
    2    1
 -0.05549916 -0.03004088   -0.00184042  0.00076232    0.00287974 -0.01131470
 -0.00184042  0.00076232   -0.01800173  0.06048594   -0.01003698 -0.00596442
  0.00287974 -0.01131470   -0.01003698 -0.00596442    0.00245656 -0.00101754
    2    2
  0.08248761  0.00000000    0.00032294  0.00389448    0.00366453  0.00582711
  0.00032294 -0.00389448    0.08248761  0.00000000   -0.00366453  0.00582711
  0.00366453 -0.00582711   -0.00366453 -0.00582711    0.09887908  0.00000000

     Dynamical  Matrix in cartesian axes

     q = (    0.126772276   0.126772276  -0.940348079 ) 

    1    1
  0.08248761  0.00000000   -0.00032294 -0.00389448   -0.00366453 -0.00582711
 -0.00032294  0.00389448    0.08248761  0.00000000   -0.00366453  0.00582711
 -0.00366453  0.00582711   -0.00366453 -0.00582711    0.09887908  0.00000000
    1    2
 -0.01800173 -0.06048594    0.00184042  0.00076232   -0.01003698  0.00596442
  0.00184042  0.00076232   -0.05549916  0.03004088   -0.00287974 -0.01131470
 -0.01003698  0.00596442   -0.00287974 -0.01131470    0.00245656  0.00101754
    2    1
 -0.01800173  0.06048594    0.00184042 -0.00076232   -0.01003698 -0.00596442
  0.00184042 -0.00076232   -0.05549916 -0.03004088   -0.00287974  0.01131470
 -0.01003698 -0.00596442   -0.00287974  0.01131470    0.00245656 -0.00101754
    2    2
  0.08248761  0.00000000   -0.00032294  0.00389448   -0.00366453  0.00582711
 -0.00032294 -0.00389448    0.08248761  0.00000000   -0.00366453 -0.00582711
 -0.00366453 -0.00582711   -0.00366453  0.00582711    0.09887908  0.00000000

     Dynamical  Matrix in cartesian axes

     q = (   -0.126772276   0.126772276   0.940348079 ) 

    1    1
  0.08248761  0.00000000    0.00032294 -0.00389448   -0.00366453  0.00582711
  0.00032294  0.00389448    0.08248761  0.00000000    0.00366453  0.00582711
 -0.00366453 -0.00582711    0.00366453 -0.00582711    0.09887908  0.00000000
    1    2
 -0.06048594 -0.01800173   -0.00076232 -0.00184042    0.00596442 -0.01003698
 -0.00076232 -0.00184042    0.03004088 -0.05549916    0.01131470  0.00287974
  0.00596442 -0.01003698    0.01131470  0.00287974    0.00101754  0.00245656
    2    1
 -0.06048594  0.01800173   -0.00076232  0.00184042    0.00596442  0.01003698
 -0.00076232  0.00184042    0.03004088  0.05549916    0.01131470 -0.00287974
  0.00596442  0.01003698    0.01131470 -0.00287974    0.00101754 -0.00245656
    2    2
  0.08248761  0.00000000    0.00032294  0.00389448   -0.00366453 -0.00582711
  0.00032294 -0.00389448    0.08248761  0.00000000    0.00366453 -0.00582711
 -0.00366453  0.00582711    0.00366453  0.00582711    0.09887908 -0.00000000

     Dynamical  Matrix in cartesian axes

     q = (   -0.126772276  -0.126772276  -0.940348079 ) 

    1    1
  0.08248761  0.00000000   -0.00032294 -0.00389448    0.00366453  0.00582711
 -0.00032294  0.00389448    0.08248761  0.00000000    0.00366453 -0.00582711
  0.00366453 -0.00582711    0.00366453  0.00582711    0.09887908  0.00000000
    1    2
 -0.03004088  0.05549916   -0.00076232 -0.00184042   -0.01131470 -0.00287974
 -0.00076232 -0.00184042    0.06048594  0.01800173    0.00596442 -0.01003698
 -0.01131470 -0.00287974    0.00596442 -0.01003698   -0.00101754 -0.00245656
    2    1
 -0.03004088 -0.05549916   -0.00076232  0.00184042   -0.01131470  0.00287974
 -0.00076232  0.00184042    0.06048594 -0.01800173    0.00596442  0.01003698
 -0.01131470  0.00287974    0.00596442  0.01003698   -0.00101754  0.00245656
    2    2
  0.08248761  0.00000000   -0.00032294  0.00389448    0.00366453 -0.00582711
 -0.00032294 -0.00389448    0.08248761  0.00000000    0.00366453  0.00582711
  0.00366453  0.00582711    0.00366453 -0.00582711    0.09887908 -0.00000000

     Diagonalizing the dynamical matrix

     q = (    0.126772276   0.126772276   0.940348079 ) 

 **************************************************************************
     freq (    1) =       1.220186 [THz] =      40.701021 [cm-1]
 (  0.483212 -0.011427 -0.333602 -0.349762  0.069256 -0.167199 ) 
 (  0.195474 -0.442056  0.195474  0.442056  0.180975  0.000000 ) 
     freq (    2) =       1.288381 [THz] =      42.975779 [cm-1]
 ( -0.028309 -0.494746  0.369856 -0.329821 -0.036000  0.086911 ) 
 ( -0.446253 -0.215485 -0.446253  0.215485  0.094071 -0.000000 ) 
     freq (    3) =       3.172210 [THz] =     105.813536 [cm-1]
 (  0.111775  0.058652 -0.120510 -0.037564 -0.261833  0.632120 ) 
 (  0.011413  0.125712  0.011413 -0.125712  0.684202  0.000000 ) 
     freq (    4) =       3.184749 [THz] =     106.231804 [cm-1]
 (  0.125715 -0.060665 -0.045997 -0.131791 -0.259839  0.627307 ) 
 (  0.104156 -0.092930  0.104156  0.092930 -0.678993  0.000000 ) 
     freq (    5) =       3.754664 [THz] =     125.242098 [cm-1]
 ( -0.026499 -0.496175  0.369586 -0.332111  0.030174 -0.072847 ) 
 (  0.448265  0.214360  0.448265 -0.214360  0.078850  0.000000 ) 
     freq (    6) =       3.916013 [THz] =     130.624133 [cm-1]
 ( -0.486523  0.042262  0.314140  0.373908 -0.058060  0.140168 ) 
 (  0.225229 -0.433316  0.225229  0.433316  0.151717  0.000000 ) 
 **************************************************************************
