Dynamical matrix file
                                                                           
  1    2  0 11.2374640  0.0000000  0.0000000  0.0000000  0.0000000  0.0000000
Basis vectors
      0.986020000   -0.000000000   -0.000000000
     -0.000000000    0.986020000   -0.000000000
      0.493010000    0.493010000    0.265859000
           1  'Sn  '    108197.54598352207     
    1    1      0.9860200000      1.2325250000      0.1993942500
    2    1      0.4930100000      0.2465050000      0.0664647500

     Dynamical  Matrix in cartesian axes

     q = (    0.253544553   0.380316829  -0.705261059 ) 

    1    1
  0.07926146  0.00000000    0.00071376 -0.00173801   -0.00077299 -0.00050513
  0.00071376  0.00173801    0.07449542  0.00000000   -0.00864969  0.00559513
 -0.00077299  0.00050513   -0.00864969 -0.00559513    0.10373107  0.00000000
    1    2
  0.02897734  0.00153232    0.00000290  0.00325429    0.00532202 -0.02225088
  0.00000290  0.00325429    0.00027610 -0.00990837    0.02501933  0.00401854
  0.00532202 -0.02225088    0.02501933  0.00401854   -0.00729071 -0.01387878
    2    1
  0.02897734 -0.00153232    0.00000290 -0.00325429    0.00532202  0.02225088
  0.00000290 -0.00325429    0.00027610  0.00990837    0.02501933 -0.00401854
  0.00532202  0.02225088    0.02501933 -0.00401854   -0.00729071  0.01387878
    2    2
  0.07926146  0.00000000    0.00071376  0.00173801   -0.00077299  0.00050513
  0.00071376 -0.00173801    0.07449542  0.00000000   -0.00864969 -0.00559513
 -0.00077299 -0.00050513   -0.00864969  0.00559513    0.10373107  0.00000000

     Dynamical  Matrix in cartesian axes

     q = (    0.380316829   0.253544553  -0.705261059 ) 

    1    1
  0.07449542  0.00000000    0.00071376 -0.00173801   -0.00864969 -0.00559513
  0.00071376  0.00173801    0.07926146  0.00000000   -0.00077299  0.00050513
 -0.00864969  0.00559513   -0.00077299 -0.00050513    0.10373107  0.00000000
    1    2
  0.00990837 -0.00027610   -0.00325429 -0.00000290   -0.00401854 -0.02501933
 -0.00325429 -0.00000290   -0.00153232 -0.02897734    0.02225088 -0.00532202
 -0.00401854 -0.02501933    0.02225088 -0.00532202    0.01387878  0.00729071
    2    1
  0.00990837  0.00027610   -0.00325429  0.00000290   -0.00401854  0.02501933
 -0.00325429  0.00000290   -0.00153232  0.02897734    0.02225088  0.00532202
 -0.00401854  0.02501933    0.02225088  0.00532202    0.01387878 -0.00729071
    2    2
  0.07449542  0.00000000    0.00071376  0.00173801   -0.00864969  0.00559513
  0.00071376 -0.00173801    0.07926146  0.00000000   -0.00077299 -0.00050513
 -0.00864969 -0.00559513   -0.00077299  0.00050513    0.10373107 -0.00000000

     Dynamical  Matrix in cartesian axes

     q = (   -0.253544553  -0.380316829  -0.705261059 ) 

    1    1
  0.07926146  0.00000000    0.00071376 -0.00173801    0.00077299  0.00050513
  0.00071376  0.00173801    0.07449542  0.00000000    0.00864969 -0.00559513
  0.00077299 -0.00050513    0.00864969  0.00559513    0.10373107  0.00000000
    1    2
  0.02897734  0.00153232    0.00000290  0.00325429   -0.00532202  0.02225088
  0.00000290  0.00325429    0.00027610 -0.00990837   -0.02501933 -0.00401854
 -0.00532202  0.02225088   -0.02501933 -0.00401854   -0.00729071 -0.01387878
    2    1
  0.02897734 -0.00153232    0.00000290 -0.00325429   -0.00532202 -0.02225088
  0.00000290 -0.00325429    0.00027610  0.00990837   -0.02501933  0.00401854
 -0.00532202 -0.02225088   -0.02501933  0.00401854   -0.00729071  0.01387878
    2    2
  0.07926146  0.00000000    0.00071376  0.00173801    0.00077299 -0.00050513
  0.00071376 -0.00173801    0.07449542  0.00000000    0.00864969  0.00559513
  0.00077299  0.00050513    0.00864969 -0.00559513    0.10373107 -0.00000000

     Dynamical  Matrix in cartesian axes

     q = (   -0.380316829  -0.253544553  -0.705261059 ) 

    1    1
  0.07449542  0.00000000    0.00071376 -0.00173801    0.00864969  0.00559513
  0.00071376  0.00173801    0.07926146  0.00000000    0.00077299 -0.00050513
  0.00864969 -0.00559513    0.00077299  0.00050513    0.10373107 -0.00000000
    1    2
  0.00720151  0.00681105   -0.00229908 -0.00230318   -0.01484980  0.02053287
 -0.00229908 -0.00230318    0.01940656 -0.02157359   -0.01949698 -0.01197051
 -0.01484980  0.02053287   -0.01949698 -0.01197051    0.00465847  0.01496909
    2    1
  0.00720151 -0.00681105   -0.00229908  0.00230318   -0.01484980 -0.02053287
 -0.00229908  0.00230318    0.01940656  0.02157359   -0.01949698  0.01197051
 -0.01484980 -0.02053287   -0.01949698  0.01197051    0.00465847 -0.01496909
    2    2
  0.07449542  0.00000000    0.00071376  0.00173801    0.00864969 -0.00559513
  0.00071376 -0.00173801    0.07926146  0.00000000    0.00077299  0.00050513
  0.00864969  0.00559513    0.00077299 -0.00050513    0.10373107  0.00000000

     Dynamical  Matrix in cartesian axes

     q = (   -0.253544553   0.380316829   0.705261059 ) 

    1    1
  0.07926146  0.00000000   -0.00071376 -0.00173801   -0.00077299  0.00050513
 -0.00071376  0.00173801    0.07449542  0.00000000    0.00864969  0.00559513
 -0.00077299 -0.00050513    0.00864969 -0.00559513    0.10373107  0.00000000
    1    2
 -0.00153232 -0.02897734    0.00325429  0.00000290    0.02225088 -0.00532202
  0.00325429  0.00000290    0.00990837 -0.00027610    0.00401854  0.02501933
  0.02225088 -0.00532202    0.00401854  0.02501933    0.01387878  0.00729071
    2    1
 -0.00153232  0.02897734    0.00325429 -0.00000290    0.02225088  0.00532202
  0.00325429 -0.00000290    0.00990837  0.00027610    0.00401854 -0.02501933
  0.02225088  0.00532202    0.00401854 -0.02501933    0.01387878 -0.00729071
    2    2
  0.07926146  0.00000000   -0.00071376  0.00173801   -0.00077299 -0.00050513
 -0.00071376 -0.00173801    0.07449542  0.00000000    0.00864969 -0.00559513
 -0.00077299  0.00050513    0.00864969  0.00559513    0.10373107  0.00000000

     Dynamical  Matrix in cartesian axes

     q = (    0.253544553  -0.380316829   0.705261059 ) 

    1    1
  0.07926146  0.00000000   -0.00071376 -0.00173801    0.00077299 -0.00050513
 -0.00071376  0.00173801    0.07449542  0.00000000   -0.00864969 -0.00559513
  0.00077299  0.00050513   -0.00864969  0.00559513    0.10373107  0.00000000
    1    2
  0.00153232  0.02897734   -0.00325429 -0.00000290    0.02225088 -0.00532202
 -0.00325429 -0.00000290   -0.00990837  0.00027610    0.00401854  0.02501933
  0.02225088 -0.00532202    0.00401854  0.02501933   -0.01387878 -0.00729071
    2    1
  0.00153232 -0.02897734   -0.00325429  0.00000290    0.02225088  0.00532202
 -0.00325429  0.00000290   -0.00990837 -0.00027610    0.00401854 -0.02501933
  0.02225088  0.00532202    0.00401854 -0.02501933   -0.01387878  0.00729071
    2    2
  0.07926146  0.00000000   -0.00071376  0.00173801    0.00077299  0.00050513
 -0.00071376 -0.00173801    0.07449542  0.00000000   -0.00864969  0.00559513
  0.00077299 -0.00050513   -0.00864969 -0.00559513    0.10373107 -0.00000000

     Dynamical  Matrix in cartesian axes

     q = (   -0.380316829   0.253544553   0.705261059 ) 

    1    1
  0.07449542  0.00000000   -0.00071376 -0.00173801   -0.00864969  0.00559513
 -0.00071376  0.00173801    0.07926146  0.00000000    0.00077299  0.00050513
 -0.00864969 -0.00559513    0.00077299 -0.00050513    0.10373107 -0.00000000
    1    2
 -0.00990837 -0.00027610   -0.00325429  0.00000290    0.00401854 -0.02501933
 -0.00325429  0.00000290    0.00153232 -0.02897734    0.02225088  0.00532202
  0.00401854 -0.02501933    0.02225088  0.00532202   -0.01387878  0.00729071
    2    1
 -0.00990837  0.00027610   -0.00325429 -0.00000290    0.00401854  0.02501933
 -0.00325429 -0.00000290    0.00153232  0.02897734    0.02225088 -0.00532202
  0.00401854  0.02501933    0.02225088 -0.00532202   -0.01387878 -0.00729071
    2    2
  0.07449542  0.00000000   -0.00071376  0.00173801   -0.00864969 -0.00559513
 -0.00071376 -0.00173801    0.07926146  0.00000000    0.00077299 -0.00050513
 -0.00864969  0.00559513    0.00077299  0.00050513    0.10373107  0.00000000

     Dynamical  Matrix in cartesian axes

     q = (    0.380316829  -0.253544553   0.705261059 ) 

    1    1
  0.07449542  0.00000000   -0.00071376 -0.00173801    0.00864969 -0.00559513
 -0.00071376  0.00173801    0.07926146  0.00000000   -0.00077299 -0.00050513
  0.00864969  0.00559513   -0.00077299  0.00050513    0.10373107  0.00000000
    1    2
 -0.00720151  0.00681105   -0.00229908  0.00230318    0.01484980  0.02053287
 -0.00229908  0.00230318   -0.01940656 -0.02157359   -0.01949698  0.01197051
  0.01484980  0.02053287   -0.01949698  0.01197051   -0.00465847  0.01496909
    2    1
 -0.00720151 -0.00681105   -0.00229908 -0.00230318    0.01484980 -0.02053287
 -0.00229908 -0.00230318   -0.01940656  0.02157359   -0.01949698 -0.01197051
  0.01484980 -0.02053287   -0.01949698 -0.01197051   -0.00465847 -0.01496909
    2    2
  0.07449542  0.00000000   -0.00071376  0.00173801    0.00864969  0.00559513
 -0.00071376 -0.00173801    0.07926146  0.00000000   -0.00077299  0.00050513
  0.00864969 -0.00559513   -0.00077299 -0.00050513    0.10373107  0.00000000

     Dynamical  Matrix in cartesian axes

     q = (    0.253544553  -0.380316829  -0.705261059 ) 

    1    1
  0.07926146  0.00000000   -0.00071376  0.00173801   -0.00077299 -0.00050513
 -0.00071376 -0.00173801    0.07449542  0.00000000    0.00864969 -0.00559513
 -0.00077299  0.00050513    0.00864969  0.00559513    0.10373107  0.00000000
    1    2
 -0.00153232  0.02897734    0.00325429 -0.00000290    0.02225088  0.00532202
  0.00325429 -0.00000290    0.00990837  0.00027610    0.00401854 -0.02501933
  0.02225088  0.00532202    0.00401854 -0.02501933    0.01387878 -0.00729071
    2    1
 -0.00153232 -0.02897734    0.00325429  0.00000290    0.02225088 -0.00532202
  0.00325429  0.00000290    0.00990837 -0.00027610    0.00401854  0.02501933
  0.02225088 -0.00532202    0.00401854  0.02501933    0.01387878  0.00729071
    2    2
  0.07926146  0.00000000   -0.00071376 -0.00173801   -0.00077299  0.00050513
 -0.00071376  0.00173801    0.07449542  0.00000000    0.00864969  0.00559513
 -0.00077299 -0.00050513    0.00864969 -0.00559513    0.10373107  0.00000000

     Dynamical  Matrix in cartesian axes

     q = (    0.380316829  -0.253544553  -0.705261059 ) 

    1    1
  0.07449542  0.00000000   -0.00071376  0.00173801   -0.00864969 -0.00559513
 -0.00071376 -0.00173801    0.07926146  0.00000000    0.00077299 -0.00050513
 -0.00864969  0.00559513    0.00077299  0.00050513    0.10373107  0.00000000
    1    2
 -0.00990837  0.00027610   -0.00325429 -0.00000290    0.00401854  0.02501933
 -0.00325429 -0.00000290    0.00153232  0.02897734    0.02225088 -0.00532202
  0.00401854  0.02501933    0.02225088 -0.00532202   -0.01387878 -0.00729071
    2    1
 -0.00990837 -0.00027610   -0.00325429  0.00000290    0.00401854 -0.02501933
 -0.00325429  0.00000290    0.00153232 -0.02897734    0.02225088  0.00532202
  0.00401854 -0.02501933    0.02225088  0.00532202   -0.01387878  0.00729071
    2    2
  0.07449542  0.00000000   -0.00071376 -0.00173801   -0.00864969  0.00559513
 -0.00071376  0.00173801    0.07926146  0.00000000    0.00077299  0.00050513
 -0.00864969 -0.00559513    0.00077299 -0.00050513    0.10373107 -0.00000000

     Dynamical  Matrix in cartesian axes

     q = (    0.380316829   0.253544553   0.705261059 ) 

    1    1
  0.07449542  0.00000000    0.00071376  0.00173801    0.00864969 -0.00559513
  0.00071376 -0.00173801    0.07926146  0.00000000    0.00077299  0.00050513
  0.00864969  0.00559513    0.00077299 -0.00050513    0.10373107  0.00000000
    1    2
  0.00720151 -0.00681105   -0.00229908  0.00230318   -0.01484980 -0.02053287
 -0.00229908  0.00230318    0.01940656  0.02157359   -0.01949698  0.01197051
 -0.01484980 -0.02053287   -0.01949698  0.01197051    0.00465847 -0.01496909
    2    1
  0.00720151  0.00681105   -0.00229908 -0.00230318   -0.01484980  0.02053287
 -0.00229908 -0.00230318    0.01940656 -0.02157359   -0.01949698 -0.01197051
 -0.01484980  0.02053287   -0.01949698 -0.01197051    0.00465847  0.01496909
    2    2
  0.07449542  0.00000000    0.00071376 -0.00173801    0.00864969  0.00559513
  0.00071376  0.00173801    0.07926146  0.00000000    0.00077299 -0.00050513
  0.00864969 -0.00559513    0.00077299  0.00050513    0.10373107 -0.00000000

     Dynamical  Matrix in cartesian axes

     q = (   -0.253544553   0.380316829  -0.705261059 ) 

    1    1
  0.07926146  0.00000000   -0.00071376  0.00173801    0.00077299  0.00050513
 -0.00071376 -0.00173801    0.07449542  0.00000000   -0.00864969  0.00559513
  0.00077299 -0.00050513   -0.00864969 -0.00559513    0.10373107 -0.00000000
    1    2
  0.00153232 -0.02897734   -0.00325429  0.00000290    0.02225088  0.00532202
 -0.00325429  0.00000290   -0.00990837 -0.00027610    0.00401854 -0.02501933
  0.02225088  0.00532202    0.00401854 -0.02501933   -0.01387878  0.00729071
    2    1
  0.00153232  0.02897734   -0.00325429 -0.00000290    0.02225088 -0.00532202
 -0.00325429 -0.00000290   -0.00990837  0.00027610    0.00401854  0.02501933
  0.02225088 -0.00532202    0.00401854  0.02501933   -0.01387878 -0.00729071
    2    2
  0.07926146  0.00000000   -0.00071376 -0.00173801    0.00077299 -0.00050513
 -0.00071376  0.00173801    0.07449542  0.00000000   -0.00864969 -0.00559513
  0.00077299  0.00050513   -0.00864969  0.00559513    0.10373107  0.00000000

     Dynamical  Matrix in cartesian axes

     q = (   -0.380316829   0.253544553  -0.705261059 ) 

    1    1
  0.07449542  0.00000000   -0.00071376  0.00173801    0.00864969  0.00559513
 -0.00071376 -0.00173801    0.07926146  0.00000000   -0.00077299  0.00050513
  0.00864969 -0.00559513   -0.00077299 -0.00050513    0.10373107  0.00000000
    1    2
 -0.00720151 -0.00681105   -0.00229908 -0.00230318    0.01484980 -0.02053287
 -0.00229908 -0.00230318   -0.01940656  0.02157359   -0.01949698 -0.01197051
  0.01484980 -0.02053287   -0.01949698 -0.01197051   -0.00465847 -0.01496909
    2    1
 -0.00720151  0.00681105   -0.00229908  0.00230318    0.01484980  0.02053287
 -0.00229908  0.00230318   -0.01940656 -0.02157359   -0.01949698  0.01197051
  0.01484980  0.02053287   -0.01949698  0.01197051   -0.00465847  0.01496909
    2    2
  0.07449542  0.00000000   -0.00071376 -0.00173801    0.00864969 -0.00559513
 -0.00071376  0.00173801    0.07926146  0.00000000   -0.00077299 -0.00050513
  0.00864969  0.00559513   -0.00077299  0.00050513    0.10373107  0.00000000

     Dynamical  Matrix in cartesian axes

     q = (    0.253544553   0.380316829   0.705261059 ) 

    1    1
  0.07926146  0.00000000    0.00071376  0.00173801    0.00077299 -0.00050513
  0.00071376 -0.00173801    0.07449542  0.00000000    0.00864969  0.00559513
  0.00077299  0.00050513    0.00864969 -0.00559513    0.10373107 -0.00000000
    1    2
  0.02897734 -0.00153232    0.00000290 -0.00325429   -0.00532202 -0.02225088
  0.00000290 -0.00325429    0.00027610  0.00990837   -0.02501933  0.00401854
 -0.00532202 -0.02225088   -0.02501933  0.00401854   -0.00729071  0.01387878
    2    1
  0.02897734  0.00153232    0.00000290  0.00325429   -0.00532202  0.02225088
  0.00000290  0.00325429    0.00027610 -0.00990837   -0.02501933 -0.00401854
 -0.00532202  0.02225088   -0.02501933 -0.00401854   -0.00729071 -0.01387878
    2    2
  0.07926146  0.00000000    0.00071376 -0.00173801    0.00077299  0.00050513
  0.00071376  0.00173801    0.07449542  0.00000000    0.00864969 -0.00559513
  0.00077299 -0.00050513    0.00864969  0.00559513    0.10373107  0.00000000

     Dynamical  Matrix in cartesian axes

     q = (   -0.253544553  -0.380316829   0.705261059 ) 

    1    1
  0.07926146  0.00000000    0.00071376  0.00173801   -0.00077299  0.00050513
  0.00071376 -0.00173801    0.07449542  0.00000000   -0.00864969 -0.00559513
 -0.00077299 -0.00050513   -0.00864969  0.00559513    0.10373107  0.00000000
    1    2
  0.02897734 -0.00153232    0.00000290 -0.00325429    0.00532202  0.02225088
  0.00000290 -0.00325429    0.00027610  0.00990837    0.02501933 -0.00401854
  0.00532202  0.02225088    0.02501933 -0.00401854   -0.00729071  0.01387878
    2    1
  0.02897734  0.00153232    0.00000290  0.00325429    0.00532202 -0.02225088
  0.00000290  0.00325429    0.00027610 -0.00990837    0.02501933  0.00401854
  0.00532202 -0.02225088    0.02501933  0.00401854   -0.00729071 -0.01387878
    2    2
  0.07926146  0.00000000    0.00071376 -0.00173801   -0.00077299 -0.00050513
  0.00071376  0.00173801    0.07449542  0.00000000   -0.00864969  0.00559513
 -0.00077299  0.00050513   -0.00864969 -0.00559513    0.10373107  0.00000000

     Dynamical  Matrix in cartesian axes

     q = (   -0.380316829  -0.253544553   0.705261059 ) 

    1    1
  0.07449542  0.00000000    0.00071376  0.00173801   -0.00864969  0.00559513
  0.00071376 -0.00173801    0.07926146  0.00000000   -0.00077299 -0.00050513
 -0.00864969 -0.00559513   -0.00077299  0.00050513    0.10373107 -0.00000000
    1    2
  0.00990837  0.00027610   -0.00325429  0.00000290   -0.00401854  0.02501933
 -0.00325429  0.00000290   -0.00153232  0.02897734    0.02225088  0.00532202
 -0.00401854  0.02501933    0.02225088  0.00532202    0.01387878 -0.00729071
    2    1
  0.00990837 -0.00027610   -0.00325429 -0.00000290   -0.00401854 -0.02501933
 -0.00325429 -0.00000290   -0.00153232 -0.02897734    0.02225088 -0.00532202
 -0.00401854 -0.02501933    0.02225088 -0.00532202    0.01387878  0.00729071
    2    2
  0.07449542  0.00000000    0.00071376 -0.00173801   -0.00864969 -0.00559513
  0.00071376  0.00173801    0.07926146  0.00000000   -0.00077299  0.00050513
 -0.00864969  0.00559513   -0.00077299 -0.00050513    0.10373107  0.00000000

     Diagonalizing the dynamical matrix

     q = (    0.253544553   0.380316829  -0.705261059 ) 

 **************************************************************************
     freq (    1) =       1.932619 [THz] =      64.465227 [cm-1]
 ( -0.132436  0.586908 -0.156935 -0.113861  0.288378  0.131322 ) 
 (  0.122707 -0.589018 -0.190011  0.038583  0.316871  0.000000 ) 
     freq (    2) =       2.218870 [THz] =      74.013547 [cm-1]
 (  0.140075 -0.055635  0.576532 -0.177247  0.325147  0.088081 ) 
 ( -0.120655 -0.090325 -0.510130 -0.321827 -0.336866  0.000000 ) 
     freq (    3) =       2.715941 [THz] =      90.594028 [cm-1]
 ( -0.275208  0.067961  0.479557  0.323418  0.066424 -0.284000 ) 
 (  0.128852 -0.252499  0.205704  0.540610 -0.291664  0.000000 ) 
     freq (    4) =       3.113665 [THz] =     103.860676 [cm-1]
 ( -0.158412 -0.548850 -0.317472 -0.101681  0.227484 -0.103890 ) 
 ( -0.083907 -0.565058  0.246542 -0.224376 -0.250084  0.000000 ) 
     freq (    5) =       3.293535 [THz] =     109.860492 [cm-1]
 ( -0.173487 -0.263736  0.274735 -0.006803  0.535146  0.196060 ) 
 ( -0.253626  0.187959  0.255626  0.100899  0.569930  0.000000 ) 
     freq (    6) =       3.864752 [THz] =     128.914258 [cm-1]
 (  0.121667 -0.306818  0.263960  0.087754 -0.375985 -0.415114 ) 
 (  0.145730 -0.296147 -0.242241 -0.136731  0.560075  0.000000 ) 
 **************************************************************************
