Dynamical matrix file
                                                                           
  1    2  0 11.2374640  0.0000000  0.0000000  0.0000000  0.0000000  0.0000000
Basis vectors
      0.986020000   -0.000000000   -0.000000000
     -0.000000000    0.986020000   -0.000000000
      0.493010000    0.493010000    0.265859000
           1  'Sn  '    108197.54598352207     
    1    1      0.9860200000      1.2325250000      0.1993942500
    2    1      0.4930100000      0.2465050000      0.0664647500

     Dynamical  Matrix in cartesian axes

     q = (    0.126772276   0.380316829  -1.880696158 ) 

    1    1
  0.09620484  0.00000000   -0.00053455  0.00000000    0.00000000 -0.00069783
 -0.00053455  0.00000000    0.10734701  0.00000000    0.00000000 -0.00101843
  0.00000000  0.00069783    0.00000000  0.00101843    0.01749946  0.00000000
    1    2
  0.07631183 -0.03160939    0.00078324 -0.00032443   -0.00287068 -0.00693043
  0.00078324 -0.00032443   -0.03520397  0.01458196   -0.00466364 -0.01125903
 -0.00287068 -0.00693043   -0.00466364 -0.01125903    0.00089284 -0.00036983
    2    1
  0.07631183  0.03160939    0.00078324  0.00032443   -0.00287068  0.00693043
  0.00078324  0.00032443   -0.03520397 -0.01458196   -0.00466364  0.01125903
 -0.00287068  0.00693043   -0.00466364  0.01125903    0.00089284  0.00036983
    2    2
  0.09620484  0.00000000   -0.00053455  0.00000000    0.00000000  0.00069783
 -0.00053455  0.00000000    0.10734701  0.00000000    0.00000000  0.00101843
  0.00000000 -0.00069783    0.00000000 -0.00101843    0.01749946  0.00000000

     Dynamical  Matrix in cartesian axes

     q = (   -0.126772276  -0.380316829  -1.880696158 ) 

    1    1
  0.09620484  0.00000000   -0.00053455  0.00000000    0.00000000  0.00069783
 -0.00053455  0.00000000    0.10734701  0.00000000    0.00000000  0.00101843
  0.00000000 -0.00069783    0.00000000 -0.00101843    0.01749946  0.00000000
    1    2
  0.07631183  0.03160939    0.00078324  0.00032443   -0.00287068  0.00693043
  0.00078324  0.00032443   -0.03520397 -0.01458196   -0.00466364  0.01125903
 -0.00287068  0.00693043   -0.00466364  0.01125903    0.00089284  0.00036983
    2    1
  0.07631183 -0.03160939    0.00078324 -0.00032443   -0.00287068 -0.00693043
  0.00078324 -0.00032443   -0.03520397  0.01458196   -0.00466364 -0.01125903
 -0.00287068 -0.00693043   -0.00466364 -0.01125903    0.00089284 -0.00036983
    2    2
  0.09620484  0.00000000   -0.00053455  0.00000000    0.00000000 -0.00069783
 -0.00053455  0.00000000    0.10734701  0.00000000    0.00000000 -0.00101843
  0.00000000  0.00069783    0.00000000  0.00101843    0.01749946  0.00000000

     Dynamical  Matrix in cartesian axes

     q = (   -0.380316829  -0.126772276  -1.880696158 ) 

    1    1
  0.10734701  0.00000000   -0.00053455  0.00000000    0.00000000 -0.00101843
 -0.00053455  0.00000000    0.09620484  0.00000000    0.00000000 -0.00069783
  0.00000000  0.00101843    0.00000000  0.00069783    0.01749946  0.00000000
    1    2
  0.01458196  0.03520397   -0.00032443 -0.00078324   -0.01125903  0.00466364
 -0.00032443 -0.00078324   -0.03160939 -0.07631183   -0.00693043  0.00287068
 -0.01125903  0.00466364   -0.00693043  0.00287068   -0.00036983 -0.00089284
    2    1
  0.01458196 -0.03520397   -0.00032443  0.00078324   -0.01125903 -0.00466364
 -0.00032443  0.00078324   -0.03160939  0.07631183   -0.00693043 -0.00287068
 -0.01125903 -0.00466364   -0.00693043 -0.00287068   -0.00036983  0.00089284
    2    2
  0.10734701  0.00000000   -0.00053455  0.00000000    0.00000000  0.00101843
 -0.00053455  0.00000000    0.09620484  0.00000000    0.00000000  0.00069783
  0.00000000 -0.00101843    0.00000000 -0.00069783    0.01749946  0.00000000

     Dynamical  Matrix in cartesian axes

     q = (   -0.126772276   0.380316829   1.880696158 ) 

    1    1
  0.09620484  0.00000000    0.00053455  0.00000000    0.00000000  0.00069783
  0.00053455  0.00000000    0.10734701  0.00000000    0.00000000 -0.00101843
  0.00000000 -0.00069783    0.00000000  0.00101843    0.01749946  0.00000000
    1    2
  0.03160939 -0.07631183   -0.00032443  0.00078324    0.00693043  0.00287068
 -0.00032443  0.00078324   -0.01458196  0.03520397   -0.01125903 -0.00466364
  0.00693043  0.00287068   -0.01125903 -0.00466364    0.00036983 -0.00089284
    2    1
  0.03160939  0.07631183   -0.00032443 -0.00078324    0.00693043 -0.00287068
 -0.00032443 -0.00078324   -0.01458196 -0.03520397   -0.01125903  0.00466364
  0.00693043 -0.00287068   -0.01125903  0.00466364    0.00036983  0.00089284
    2    2
  0.09620484  0.00000000    0.00053455  0.00000000    0.00000000 -0.00069783
  0.00053455  0.00000000    0.10734701  0.00000000    0.00000000  0.00101843
  0.00000000  0.00069783    0.00000000 -0.00101843    0.01749946  0.00000000

     Dynamical  Matrix in cartesian axes

     q = (    0.126772276  -0.380316829   1.880696158 ) 

    1    1
  0.09620484  0.00000000    0.00053455  0.00000000    0.00000000 -0.00069783
  0.00053455  0.00000000    0.10734701  0.00000000    0.00000000  0.00101843
  0.00000000  0.00069783    0.00000000 -0.00101843    0.01749946  0.00000000
    1    2
  0.03160939  0.07631183   -0.00032443 -0.00078324    0.00693043 -0.00287068
 -0.00032443 -0.00078324   -0.01458196 -0.03520397   -0.01125903  0.00466364
  0.00693043 -0.00287068   -0.01125903  0.00466364    0.00036983  0.00089284
    2    1
  0.03160939 -0.07631183   -0.00032443  0.00078324    0.00693043  0.00287068
 -0.00032443  0.00078324   -0.01458196  0.03520397   -0.01125903 -0.00466364
  0.00693043  0.00287068   -0.01125903 -0.00466364    0.00036983 -0.00089284
    2    2
  0.09620484  0.00000000    0.00053455  0.00000000    0.00000000  0.00069783
  0.00053455  0.00000000    0.10734701  0.00000000    0.00000000 -0.00101843
  0.00000000 -0.00069783    0.00000000  0.00101843    0.01749946  0.00000000

     Dynamical  Matrix in cartesian axes

     q = (   -0.380316829   0.126772276   1.880696158 ) 

    1    1
  0.10734701  0.00000000    0.00053455  0.00000000    0.00000000 -0.00101843
  0.00053455  0.00000000    0.09620484  0.00000000    0.00000000  0.00069783
  0.00000000  0.00101843    0.00000000 -0.00069783    0.01749946  0.00000000
    1    2
 -0.03520397  0.01458196   -0.00078324  0.00032443   -0.00466364 -0.01125903
 -0.00078324  0.00032443    0.07631183 -0.03160939    0.00287068  0.00693043
 -0.00466364 -0.01125903    0.00287068  0.00693043    0.00089284 -0.00036983
    2    1
 -0.03520397 -0.01458196   -0.00078324 -0.00032443   -0.00466364  0.01125903
 -0.00078324 -0.00032443    0.07631183  0.03160939    0.00287068 -0.00693043
 -0.00466364  0.01125903    0.00287068 -0.00693043    0.00089284  0.00036983
    2    2
  0.10734701  0.00000000    0.00053455  0.00000000    0.00000000  0.00101843
  0.00053455  0.00000000    0.09620484  0.00000000    0.00000000 -0.00069783
  0.00000000 -0.00101843    0.00000000  0.00069783    0.01749946  0.00000000

     Dynamical  Matrix in cartesian axes

     q = (    0.380316829  -0.126772276   1.880696158 ) 

    1    1
  0.10734701  0.00000000    0.00053455  0.00000000    0.00000000  0.00101843
  0.00053455  0.00000000    0.09620484  0.00000000    0.00000000 -0.00069783
  0.00000000 -0.00101843    0.00000000  0.00069783    0.01749946  0.00000000
    1    2
 -0.03520397 -0.01458196   -0.00078324 -0.00032443   -0.00466364  0.01125903
 -0.00078324 -0.00032443    0.07631183  0.03160939    0.00287068 -0.00693043
 -0.00466364  0.01125903    0.00287068 -0.00693043    0.00089284  0.00036983
    2    1
 -0.03520397  0.01458196   -0.00078324  0.00032443   -0.00466364 -0.01125903
 -0.00078324  0.00032443    0.07631183 -0.03160939    0.00287068  0.00693043
 -0.00466364 -0.01125903    0.00287068  0.00693043    0.00089284 -0.00036983
    2    2
  0.10734701  0.00000000    0.00053455  0.00000000    0.00000000 -0.00101843
  0.00053455  0.00000000    0.09620484  0.00000000    0.00000000  0.00069783
  0.00000000  0.00101843    0.00000000 -0.00069783    0.01749946  0.00000000

     Dynamical  Matrix in cartesian axes

     q = (    0.380316829   0.126772276   1.880696158 ) 

    1    1
  0.10734701  0.00000000   -0.00053455  0.00000000    0.00000000  0.00101843
 -0.00053455  0.00000000    0.09620484  0.00000000    0.00000000  0.00069783
  0.00000000 -0.00101843    0.00000000 -0.00069783    0.01749946  0.00000000
    1    2
  0.01458196 -0.03520397   -0.00032443  0.00078324   -0.01125903 -0.00466364
 -0.00032443  0.00078324   -0.03160939  0.07631183   -0.00693043 -0.00287068
 -0.01125903 -0.00466364   -0.00693043 -0.00287068   -0.00036983  0.00089284
    2    1
  0.01458196  0.03520397   -0.00032443 -0.00078324   -0.01125903  0.00466364
 -0.00032443 -0.00078324   -0.03160939 -0.07631183   -0.00693043  0.00287068
 -0.01125903  0.00466364   -0.00693043  0.00287068   -0.00036983 -0.00089284
    2    2
  0.10734701  0.00000000   -0.00053455  0.00000000    0.00000000 -0.00101843
 -0.00053455  0.00000000    0.09620484  0.00000000    0.00000000 -0.00069783
  0.00000000  0.00101843    0.00000000  0.00069783    0.01749946  0.00000000

     Diagonalizing the dynamical matrix

     q = (    0.126772276   0.380316829  -1.880696158 ) 

 **************************************************************************
     freq (    1) =       0.829266 [THz] =      27.661331 [cm-1]
 (  0.210177  0.507412  0.018244  0.044046  0.409109 -0.169458 ) 
 (  0.000000 -0.549218  0.000000 -0.047675  0.442816  0.000000 ) 
     freq (    2) =       1.183378 [THz] =      39.473226 [cm-1]
 ( -0.010840 -0.026169 -0.053519 -0.129206  0.639842 -0.265031 ) 
 (  0.000000 -0.028325 -0.000000 -0.139851 -0.692560  0.000000 ) 
     freq (    3) =       1.544122 [THz] =      51.506363 [cm-1]
 ( -0.170434 -0.411465  0.020773  0.050149  0.504934 -0.209151 ) 
 (  0.000000  0.445366 -0.000000 -0.054281  0.546537  0.000000 ) 
     freq (    4) =       2.674089 [THz] =      89.198013 [cm-1]
 (  0.004159  0.010041 -0.265246 -0.640360 -0.128900  0.053392 ) 
 (  0.000000  0.010868 -0.000000 -0.693120  0.139520  0.000000 ) 
     freq (    5) =       3.832195 [THz] =     127.828264 [cm-1]
 ( -0.001093 -0.002639  0.269182  0.649863 -0.066694  0.027625 ) 
 (  0.000000  0.002856 -0.000000 -0.703406 -0.072189  0.000000 ) 
     freq (    6) =       4.232602 [THz] =     141.184413 [cm-1]
 (  0.270349  0.652680  0.001935  0.004671  0.027637 -0.011448 ) 
 (  0.000000  0.706456 -0.000000  0.005056 -0.029914  0.000000 ) 
 **************************************************************************
