Dynamical matrix file
                                                                           
  1    2  0 11.2374640  0.0000000  0.0000000  0.0000000  0.0000000  0.0000000
Basis vectors
      0.986020000   -0.000000000   -0.000000000
     -0.000000000    0.986020000   -0.000000000
      0.493010000    0.493010000    0.265859000
           1  'Sn  '    108197.54598352207     
    1    1      0.9860200000      1.2325250000      0.1993942500
    2    1      0.4930100000      0.2465050000      0.0664647500

     Dynamical  Matrix in cartesian axes

     q = (    0.000000000   0.253544553  -2.350870198 ) 

    1    1
  0.09194309  0.00000000    0.00000000  0.00000000    0.00000000  0.00000000
  0.00000000  0.00000000    0.09847717  0.00000000    0.00424184 -0.00070487
  0.00000000  0.00000000    0.00424184  0.00070487    0.07492730  0.00000000
    1    2
 -0.00687811 -0.08346641    0.00000000  0.00000000    0.00000000  0.00000000
  0.00000000  0.00000000    0.03419840  0.04047016   -0.01284357  0.02083291
  0.00000000  0.00000000   -0.01284357  0.02083291    0.00000842 -0.00306110
    2    1
 -0.00687811  0.08346641    0.00000000  0.00000000    0.00000000  0.00000000
  0.00000000  0.00000000    0.03419840 -0.04047016   -0.01284357 -0.02083291
  0.00000000  0.00000000   -0.01284357 -0.02083291    0.00000842  0.00306110
    2    2
  0.09194309  0.00000000    0.00000000  0.00000000    0.00000000  0.00000000
  0.00000000  0.00000000    0.09847717  0.00000000    0.00424184  0.00070487
  0.00000000  0.00000000    0.00424184 -0.00070487    0.07492730 -0.00000000

     Dynamical  Matrix in cartesian axes

     q = (    0.000000000  -0.253544553  -2.350870198 ) 

    1    1
  0.09194309  0.00000000    0.00000000  0.00000000    0.00000000  0.00000000
  0.00000000  0.00000000    0.09847717  0.00000000   -0.00424184  0.00070487
  0.00000000  0.00000000   -0.00424184 -0.00070487    0.07492730 -0.00000000
    1    2
  0.00687811  0.08346641    0.00000000  0.00000000    0.00000000  0.00000000
  0.00000000  0.00000000   -0.03419840 -0.04047016   -0.01284357  0.02083291
  0.00000000  0.00000000   -0.01284357  0.02083291   -0.00000842  0.00306110
    2    1
  0.00687811 -0.08346641    0.00000000  0.00000000    0.00000000  0.00000000
  0.00000000  0.00000000   -0.03419840  0.04047016   -0.01284357 -0.02083291
  0.00000000  0.00000000   -0.01284357 -0.02083291   -0.00000842 -0.00306110
    2    2
  0.09194309  0.00000000    0.00000000  0.00000000    0.00000000  0.00000000
  0.00000000  0.00000000    0.09847717  0.00000000   -0.00424184 -0.00070487
  0.00000000  0.00000000   -0.00424184  0.00070487    0.07492730  0.00000000

     Dynamical  Matrix in cartesian axes

     q = (   -0.253544553   0.000000000  -2.350870198 ) 

    1    1
  0.09847717  0.00000000    0.00000000  0.00000000   -0.00424184 -0.00070487
  0.00000000  0.00000000    0.09194309  0.00000000    0.00000000  0.00000000
 -0.00424184  0.00070487    0.00000000  0.00000000    0.07492730  0.00000000
    1    2
 -0.03419840  0.04047016    0.00000000  0.00000000   -0.01284357 -0.02083291
  0.00000000  0.00000000    0.00687811 -0.08346641    0.00000000  0.00000000
 -0.01284357 -0.02083291    0.00000000  0.00000000   -0.00000842 -0.00306110
    2    1
 -0.03419840 -0.04047016    0.00000000  0.00000000   -0.01284357  0.02083291
  0.00000000  0.00000000    0.00687811  0.08346641    0.00000000  0.00000000
 -0.01284357  0.02083291    0.00000000  0.00000000   -0.00000842  0.00306110
    2    2
  0.09847717  0.00000000    0.00000000  0.00000000   -0.00424184  0.00070487
  0.00000000  0.00000000    0.09194309  0.00000000    0.00000000  0.00000000
 -0.00424184 -0.00070487    0.00000000  0.00000000    0.07492730 -0.00000000

     Dynamical  Matrix in cartesian axes

     q = (    0.000000000   0.253544553   2.350870198 ) 

    1    1
  0.09194309  0.00000000    0.00000000  0.00000000    0.00000000  0.00000000
  0.00000000  0.00000000    0.09847717  0.00000000   -0.00424184 -0.00070487
  0.00000000  0.00000000   -0.00424184  0.00070487    0.07492730  0.00000000
    1    2
  0.00687811 -0.08346641    0.00000000  0.00000000    0.00000000  0.00000000
  0.00000000  0.00000000   -0.03419840  0.04047016   -0.01284357 -0.02083291
  0.00000000  0.00000000   -0.01284357 -0.02083291   -0.00000842 -0.00306110
    2    1
  0.00687811  0.08346641    0.00000000  0.00000000    0.00000000  0.00000000
  0.00000000  0.00000000   -0.03419840 -0.04047016   -0.01284357  0.02083291
  0.00000000  0.00000000   -0.01284357  0.02083291   -0.00000842  0.00306110
    2    2
  0.09194309  0.00000000    0.00000000  0.00000000    0.00000000  0.00000000
  0.00000000  0.00000000    0.09847717  0.00000000   -0.00424184  0.00070487
  0.00000000  0.00000000   -0.00424184 -0.00070487    0.07492730 -0.00000000

     Dynamical  Matrix in cartesian axes

     q = (    0.000000000  -0.253544553   2.350870198 ) 

    1    1
  0.09194309  0.00000000    0.00000000  0.00000000    0.00000000  0.00000000
  0.00000000  0.00000000    0.09847717  0.00000000    0.00424184  0.00070487
  0.00000000  0.00000000    0.00424184 -0.00070487    0.07492730 -0.00000000
    1    2
 -0.00687811  0.08346641    0.00000000  0.00000000    0.00000000  0.00000000
  0.00000000  0.00000000    0.03419840 -0.04047016   -0.01284357 -0.02083291
  0.00000000  0.00000000   -0.01284357 -0.02083291    0.00000842  0.00306110
    2    1
 -0.00687811 -0.08346641    0.00000000  0.00000000    0.00000000  0.00000000
  0.00000000  0.00000000    0.03419840  0.04047016   -0.01284357  0.02083291
  0.00000000  0.00000000   -0.01284357  0.02083291    0.00000842 -0.00306110
    2    2
  0.09194309  0.00000000    0.00000000  0.00000000    0.00000000  0.00000000
  0.00000000  0.00000000    0.09847717  0.00000000    0.00424184 -0.00070487
  0.00000000  0.00000000    0.00424184  0.00070487    0.07492730  0.00000000

     Dynamical  Matrix in cartesian axes

     q = (   -0.253544553   0.000000000   2.350870198 ) 

    1    1
  0.09847717  0.00000000    0.00000000  0.00000000    0.00424184 -0.00070487
  0.00000000  0.00000000    0.09194309  0.00000000    0.00000000  0.00000000
  0.00424184  0.00070487    0.00000000  0.00000000    0.07492730  0.00000000
    1    2
 -0.04047016  0.03419840    0.00000000  0.00000000   -0.02083291 -0.01284357
  0.00000000  0.00000000    0.08346641 -0.00687811    0.00000000  0.00000000
 -0.02083291 -0.01284357    0.00000000  0.00000000    0.00306110  0.00000842
    2    1
 -0.04047016 -0.03419840    0.00000000  0.00000000   -0.02083291  0.01284357
  0.00000000  0.00000000    0.08346641  0.00687811    0.00000000  0.00000000
 -0.02083291  0.01284357    0.00000000  0.00000000    0.00306110 -0.00000842
    2    2
  0.09847717  0.00000000    0.00000000  0.00000000    0.00424184  0.00070487
  0.00000000  0.00000000    0.09194309  0.00000000    0.00000000  0.00000000
  0.00424184 -0.00070487    0.00000000  0.00000000    0.07492730 -0.00000000

     Dynamical  Matrix in cartesian axes

     q = (    0.253544553   0.000000000   2.350870198 ) 

    1    1
  0.09847717  0.00000000    0.00000000  0.00000000   -0.00424184  0.00070487
  0.00000000  0.00000000    0.09194309  0.00000000    0.00000000  0.00000000
 -0.00424184 -0.00070487    0.00000000  0.00000000    0.07492730 -0.00000000
    1    2
 -0.03419840 -0.04047016    0.00000000  0.00000000   -0.01284357  0.02083291
  0.00000000  0.00000000    0.00687811  0.08346641    0.00000000  0.00000000
 -0.01284357  0.02083291    0.00000000  0.00000000   -0.00000842  0.00306110
    2    1
 -0.03419840  0.04047016    0.00000000  0.00000000   -0.01284357 -0.02083291
  0.00000000  0.00000000    0.00687811 -0.08346641    0.00000000  0.00000000
 -0.01284357 -0.02083291    0.00000000  0.00000000   -0.00000842 -0.00306110
    2    2
  0.09847717  0.00000000    0.00000000  0.00000000   -0.00424184 -0.00070487
  0.00000000  0.00000000    0.09194309  0.00000000    0.00000000  0.00000000
 -0.00424184  0.00070487    0.00000000  0.00000000    0.07492730  0.00000000

     Dynamical  Matrix in cartesian axes

     q = (    0.253544553   0.000000000  -2.350870198 ) 

    1    1
  0.09847717  0.00000000    0.00000000  0.00000000    0.00424184  0.00070487
  0.00000000  0.00000000    0.09194309  0.00000000    0.00000000  0.00000000
  0.00424184 -0.00070487    0.00000000  0.00000000    0.07492730 -0.00000000
    1    2
 -0.04047016 -0.03419840    0.00000000  0.00000000   -0.02083291  0.01284357
  0.00000000  0.00000000    0.08346641  0.00687811    0.00000000  0.00000000
 -0.02083291  0.01284357    0.00000000  0.00000000    0.00306110 -0.00000842
    2    1
 -0.04047016  0.03419840    0.00000000  0.00000000   -0.02083291 -0.01284357
  0.00000000  0.00000000    0.08346641 -0.00687811    0.00000000  0.00000000
 -0.02083291 -0.01284357    0.00000000  0.00000000    0.00306110  0.00000842
    2    2
  0.09847717  0.00000000    0.00000000  0.00000000    0.00424184 -0.00070487
  0.00000000  0.00000000    0.09194309  0.00000000    0.00000000  0.00000000
  0.00424184  0.00070487    0.00000000  0.00000000    0.07492730  0.00000000

     Diagonalizing the dynamical matrix

     q = (    0.000000000   0.253544553  -2.350870198 ) 

 **************************************************************************
     freq (    1) =       0.905332 [THz] =      30.198639 [cm-1]
 (  0.025499  0.706647 -0.000000  0.000000  0.000000 -0.000000 ) 
 (  0.706354  0.032622  0.000000 -0.000000  0.000000 -0.000000 ) 
     freq (    2) =       1.801063 [THz] =      60.077010 [cm-1]
 ( -0.000000 -0.000000 -0.430434  0.436205 -0.247212 -0.251671 ) 
 ( -0.000000  0.000000  0.009557 -0.612745 -0.352778  0.000000 ) 
     freq (    3) =       2.606096 [THz] =      86.929990 [cm-1]
 ( -0.000000 -0.000000  0.004223 -0.243055 -0.649336 -0.138816 ) 
 ( -0.000000  0.000000  0.046683 -0.238567  0.664008  0.000000 ) 
     freq (    4) =       2.942887 [THz] =      98.164156 [cm-1]
 ( -0.000000 -0.000000 -0.148006  0.297979  0.623922  0.004899 ) 
 (  0.000000 -0.000000 -0.145662 -0.299132  0.623941  0.000000 ) 
     freq (    5) =       3.999417 [THz] =     133.406203 [cm-1]
 ( -0.000000  0.000000  0.292607 -0.607488  0.212923 -0.001572 ) 
 ( -0.000000 -0.000000 -0.297084 -0.605312 -0.212929  0.000000 ) 
     freq (    6) =       4.192208 [THz] =     139.837013 [cm-1]
 ( -0.048195  0.705462  0.000000  0.000000  0.000000  0.000000 ) 
 ( -0.699121 -0.105969  0.000000 -0.000000  0.000000  0.000000 ) 
 **************************************************************************
