Dynamical matrix file
                                                                           
  1    2  0 11.2374640  0.0000000  0.0000000  0.0000000  0.0000000  0.0000000
Basis vectors
      0.986020000   -0.000000000   -0.000000000
     -0.000000000    0.986020000   -0.000000000
      0.493010000    0.493010000    0.265859000
           1  'Sn  '    108197.54598352207     
    1    1      0.9860200000      1.2325250000      0.1993942500
    2    1      0.4930100000      0.2465050000      0.0664647500

     Dynamical  Matrix in cartesian axes

     q = (    0.126772276   0.253544553  -2.115783178 ) 

    1    1
  0.09603353  0.00000000    0.00161384 -0.00051962   -0.00061049  0.00053283
  0.00161384  0.00051962    0.09805351  0.00000000   -0.00408041 -0.00115174
 -0.00061049 -0.00053283   -0.00408041  0.00115174    0.03331412 -0.00000000
    1    2
  0.02714926 -0.07921192    0.00026427  0.00255495   -0.00752285 -0.00372965
  0.00026427  0.00255495   -0.00322913  0.06337365   -0.01399621  0.00179247
 -0.00752285 -0.00372965   -0.01399621  0.00179247   -0.00663018 -0.00315768
    2    1
  0.02714926  0.07921192    0.00026427 -0.00255495   -0.00752285  0.00372965
  0.00026427 -0.00255495   -0.00322913 -0.06337365   -0.01399621 -0.00179247
 -0.00752285  0.00372965   -0.01399621 -0.00179247   -0.00663018  0.00315768
    2    2
  0.09603353  0.00000000    0.00161384  0.00051962   -0.00061049 -0.00053283
  0.00161384 -0.00051962    0.09805351  0.00000000   -0.00408041  0.00115174
 -0.00061049  0.00053283   -0.00408041 -0.00115174    0.03331412  0.00000000

     Dynamical  Matrix in cartesian axes

     q = (    0.253544553   0.126772276  -2.115783178 ) 

    1    1
  0.09805351  0.00000000    0.00161384 -0.00051962   -0.00408041  0.00115174
  0.00161384  0.00051962    0.09603353  0.00000000   -0.00061049 -0.00053283
 -0.00408041 -0.00115174   -0.00061049  0.00053283    0.03331412  0.00000000
    1    2
 -0.00322913 -0.06337365    0.00026427 -0.00255495   -0.01399621 -0.00179247
  0.00026427 -0.00255495    0.02714926  0.07921192   -0.00752285  0.00372965
 -0.01399621 -0.00179247   -0.00752285  0.00372965   -0.00663018  0.00315768
    2    1
 -0.00322913  0.06337365    0.00026427  0.00255495   -0.01399621  0.00179247
  0.00026427  0.00255495    0.02714926 -0.07921192   -0.00752285 -0.00372965
 -0.01399621  0.00179247   -0.00752285 -0.00372965   -0.00663018 -0.00315768
    2    2
  0.09805351  0.00000000    0.00161384  0.00051962   -0.00408041 -0.00115174
  0.00161384 -0.00051962    0.09603353  0.00000000   -0.00061049  0.00053283
 -0.00408041  0.00115174   -0.00061049 -0.00053283    0.03331412 -0.00000000

     Dynamical  Matrix in cartesian axes

     q = (   -0.126772276  -0.253544553  -2.115783178 ) 

    1    1
  0.09603353  0.00000000    0.00161384 -0.00051962    0.00061049 -0.00053283
  0.00161384  0.00051962    0.09805351  0.00000000    0.00408041  0.00115174
  0.00061049  0.00053283    0.00408041 -0.00115174    0.03331412 -0.00000000
    1    2
  0.03681386  0.07520871   -0.00199349 -0.00161975   -0.00795672  0.00268220
 -0.00199349 -0.00161975   -0.04252860 -0.04709528   -0.00862935  0.01116428
 -0.00795672  0.00268220   -0.00862935  0.01116428    0.00692106 -0.00245543
    2    1
  0.03681386 -0.07520871   -0.00199349  0.00161975   -0.00795672 -0.00268220
 -0.00199349  0.00161975   -0.04252860  0.04709528   -0.00862935 -0.01116428
 -0.00795672 -0.00268220   -0.00862935 -0.01116428    0.00692106  0.00245543
    2    2
  0.09603353  0.00000000    0.00161384  0.00051962    0.00061049  0.00053283
  0.00161384 -0.00051962    0.09805351  0.00000000    0.00408041 -0.00115174
  0.00061049 -0.00053283    0.00408041  0.00115174    0.03331412  0.00000000

     Dynamical  Matrix in cartesian axes

     q = (   -0.253544553  -0.126772276  -2.115783178 ) 

    1    1
  0.09805351  0.00000000    0.00161384 -0.00051962    0.00408041 -0.00115174
  0.00161384  0.00051962    0.09603353  0.00000000    0.00061049  0.00053283
  0.00408041  0.00115174    0.00061049 -0.00053283    0.03331412  0.00000000
    1    2
  0.00322913  0.06337365   -0.00026427  0.00255495   -0.01399621 -0.00179247
 -0.00026427  0.00255495   -0.02714926 -0.07921192   -0.00752285  0.00372965
 -0.01399621 -0.00179247   -0.00752285  0.00372965    0.00663018 -0.00315768
    2    1
  0.00322913 -0.06337365   -0.00026427 -0.00255495   -0.01399621  0.00179247
 -0.00026427 -0.00255495   -0.02714926  0.07921192   -0.00752285 -0.00372965
 -0.01399621  0.00179247   -0.00752285 -0.00372965    0.00663018  0.00315768
    2    2
  0.09805351  0.00000000    0.00161384  0.00051962    0.00408041  0.00115174
  0.00161384 -0.00051962    0.09603353  0.00000000    0.00061049 -0.00053283
  0.00408041 -0.00115174    0.00061049  0.00053283    0.03331412 -0.00000000

     Dynamical  Matrix in cartesian axes

     q = (   -0.126772276   0.253544553   2.115783178 ) 

    1    1
  0.09603353  0.00000000   -0.00161384 -0.00051962   -0.00061049 -0.00053283
 -0.00161384  0.00051962    0.09805351  0.00000000    0.00408041 -0.00115174
 -0.00061049  0.00053283    0.00408041  0.00115174    0.03331412  0.00000000
    1    2
 -0.02714926 -0.07921192    0.00026427 -0.00255495    0.00752285 -0.00372965
  0.00026427 -0.00255495    0.00322913  0.06337365   -0.01399621 -0.00179247
  0.00752285 -0.00372965   -0.01399621 -0.00179247    0.00663018 -0.00315768
    2    1
 -0.02714926  0.07921192    0.00026427  0.00255495    0.00752285  0.00372965
  0.00026427  0.00255495    0.00322913 -0.06337365   -0.01399621  0.00179247
  0.00752285  0.00372965   -0.01399621  0.00179247    0.00663018  0.00315768
    2    2
  0.09603353  0.00000000   -0.00161384  0.00051962   -0.00061049  0.00053283
 -0.00161384 -0.00051962    0.09805351  0.00000000    0.00408041  0.00115174
 -0.00061049 -0.00053283    0.00408041 -0.00115174    0.03331412 -0.00000000

     Dynamical  Matrix in cartesian axes

     q = (    0.126772276  -0.253544553   2.115783178 ) 

    1    1
  0.09603353  0.00000000   -0.00161384 -0.00051962    0.00061049  0.00053283
 -0.00161384  0.00051962    0.09805351  0.00000000   -0.00408041  0.00115174
  0.00061049 -0.00053283   -0.00408041 -0.00115174    0.03331412  0.00000000
    1    2
 -0.03681386  0.07520871   -0.00199349  0.00161975    0.00795672  0.00268220
 -0.00199349  0.00161975    0.04252860 -0.04709528   -0.00862935 -0.01116428
  0.00795672  0.00268220   -0.00862935 -0.01116428   -0.00692106 -0.00245543
    2    1
 -0.03681386 -0.07520871   -0.00199349 -0.00161975    0.00795672 -0.00268220
 -0.00199349 -0.00161975    0.04252860  0.04709528   -0.00862935  0.01116428
  0.00795672 -0.00268220   -0.00862935  0.01116428   -0.00692106  0.00245543
    2    2
  0.09603353  0.00000000   -0.00161384  0.00051962    0.00061049 -0.00053283
 -0.00161384 -0.00051962    0.09805351  0.00000000   -0.00408041 -0.00115174
  0.00061049  0.00053283   -0.00408041  0.00115174    0.03331412 -0.00000000

     Dynamical  Matrix in cartesian axes

     q = (   -0.253544553   0.126772276   2.115783178 ) 

    1    1
  0.09805351  0.00000000   -0.00161384 -0.00051962   -0.00408041 -0.00115174
 -0.00161384  0.00051962    0.09603353  0.00000000    0.00061049 -0.00053283
 -0.00408041  0.00115174    0.00061049  0.00053283    0.03331412 -0.00000000
    1    2
 -0.06337365 -0.00322913    0.00255495 -0.00026427   -0.00179247 -0.01399621
  0.00255495 -0.00026427    0.07921192  0.02714926   -0.00372965  0.00752285
 -0.00179247 -0.01399621   -0.00372965  0.00752285    0.00315768 -0.00663018
    2    1
 -0.06337365  0.00322913    0.00255495  0.00026427   -0.00179247  0.01399621
  0.00255495  0.00026427    0.07921192 -0.02714926   -0.00372965 -0.00752285
 -0.00179247  0.01399621   -0.00372965 -0.00752285    0.00315768  0.00663018
    2    2
  0.09805351  0.00000000   -0.00161384  0.00051962   -0.00408041  0.00115174
 -0.00161384 -0.00051962    0.09603353  0.00000000    0.00061049  0.00053283
 -0.00408041 -0.00115174    0.00061049 -0.00053283    0.03331412  0.00000000

     Dynamical  Matrix in cartesian axes

     q = (    0.253544553  -0.126772276   2.115783178 ) 

    1    1
  0.09805351  0.00000000   -0.00161384 -0.00051962    0.00408041  0.00115174
 -0.00161384  0.00051962    0.09603353  0.00000000   -0.00061049  0.00053283
  0.00408041 -0.00115174   -0.00061049 -0.00053283    0.03331412  0.00000000
    1    2
 -0.06337365 -0.00322913    0.00255495 -0.00026427    0.00179247  0.01399621
  0.00255495 -0.00026427    0.07921192  0.02714926    0.00372965 -0.00752285
  0.00179247  0.01399621    0.00372965 -0.00752285    0.00315768 -0.00663018
    2    1
 -0.06337365  0.00322913    0.00255495  0.00026427    0.00179247 -0.01399621
  0.00255495  0.00026427    0.07921192 -0.02714926    0.00372965  0.00752285
  0.00179247 -0.01399621    0.00372965  0.00752285    0.00315768  0.00663018
    2    2
  0.09805351  0.00000000   -0.00161384  0.00051962    0.00408041 -0.00115174
 -0.00161384 -0.00051962    0.09603353  0.00000000   -0.00061049 -0.00053283
  0.00408041  0.00115174   -0.00061049  0.00053283    0.03331412 -0.00000000

     Dynamical  Matrix in cartesian axes

     q = (    0.126772276  -0.253544553  -2.115783178 ) 

    1    1
  0.09603353  0.00000000   -0.00161384  0.00051962   -0.00061049  0.00053283
 -0.00161384 -0.00051962    0.09805351  0.00000000    0.00408041  0.00115174
 -0.00061049 -0.00053283    0.00408041 -0.00115174    0.03331412 -0.00000000
    1    2
 -0.02714926  0.07921192    0.00026427  0.00255495    0.00752285  0.00372965
  0.00026427  0.00255495    0.00322913 -0.06337365   -0.01399621  0.00179247
  0.00752285  0.00372965   -0.01399621  0.00179247    0.00663018  0.00315768
    2    1
 -0.02714926 -0.07921192    0.00026427 -0.00255495    0.00752285 -0.00372965
  0.00026427 -0.00255495    0.00322913  0.06337365   -0.01399621 -0.00179247
  0.00752285 -0.00372965   -0.01399621 -0.00179247    0.00663018 -0.00315768
    2    2
  0.09603353  0.00000000   -0.00161384 -0.00051962   -0.00061049 -0.00053283
 -0.00161384  0.00051962    0.09805351  0.00000000    0.00408041 -0.00115174
 -0.00061049  0.00053283    0.00408041  0.00115174    0.03331412  0.00000000

     Dynamical  Matrix in cartesian axes

     q = (    0.253544553  -0.126772276  -2.115783178 ) 

    1    1
  0.09805351  0.00000000   -0.00161384  0.00051962   -0.00408041  0.00115174
 -0.00161384 -0.00051962    0.09603353  0.00000000    0.00061049  0.00053283
 -0.00408041 -0.00115174    0.00061049 -0.00053283    0.03331412  0.00000000
    1    2
 -0.06337365  0.00322913    0.00255495  0.00026427   -0.00179247  0.01399621
  0.00255495  0.00026427    0.07921192 -0.02714926   -0.00372965 -0.00752285
 -0.00179247  0.01399621   -0.00372965 -0.00752285    0.00315768  0.00663018
    2    1
 -0.06337365 -0.00322913    0.00255495 -0.00026427   -0.00179247 -0.01399621
  0.00255495 -0.00026427    0.07921192  0.02714926   -0.00372965  0.00752285
 -0.00179247 -0.01399621   -0.00372965  0.00752285    0.00315768 -0.00663018
    2    2
  0.09805351  0.00000000   -0.00161384 -0.00051962   -0.00408041 -0.00115174
 -0.00161384  0.00051962    0.09603353  0.00000000    0.00061049 -0.00053283
 -0.00408041  0.00115174    0.00061049  0.00053283    0.03331412 -0.00000000

     Dynamical  Matrix in cartesian axes

     q = (    0.253544553   0.126772276   2.115783178 ) 

    1    1
  0.09805351  0.00000000    0.00161384  0.00051962    0.00408041  0.00115174
  0.00161384 -0.00051962    0.09603353  0.00000000    0.00061049 -0.00053283
  0.00408041 -0.00115174    0.00061049  0.00053283    0.03331412 -0.00000000
    1    2
  0.00322913 -0.06337365   -0.00026427 -0.00255495   -0.01399621  0.00179247
 -0.00026427 -0.00255495   -0.02714926  0.07921192   -0.00752285 -0.00372965
 -0.01399621  0.00179247   -0.00752285 -0.00372965    0.00663018  0.00315768
    2    1
  0.00322913  0.06337365   -0.00026427  0.00255495   -0.01399621 -0.00179247
 -0.00026427  0.00255495   -0.02714926 -0.07921192   -0.00752285  0.00372965
 -0.01399621 -0.00179247   -0.00752285  0.00372965    0.00663018 -0.00315768
    2    2
  0.09805351  0.00000000    0.00161384 -0.00051962    0.00408041 -0.00115174
  0.00161384  0.00051962    0.09603353  0.00000000    0.00061049  0.00053283
  0.00408041  0.00115174    0.00061049 -0.00053283    0.03331412  0.00000000

     Dynamical  Matrix in cartesian axes

     q = (   -0.126772276   0.253544553  -2.115783178 ) 

    1    1
  0.09603353  0.00000000   -0.00161384  0.00051962    0.00061049 -0.00053283
 -0.00161384 -0.00051962    0.09805351  0.00000000   -0.00408041 -0.00115174
  0.00061049  0.00053283   -0.00408041  0.00115174    0.03331412 -0.00000000
    1    2
 -0.03681386 -0.07520871   -0.00199349 -0.00161975    0.00795672 -0.00268220
 -0.00199349 -0.00161975    0.04252860  0.04709528   -0.00862935  0.01116428
  0.00795672 -0.00268220   -0.00862935  0.01116428   -0.00692106  0.00245543
    2    1
 -0.03681386  0.07520871   -0.00199349  0.00161975    0.00795672  0.00268220
 -0.00199349  0.00161975    0.04252860 -0.04709528   -0.00862935 -0.01116428
  0.00795672  0.00268220   -0.00862935 -0.01116428   -0.00692106 -0.00245543
    2    2
  0.09603353  0.00000000   -0.00161384 -0.00051962    0.00061049  0.00053283
 -0.00161384  0.00051962    0.09805351  0.00000000   -0.00408041  0.00115174
  0.00061049 -0.00053283   -0.00408041 -0.00115174    0.03331412  0.00000000

     Dynamical  Matrix in cartesian axes

     q = (   -0.253544553   0.126772276  -2.115783178 ) 

    1    1
  0.09805351  0.00000000   -0.00161384  0.00051962    0.00408041 -0.00115174
 -0.00161384 -0.00051962    0.09603353  0.00000000   -0.00061049 -0.00053283
  0.00408041  0.00115174   -0.00061049  0.00053283    0.03331412 -0.00000000
    1    2
 -0.06337365  0.00322913    0.00255495  0.00026427    0.00179247 -0.01399621
  0.00255495  0.00026427    0.07921192 -0.02714926    0.00372965  0.00752285
  0.00179247 -0.01399621    0.00372965  0.00752285    0.00315768  0.00663018
    2    1
 -0.06337365 -0.00322913    0.00255495 -0.00026427    0.00179247  0.01399621
  0.00255495 -0.00026427    0.07921192  0.02714926    0.00372965 -0.00752285
  0.00179247  0.01399621    0.00372965 -0.00752285    0.00315768 -0.00663018
    2    2
  0.09805351  0.00000000   -0.00161384 -0.00051962    0.00408041  0.00115174
 -0.00161384  0.00051962    0.09603353  0.00000000   -0.00061049  0.00053283
  0.00408041 -0.00115174   -0.00061049 -0.00053283    0.03331412  0.00000000

     Dynamical  Matrix in cartesian axes

     q = (    0.126772276   0.253544553   2.115783178 ) 

    1    1
  0.09603353  0.00000000    0.00161384  0.00051962    0.00061049  0.00053283
  0.00161384 -0.00051962    0.09805351  0.00000000    0.00408041 -0.00115174
  0.00061049 -0.00053283    0.00408041  0.00115174    0.03331412  0.00000000
    1    2
  0.03681386 -0.07520871   -0.00199349  0.00161975   -0.00795672 -0.00268220
 -0.00199349  0.00161975   -0.04252860  0.04709528   -0.00862935 -0.01116428
 -0.00795672 -0.00268220   -0.00862935 -0.01116428    0.00692106  0.00245543
    2    1
  0.03681386  0.07520871   -0.00199349 -0.00161975   -0.00795672  0.00268220
 -0.00199349 -0.00161975   -0.04252860 -0.04709528   -0.00862935  0.01116428
 -0.00795672  0.00268220   -0.00862935  0.01116428    0.00692106 -0.00245543
    2    2
  0.09603353  0.00000000    0.00161384 -0.00051962    0.00061049 -0.00053283
  0.00161384  0.00051962    0.09805351  0.00000000    0.00408041  0.00115174
  0.00061049  0.00053283    0.00408041 -0.00115174    0.03331412 -0.00000000

     Dynamical  Matrix in cartesian axes

     q = (   -0.126772276  -0.253544553   2.115783178 ) 

    1    1
  0.09603353  0.00000000    0.00161384  0.00051962   -0.00061049 -0.00053283
  0.00161384 -0.00051962    0.09805351  0.00000000   -0.00408041  0.00115174
 -0.00061049  0.00053283   -0.00408041 -0.00115174    0.03331412  0.00000000
    1    2
  0.02714926  0.07921192    0.00026427 -0.00255495   -0.00752285  0.00372965
  0.00026427 -0.00255495   -0.00322913 -0.06337365   -0.01399621 -0.00179247
 -0.00752285  0.00372965   -0.01399621 -0.00179247   -0.00663018  0.00315768
    2    1
  0.02714926 -0.07921192    0.00026427  0.00255495   -0.00752285 -0.00372965
  0.00026427  0.00255495   -0.00322913  0.06337365   -0.01399621  0.00179247
 -0.00752285 -0.00372965   -0.01399621  0.00179247   -0.00663018 -0.00315768
    2    2
  0.09603353  0.00000000    0.00161384 -0.00051962   -0.00061049  0.00053283
  0.00161384  0.00051962    0.09805351  0.00000000   -0.00408041 -0.00115174
 -0.00061049 -0.00053283   -0.00408041  0.00115174    0.03331412 -0.00000000

     Dynamical  Matrix in cartesian axes

     q = (   -0.253544553  -0.126772276   2.115783178 ) 

    1    1
  0.09805351  0.00000000    0.00161384  0.00051962   -0.00408041 -0.00115174
  0.00161384 -0.00051962    0.09603353  0.00000000   -0.00061049  0.00053283
 -0.00408041  0.00115174   -0.00061049 -0.00053283    0.03331412 -0.00000000
    1    2
 -0.00322913  0.06337365    0.00026427  0.00255495   -0.01399621  0.00179247
  0.00026427  0.00255495    0.02714926 -0.07921192   -0.00752285 -0.00372965
 -0.01399621  0.00179247   -0.00752285 -0.00372965   -0.00663018 -0.00315768
    2    1
 -0.00322913 -0.06337365    0.00026427 -0.00255495   -0.01399621 -0.00179247
  0.00026427 -0.00255495    0.02714926  0.07921192   -0.00752285  0.00372965
 -0.01399621 -0.00179247   -0.00752285  0.00372965   -0.00663018  0.00315768
    2    2
  0.09805351  0.00000000    0.00161384 -0.00051962   -0.00408041  0.00115174
  0.00161384  0.00051962    0.09603353  0.00000000   -0.00061049 -0.00053283
 -0.00408041 -0.00115174   -0.00061049  0.00053283    0.03331412  0.00000000

     Diagonalizing the dynamical matrix

     q = (    0.126772276   0.253544553  -2.115783178 ) 

 **************************************************************************
     freq (    1) =       0.879373 [THz] =      29.332741 [cm-1]
 (  0.335357  0.466093  0.146458 -0.116601  0.367563  0.012017 ) 
 (  0.350408 -0.454886  0.142570  0.121324  0.367760  0.000000 ) 
     freq (    2) =       1.343771 [THz] =      44.823369 [cm-1]
 (  0.046419  0.385184 -0.376685  0.090322 -0.283201 -0.345292 ) 
 (  0.327262 -0.208377 -0.169042 -0.348531 -0.446575  0.000000 ) 
     freq (    3) =       1.994368 [THz] =      66.524961 [cm-1]
 ( -0.119771  0.056467  0.104783  0.053200 -0.493729 -0.474224 ) 
 (  0.047264  0.123692 -0.112423 -0.034217  0.684585  0.000000 ) 
     freq (    4) =       2.133234 [THz] =      71.157035 [cm-1]
 ( -0.019499  0.056355  0.542210 -0.121448 -0.175927 -0.395919 ) 
 (  0.043582 -0.040703  0.109189  0.544812 -0.433246  0.000000 ) 
     freq (    5) =       4.042295 [THz] =     134.836432 [cm-1]
 ( -0.010992 -0.058244 -0.698241 -0.041613  0.006963 -0.084656 ) 
 (  0.057146  0.015730 -0.015767  0.699302  0.084942  0.000000 ) 
     freq (    6) =       4.248149 [THz] =     141.703003 [cm-1]
 ( -0.672314 -0.207757  0.009763 -0.054647 -0.010919  0.040378 ) 
 ( -0.025050 -0.703236 -0.055300 -0.004841  0.041829 -0.000000 ) 
 **************************************************************************
