Dynamical matrix file
                                                                           
  1    2  0 11.2374640  0.0000000  0.0000000  0.0000000  0.0000000  0.0000000
Basis vectors
      0.986020000   -0.000000000   -0.000000000
     -0.000000000    0.986020000   -0.000000000
      0.493010000    0.493010000    0.265859000
           1  'Sn  '    108197.54598352207     
    1    1      0.9860200000      1.2325250000      0.1993942500
    2    1      0.4930100000      0.2465050000      0.0664647500

     Dynamical  Matrix in cartesian axes

     q = (    0.126772276  -0.507089106   0.705261059 ) 

    1    1
  0.08161743  0.00000000   -0.00172209 -0.00068655   -0.00417401  0.00109170
 -0.00172209  0.00068655    0.08395765  0.00000000   -0.00702941 -0.00115281
 -0.00417401 -0.00109170   -0.00702941  0.00115281    0.10416542  0.00000000
    1    2
  0.05278267  0.02018287    0.00173974  0.00141910   -0.00115690 -0.01149773
  0.00173974  0.00141910   -0.00739580  0.00255396    0.02964179  0.00358914
 -0.00115690 -0.01149773    0.02964179  0.00358914   -0.00924937  0.00187889
    2    1
  0.05278267 -0.02018287    0.00173974 -0.00141910   -0.00115690  0.01149773
  0.00173974 -0.00141910   -0.00739580 -0.00255396    0.02964179 -0.00358914
 -0.00115690  0.01149773    0.02964179 -0.00358914   -0.00924937 -0.00187889
    2    2
  0.08161743  0.00000000   -0.00172209  0.00068655   -0.00417401 -0.00109170
 -0.00172209 -0.00068655    0.08395765  0.00000000   -0.00702941  0.00115281
 -0.00417401  0.00109170   -0.00702941 -0.00115281    0.10416542 -0.00000000

     Dynamical  Matrix in cartesian axes

     q = (   -0.507089106   0.126772276   0.705261059 ) 

    1    1
  0.08395765  0.00000000   -0.00172209 -0.00068655   -0.00702941  0.00115281
 -0.00172209  0.00068655    0.08161743  0.00000000   -0.00417401 -0.00109170
 -0.00702941 -0.00115281   -0.00417401  0.00109170    0.10416542 -0.00000000
    1    2
  0.00342370  0.00703554   -0.00223364 -0.00022673   -0.02349781 -0.01842200
 -0.00223364 -0.00022673   -0.05159442 -0.02305154    0.00894818 -0.00731207
 -0.02349781 -0.01842200    0.00894818 -0.00731207    0.00521172  0.00786887
    2    1
  0.00342370 -0.00703554   -0.00223364  0.00022673   -0.02349781  0.01842200
 -0.00223364  0.00022673   -0.05159442  0.02305154    0.00894818  0.00731207
 -0.02349781  0.01842200    0.00894818  0.00731207    0.00521172 -0.00786887
    2    2
  0.08395765  0.00000000   -0.00172209  0.00068655   -0.00702941 -0.00115281
 -0.00172209 -0.00068655    0.08161743  0.00000000   -0.00417401  0.00109170
 -0.00702941  0.00115281   -0.00417401 -0.00109170    0.10416542  0.00000000

     Dynamical  Matrix in cartesian axes

     q = (   -0.126772276   0.507089106   0.705261059 ) 

    1    1
  0.08161743  0.00000000   -0.00172209 -0.00068655    0.00417401 -0.00109170
 -0.00172209  0.00068655    0.08395765  0.00000000    0.00702941  0.00115281
  0.00417401  0.00109170    0.00702941 -0.00115281    0.10416542  0.00000000
    1    2
  0.05159442 -0.02305154    0.00223364 -0.00022673    0.00894818  0.00731207
  0.00223364 -0.00022673   -0.00342370  0.00703554   -0.02349781  0.01842200
  0.00894818  0.00731207   -0.02349781  0.01842200   -0.00521172  0.00786887
    2    1
  0.05159442  0.02305154    0.00223364  0.00022673    0.00894818 -0.00731207
  0.00223364  0.00022673   -0.00342370 -0.00703554   -0.02349781 -0.01842200
  0.00894818 -0.00731207   -0.02349781 -0.01842200   -0.00521172 -0.00786887
    2    2
  0.08161743  0.00000000   -0.00172209  0.00068655    0.00417401  0.00109170
 -0.00172209 -0.00068655    0.08395765  0.00000000    0.00702941 -0.00115281
  0.00417401 -0.00109170    0.00702941  0.00115281    0.10416542 -0.00000000

     Dynamical  Matrix in cartesian axes

     q = (    0.507089106  -0.126772276   0.705261059 ) 

    1    1
  0.08395765  0.00000000   -0.00172209 -0.00068655    0.00702941 -0.00115281
 -0.00172209  0.00068655    0.08161743  0.00000000    0.00417401  0.00109170
  0.00702941  0.00115281    0.00417401 -0.00109170    0.10416542 -0.00000000
    1    2
 -0.00703554  0.00342370    0.00022673 -0.00223364   -0.01842200  0.02349781
  0.00022673 -0.00223364    0.02305154 -0.05159442   -0.00731207 -0.00894818
 -0.01842200  0.02349781   -0.00731207 -0.00894818   -0.00786887  0.00521172
    2    1
 -0.00703554 -0.00342370    0.00022673  0.00223364   -0.01842200 -0.02349781
  0.00022673  0.00223364    0.02305154  0.05159442   -0.00731207  0.00894818
 -0.01842200 -0.02349781   -0.00731207  0.00894818   -0.00786887 -0.00521172
    2    2
  0.08395765  0.00000000   -0.00172209  0.00068655    0.00702941  0.00115281
 -0.00172209 -0.00068655    0.08161743  0.00000000    0.00417401 -0.00109170
  0.00702941 -0.00115281    0.00417401  0.00109170    0.10416542  0.00000000

     Dynamical  Matrix in cartesian axes

     q = (   -0.126772276  -0.507089106  -0.705261059 ) 

    1    1
  0.08161743  0.00000000    0.00172209 -0.00068655   -0.00417401 -0.00109170
  0.00172209  0.00068655    0.08395765  0.00000000    0.00702941 -0.00115281
 -0.00417401  0.00109170    0.00702941  0.00115281    0.10416542 -0.00000000
    1    2
  0.05278267 -0.02018287   -0.00173974  0.00141910   -0.00115690  0.01149773
 -0.00173974  0.00141910   -0.00739580 -0.00255396   -0.02964179  0.00358914
 -0.00115690  0.01149773   -0.02964179  0.00358914   -0.00924937 -0.00187889
    2    1
  0.05278267  0.02018287   -0.00173974 -0.00141910   -0.00115690 -0.01149773
 -0.00173974 -0.00141910   -0.00739580  0.00255396   -0.02964179 -0.00358914
 -0.00115690 -0.01149773   -0.02964179 -0.00358914   -0.00924937  0.00187889
    2    2
  0.08161743  0.00000000    0.00172209  0.00068655   -0.00417401  0.00109170
  0.00172209 -0.00068655    0.08395765  0.00000000    0.00702941  0.00115281
 -0.00417401 -0.00109170    0.00702941 -0.00115281    0.10416542  0.00000000

     Dynamical  Matrix in cartesian axes

     q = (    0.126772276   0.507089106  -0.705261059 ) 

    1    1
  0.08161743  0.00000000    0.00172209 -0.00068655    0.00417401  0.00109170
  0.00172209  0.00068655    0.08395765  0.00000000   -0.00702941  0.00115281
  0.00417401 -0.00109170   -0.00702941 -0.00115281    0.10416542 -0.00000000
    1    2
  0.05159442  0.02305154   -0.00223364 -0.00022673    0.00894818 -0.00731207
 -0.00223364 -0.00022673   -0.00342370 -0.00703554    0.02349781  0.01842200
  0.00894818 -0.00731207    0.02349781  0.01842200   -0.00521172 -0.00786887
    2    1
  0.05159442 -0.02305154   -0.00223364  0.00022673    0.00894818  0.00731207
 -0.00223364  0.00022673   -0.00342370  0.00703554    0.02349781 -0.01842200
  0.00894818  0.00731207    0.02349781 -0.01842200   -0.00521172  0.00786887
    2    2
  0.08161743  0.00000000    0.00172209  0.00068655    0.00417401 -0.00109170
  0.00172209 -0.00068655    0.08395765  0.00000000   -0.00702941 -0.00115281
  0.00417401  0.00109170   -0.00702941  0.00115281    0.10416542  0.00000000

     Dynamical  Matrix in cartesian axes

     q = (    0.507089106   0.126772276  -0.705261059 ) 

    1    1
  0.08395765  0.00000000    0.00172209 -0.00068655   -0.00702941 -0.00115281
  0.00172209  0.00068655    0.08161743  0.00000000    0.00417401 -0.00109170
 -0.00702941  0.00115281    0.00417401  0.00109170    0.10416542  0.00000000
    1    2
  0.00703554  0.00342370    0.00022673  0.00223364   -0.01842200 -0.02349781
  0.00022673  0.00223364   -0.02305154 -0.05159442    0.00731207 -0.00894818
 -0.01842200 -0.02349781    0.00731207 -0.00894818    0.00786887  0.00521172
    2    1
  0.00703554 -0.00342370    0.00022673 -0.00223364   -0.01842200  0.02349781
  0.00022673 -0.00223364   -0.02305154  0.05159442    0.00731207  0.00894818
 -0.01842200  0.02349781    0.00731207  0.00894818    0.00786887 -0.00521172
    2    2
  0.08395765  0.00000000    0.00172209  0.00068655   -0.00702941  0.00115281
  0.00172209 -0.00068655    0.08161743  0.00000000    0.00417401  0.00109170
 -0.00702941 -0.00115281    0.00417401 -0.00109170    0.10416542 -0.00000000

     Dynamical  Matrix in cartesian axes

     q = (   -0.507089106  -0.126772276  -0.705261059 ) 

    1    1
  0.08395765  0.00000000    0.00172209 -0.00068655    0.00702941  0.00115281
  0.00172209  0.00068655    0.08161743  0.00000000   -0.00417401  0.00109170
  0.00702941 -0.00115281   -0.00417401 -0.00109170    0.10416542  0.00000000
    1    2
 -0.00342370  0.00703554   -0.00223364  0.00022673   -0.02349781  0.01842200
 -0.00223364  0.00022673    0.05159442 -0.02305154   -0.00894818 -0.00731207
 -0.02349781  0.01842200   -0.00894818 -0.00731207   -0.00521172  0.00786887
    2    1
 -0.00342370 -0.00703554   -0.00223364 -0.00022673   -0.02349781 -0.01842200
 -0.00223364 -0.00022673    0.05159442  0.02305154   -0.00894818  0.00731207
 -0.02349781 -0.01842200   -0.00894818  0.00731207   -0.00521172 -0.00786887
    2    2
  0.08395765  0.00000000    0.00172209  0.00068655    0.00702941 -0.00115281
  0.00172209 -0.00068655    0.08161743  0.00000000   -0.00417401 -0.00109170
  0.00702941  0.00115281   -0.00417401  0.00109170    0.10416542 -0.00000000

     Dynamical  Matrix in cartesian axes

     q = (    0.126772276   0.507089106   0.705261059 ) 

    1    1
  0.08161743  0.00000000    0.00172209  0.00068655   -0.00417401  0.00109170
  0.00172209 -0.00068655    0.08395765  0.00000000    0.00702941  0.00115281
 -0.00417401 -0.00109170    0.00702941 -0.00115281    0.10416542  0.00000000
    1    2
  0.05278267  0.02018287   -0.00173974 -0.00141910   -0.00115690 -0.01149773
 -0.00173974 -0.00141910   -0.00739580  0.00255396   -0.02964179 -0.00358914
 -0.00115690 -0.01149773   -0.02964179 -0.00358914   -0.00924937  0.00187889
    2    1
  0.05278267 -0.02018287   -0.00173974  0.00141910   -0.00115690  0.01149773
 -0.00173974  0.00141910   -0.00739580 -0.00255396   -0.02964179  0.00358914
 -0.00115690  0.01149773   -0.02964179  0.00358914   -0.00924937 -0.00187889
    2    2
  0.08161743  0.00000000    0.00172209 -0.00068655   -0.00417401 -0.00109170
  0.00172209  0.00068655    0.08395765  0.00000000    0.00702941 -0.00115281
 -0.00417401  0.00109170    0.00702941  0.00115281    0.10416542 -0.00000000

     Dynamical  Matrix in cartesian axes

     q = (   -0.507089106  -0.126772276   0.705261059 ) 

    1    1
  0.08395765  0.00000000    0.00172209  0.00068655   -0.00702941  0.00115281
  0.00172209 -0.00068655    0.08161743  0.00000000    0.00417401  0.00109170
 -0.00702941 -0.00115281    0.00417401 -0.00109170    0.10416542 -0.00000000
    1    2
  0.00703554 -0.00342370    0.00022673 -0.00223364   -0.01842200  0.02349781
  0.00022673 -0.00223364   -0.02305154  0.05159442    0.00731207  0.00894818
 -0.01842200  0.02349781    0.00731207  0.00894818    0.00786887 -0.00521172
    2    1
  0.00703554  0.00342370    0.00022673  0.00223364   -0.01842200 -0.02349781
  0.00022673  0.00223364   -0.02305154 -0.05159442    0.00731207 -0.00894818
 -0.01842200 -0.02349781    0.00731207 -0.00894818    0.00786887  0.00521172
    2    2
  0.08395765  0.00000000    0.00172209 -0.00068655   -0.00702941 -0.00115281
  0.00172209  0.00068655    0.08161743  0.00000000    0.00417401 -0.00109170
 -0.00702941  0.00115281    0.00417401  0.00109170    0.10416542  0.00000000

     Dynamical  Matrix in cartesian axes

     q = (   -0.507089106   0.126772276  -0.705261059 ) 

    1    1
  0.08395765  0.00000000   -0.00172209  0.00068655    0.00702941  0.00115281
 -0.00172209 -0.00068655    0.08161743  0.00000000    0.00417401 -0.00109170
  0.00702941 -0.00115281    0.00417401  0.00109170    0.10416542  0.00000000
    1    2
 -0.00703554 -0.00342370    0.00022673  0.00223364   -0.01842200 -0.02349781
  0.00022673  0.00223364    0.02305154  0.05159442   -0.00731207  0.00894818
 -0.01842200 -0.02349781   -0.00731207  0.00894818   -0.00786887 -0.00521172
    2    1
 -0.00703554  0.00342370    0.00022673 -0.00223364   -0.01842200  0.02349781
  0.00022673 -0.00223364    0.02305154 -0.05159442   -0.00731207 -0.00894818
 -0.01842200  0.02349781   -0.00731207 -0.00894818   -0.00786887  0.00521172
    2    2
  0.08395765  0.00000000   -0.00172209 -0.00068655    0.00702941 -0.00115281
 -0.00172209  0.00068655    0.08161743  0.00000000    0.00417401  0.00109170
  0.00702941  0.00115281    0.00417401 -0.00109170    0.10416542 -0.00000000

     Dynamical  Matrix in cartesian axes

     q = (   -0.126772276  -0.507089106   0.705261059 ) 

    1    1
  0.08161743  0.00000000    0.00172209  0.00068655    0.00417401 -0.00109170
  0.00172209 -0.00068655    0.08395765  0.00000000   -0.00702941 -0.00115281
  0.00417401  0.00109170   -0.00702941  0.00115281    0.10416542  0.00000000
    1    2
  0.05159442 -0.02305154   -0.00223364  0.00022673    0.00894818  0.00731207
 -0.00223364  0.00022673   -0.00342370  0.00703554    0.02349781 -0.01842200
  0.00894818  0.00731207    0.02349781 -0.01842200   -0.00521172  0.00786887
    2    1
  0.05159442  0.02305154   -0.00223364 -0.00022673    0.00894818 -0.00731207
 -0.00223364 -0.00022673   -0.00342370 -0.00703554    0.02349781  0.01842200
  0.00894818 -0.00731207    0.02349781  0.01842200   -0.00521172 -0.00786887
    2    2
  0.08161743  0.00000000    0.00172209 -0.00068655    0.00417401  0.00109170
  0.00172209  0.00068655    0.08395765  0.00000000   -0.00702941  0.00115281
  0.00417401 -0.00109170   -0.00702941 -0.00115281    0.10416542 -0.00000000

     Dynamical  Matrix in cartesian axes

     q = (    0.507089106   0.126772276   0.705261059 ) 

    1    1
  0.08395765  0.00000000    0.00172209  0.00068655    0.00702941 -0.00115281
  0.00172209 -0.00068655    0.08161743  0.00000000   -0.00417401 -0.00109170
  0.00702941  0.00115281   -0.00417401  0.00109170    0.10416542 -0.00000000
    1    2
 -0.00342370 -0.00703554   -0.00223364 -0.00022673   -0.02349781 -0.01842200
 -0.00223364 -0.00022673    0.05159442  0.02305154   -0.00894818  0.00731207
 -0.02349781 -0.01842200   -0.00894818  0.00731207   -0.00521172 -0.00786887
    2    1
 -0.00342370  0.00703554   -0.00223364  0.00022673   -0.02349781  0.01842200
 -0.00223364  0.00022673    0.05159442 -0.02305154   -0.00894818 -0.00731207
 -0.02349781  0.01842200   -0.00894818 -0.00731207   -0.00521172  0.00786887
    2    2
  0.08395765  0.00000000    0.00172209 -0.00068655    0.00702941  0.00115281
  0.00172209  0.00068655    0.08161743  0.00000000   -0.00417401  0.00109170
  0.00702941 -0.00115281   -0.00417401 -0.00109170    0.10416542  0.00000000

     Dynamical  Matrix in cartesian axes

     q = (    0.126772276  -0.507089106  -0.705261059 ) 

    1    1
  0.08161743  0.00000000   -0.00172209  0.00068655    0.00417401  0.00109170
 -0.00172209 -0.00068655    0.08395765  0.00000000    0.00702941 -0.00115281
  0.00417401 -0.00109170    0.00702941  0.00115281    0.10416542 -0.00000000
    1    2
  0.05159442  0.02305154    0.00223364  0.00022673    0.00894818 -0.00731207
  0.00223364  0.00022673   -0.00342370 -0.00703554   -0.02349781 -0.01842200
  0.00894818 -0.00731207   -0.02349781 -0.01842200   -0.00521172 -0.00786887
    2    1
  0.05159442 -0.02305154    0.00223364 -0.00022673    0.00894818  0.00731207
  0.00223364 -0.00022673   -0.00342370  0.00703554   -0.02349781  0.01842200
  0.00894818  0.00731207   -0.02349781  0.01842200   -0.00521172  0.00786887
    2    2
  0.08161743  0.00000000   -0.00172209 -0.00068655    0.00417401 -0.00109170
 -0.00172209  0.00068655    0.08395765  0.00000000    0.00702941  0.00115281
  0.00417401  0.00109170    0.00702941 -0.00115281    0.10416542  0.00000000

     Dynamical  Matrix in cartesian axes

     q = (   -0.126772276   0.507089106  -0.705261059 ) 

    1    1
  0.08161743  0.00000000   -0.00172209  0.00068655   -0.00417401 -0.00109170
 -0.00172209 -0.00068655    0.08395765  0.00000000   -0.00702941  0.00115281
 -0.00417401  0.00109170   -0.00702941 -0.00115281    0.10416542 -0.00000000
    1    2
  0.05278267 -0.02018287    0.00173974 -0.00141910   -0.00115690  0.01149773
  0.00173974 -0.00141910   -0.00739580 -0.00255396    0.02964179 -0.00358914
 -0.00115690  0.01149773    0.02964179 -0.00358914   -0.00924937 -0.00187889
    2    1
  0.05278267  0.02018287    0.00173974  0.00141910   -0.00115690 -0.01149773
  0.00173974  0.00141910   -0.00739580  0.00255396    0.02964179  0.00358914
 -0.00115690 -0.01149773    0.02964179  0.00358914   -0.00924937  0.00187889
    2    2
  0.08161743  0.00000000   -0.00172209 -0.00068655   -0.00417401  0.00109170
 -0.00172209  0.00068655    0.08395765  0.00000000   -0.00702941 -0.00115281
 -0.00417401 -0.00109170   -0.00702941  0.00115281    0.10416542  0.00000000

     Dynamical  Matrix in cartesian axes

     q = (    0.507089106  -0.126772276  -0.705261059 ) 

    1    1
  0.08395765  0.00000000   -0.00172209  0.00068655   -0.00702941 -0.00115281
 -0.00172209 -0.00068655    0.08161743  0.00000000   -0.00417401  0.00109170
 -0.00702941  0.00115281   -0.00417401 -0.00109170    0.10416542  0.00000000
    1    2
  0.00342370 -0.00703554   -0.00223364  0.00022673   -0.02349781  0.01842200
 -0.00223364  0.00022673   -0.05159442  0.02305154    0.00894818  0.00731207
 -0.02349781  0.01842200    0.00894818  0.00731207    0.00521172 -0.00786887
    2    1
  0.00342370  0.00703554   -0.00223364 -0.00022673   -0.02349781 -0.01842200
 -0.00223364 -0.00022673   -0.05159442 -0.02305154    0.00894818 -0.00731207
 -0.02349781 -0.01842200    0.00894818 -0.00731207    0.00521172  0.00786887
    2    2
  0.08395765  0.00000000   -0.00172209 -0.00068655   -0.00702941  0.00115281
 -0.00172209  0.00068655    0.08161743  0.00000000   -0.00417401 -0.00109170
 -0.00702941 -0.00115281   -0.00417401  0.00109170    0.10416542 -0.00000000

     Diagonalizing the dynamical matrix

     q = (    0.126772276  -0.507089106   0.705261059 ) 

 **************************************************************************
     freq (    1) =       1.526735 [THz] =      50.926388 [cm-1]
 ( -0.290457  0.630093 -0.071433  0.034985  0.095903  0.055614 ) 
 (  0.064823 -0.690783 -0.044244 -0.066099  0.110862  0.000000 ) 
     freq (    2) =       2.455412 [THz] =      81.903714 [cm-1]
 ( -0.134159  0.013999  0.569938  0.125350  0.005405 -0.375812 ) 
 (  0.015927 -0.133944  0.117141  0.571681 -0.375851  0.000000 ) 
     freq (    3) =       2.548112 [THz] =      84.995853 [cm-1]
 (  0.030792  0.005265  0.552649  0.056981  0.062045  0.431864 ) 
 ( -0.009590 -0.029731 -0.134994 -0.538929 -0.436298  0.000000 ) 
     freq (    4) =       3.315358 [THz] =     110.588439 [cm-1]
 (  0.176562 -0.008537  0.384163  0.071040  0.548111  0.125297 ) 
 (  0.170219  0.047669  0.390334  0.016357  0.562250  0.000000 ) 
     freq (    5) =       3.599232 [THz] =     120.057464 [cm-1]
 ( -0.269914  0.401686  0.333159  0.082946 -0.287208 -0.255796 ) 
 ( -0.065596  0.479481 -0.303957 -0.159640  0.384603  0.000000 ) 
     freq (    6) =       3.894313 [THz] =     129.900297 [cm-1]
 ( -0.000572 -0.483729  0.271823 -0.008554 -0.409021  0.157310 ) 
 ( -0.173110 -0.451694 -0.256777  0.089593  0.438229  0.000000 ) 
 **************************************************************************
