Dynamical matrix file
                                                                           
  1    2  0 11.2374640  0.0000000  0.0000000  0.0000000  0.0000000  0.0000000
Basis vectors
      0.986020000   -0.000000000   -0.000000000
     -0.000000000    0.986020000   -0.000000000
      0.493010000    0.493010000    0.265859000
           1  'Sn  '    108197.54598352207     
    1    1      0.9860200000      1.2325250000      0.1993942500
    2    1      0.4930100000      0.2465050000      0.0664647500

     Dynamical  Matrix in cartesian axes

     q = (    0.000000000   0.380316829  -2.115783178 ) 

    1    1
  0.09414060  0.00000000    0.00000000  0.00000000    0.00000000  0.00000000
  0.00000000  0.00000000    0.09562471  0.00000000   -0.00201144 -0.00372450
  0.00000000  0.00000000   -0.00201144  0.00372450    0.03275063 -0.00000000
    1    2
  0.05764345 -0.06371493    0.00000000  0.00000000    0.00000000  0.00000000
  0.00000000  0.00000000   -0.01335687  0.03394368   -0.01987350 -0.00245134
  0.00000000  0.00000000   -0.01987350 -0.00245134   -0.00334798 -0.00598832
    2    1
  0.05764345  0.06371493    0.00000000  0.00000000    0.00000000  0.00000000
  0.00000000  0.00000000   -0.01335687 -0.03394368   -0.01987350  0.00245134
  0.00000000  0.00000000   -0.01987350  0.00245134   -0.00334798  0.00598832
    2    2
  0.09414060  0.00000000    0.00000000  0.00000000    0.00000000  0.00000000
  0.00000000  0.00000000    0.09562471  0.00000000   -0.00201144  0.00372450
  0.00000000  0.00000000   -0.00201144 -0.00372450    0.03275063  0.00000000

     Dynamical  Matrix in cartesian axes

     q = (    0.000000000  -0.380316829  -2.115783178 ) 

    1    1
  0.09414060  0.00000000    0.00000000  0.00000000    0.00000000  0.00000000
  0.00000000  0.00000000    0.09562471  0.00000000    0.00201144  0.00372450
  0.00000000  0.00000000    0.00201144 -0.00372450    0.03275063 -0.00000000
    1    2
  0.06371493  0.05764345    0.00000000  0.00000000    0.00000000  0.00000000
  0.00000000  0.00000000   -0.03394368 -0.01335687   -0.00245134  0.01987350
  0.00000000  0.00000000   -0.00245134  0.01987350    0.00598832 -0.00334798
    2    1
  0.06371493 -0.05764345    0.00000000  0.00000000    0.00000000  0.00000000
  0.00000000  0.00000000   -0.03394368  0.01335687   -0.00245134 -0.01987350
  0.00000000  0.00000000   -0.00245134 -0.01987350    0.00598832  0.00334798
    2    2
  0.09414060  0.00000000    0.00000000  0.00000000    0.00000000  0.00000000
  0.00000000  0.00000000    0.09562471  0.00000000    0.00201144 -0.00372450
  0.00000000  0.00000000    0.00201144  0.00372450    0.03275063  0.00000000

     Dynamical  Matrix in cartesian axes

     q = (   -0.380316829   0.000000000  -2.115783178 ) 

    1    1
  0.09562471  0.00000000    0.00000000  0.00000000    0.00201144 -0.00372450
  0.00000000  0.00000000    0.09414060  0.00000000    0.00000000  0.00000000
  0.00201144  0.00372450    0.00000000  0.00000000    0.03275063  0.00000000
    1    2
 -0.01455707  0.03344654    0.00000000  0.00000000   -0.01578605 -0.01231933
  0.00000000  0.00000000    0.00429319 -0.08581334    0.00000000  0.00000000
 -0.01578605 -0.01231933    0.00000000  0.00000000    0.00660176 -0.00186700
    2    1
 -0.01455707 -0.03344654    0.00000000  0.00000000   -0.01578605  0.01231933
  0.00000000  0.00000000    0.00429319  0.08581334    0.00000000  0.00000000
 -0.01578605  0.01231933    0.00000000  0.00000000    0.00660176  0.00186700
    2    2
  0.09562471  0.00000000    0.00000000  0.00000000    0.00201144  0.00372450
  0.00000000  0.00000000    0.09414060  0.00000000    0.00000000  0.00000000
  0.00201144 -0.00372450    0.00000000  0.00000000    0.03275063 -0.00000000

     Dynamical  Matrix in cartesian axes

     q = (    0.000000000   0.380316829   2.115783178 ) 

    1    1
  0.09414060  0.00000000    0.00000000  0.00000000    0.00000000  0.00000000
  0.00000000  0.00000000    0.09562471  0.00000000    0.00201144 -0.00372450
  0.00000000  0.00000000    0.00201144  0.00372450    0.03275063  0.00000000
    1    2
  0.06371493 -0.05764345    0.00000000  0.00000000    0.00000000  0.00000000
  0.00000000  0.00000000   -0.03394368  0.01335687   -0.00245134 -0.01987350
  0.00000000  0.00000000   -0.00245134 -0.01987350    0.00598832  0.00334798
    2    1
  0.06371493  0.05764345    0.00000000  0.00000000    0.00000000  0.00000000
  0.00000000  0.00000000   -0.03394368 -0.01335687   -0.00245134  0.01987350
  0.00000000  0.00000000   -0.00245134  0.01987350    0.00598832 -0.00334798
    2    2
  0.09414060  0.00000000    0.00000000  0.00000000    0.00000000  0.00000000
  0.00000000  0.00000000    0.09562471  0.00000000    0.00201144  0.00372450
  0.00000000  0.00000000    0.00201144 -0.00372450    0.03275063 -0.00000000

     Dynamical  Matrix in cartesian axes

     q = (    0.000000000  -0.380316829   2.115783178 ) 

    1    1
  0.09414060  0.00000000    0.00000000  0.00000000    0.00000000  0.00000000
  0.00000000  0.00000000    0.09562471  0.00000000   -0.00201144  0.00372450
  0.00000000  0.00000000   -0.00201144 -0.00372450    0.03275063  0.00000000
    1    2
  0.05764345  0.06371493    0.00000000  0.00000000    0.00000000  0.00000000
  0.00000000  0.00000000   -0.01335687 -0.03394368   -0.01987350  0.00245134
  0.00000000  0.00000000   -0.01987350  0.00245134   -0.00334798  0.00598832
    2    1
  0.05764345 -0.06371493    0.00000000  0.00000000    0.00000000  0.00000000
  0.00000000  0.00000000   -0.01335687  0.03394368   -0.01987350 -0.00245134
  0.00000000  0.00000000   -0.01987350 -0.00245134   -0.00334798 -0.00598832
    2    2
  0.09414060  0.00000000    0.00000000  0.00000000    0.00000000  0.00000000
  0.00000000  0.00000000    0.09562471  0.00000000   -0.00201144 -0.00372450
  0.00000000  0.00000000   -0.00201144  0.00372450    0.03275063 -0.00000000

     Dynamical  Matrix in cartesian axes

     q = (   -0.380316829   0.000000000   2.115783178 ) 

    1    1
  0.09562471  0.00000000    0.00000000  0.00000000   -0.00201144 -0.00372450
  0.00000000  0.00000000    0.09414060  0.00000000    0.00000000  0.00000000
 -0.00201144  0.00372450    0.00000000  0.00000000    0.03275063 -0.00000000
    1    2
 -0.01335687  0.03394368    0.00000000  0.00000000   -0.01987350 -0.00245134
  0.00000000  0.00000000    0.05764345 -0.06371493    0.00000000  0.00000000
 -0.01987350 -0.00245134    0.00000000  0.00000000   -0.00334798 -0.00598832
    2    1
 -0.01335687 -0.03394368    0.00000000  0.00000000   -0.01987350  0.00245134
  0.00000000  0.00000000    0.05764345  0.06371493    0.00000000  0.00000000
 -0.01987350  0.00245134    0.00000000  0.00000000   -0.00334798  0.00598832
    2    2
  0.09562471  0.00000000    0.00000000  0.00000000   -0.00201144  0.00372450
  0.00000000  0.00000000    0.09414060  0.00000000    0.00000000  0.00000000
 -0.00201144 -0.00372450    0.00000000  0.00000000    0.03275063  0.00000000

     Dynamical  Matrix in cartesian axes

     q = (    0.380316829   0.000000000   2.115783178 ) 

    1    1
  0.09562471  0.00000000    0.00000000  0.00000000    0.00201144  0.00372450
  0.00000000  0.00000000    0.09414060  0.00000000    0.00000000  0.00000000
  0.00201144 -0.00372450    0.00000000  0.00000000    0.03275063 -0.00000000
    1    2
 -0.01455707 -0.03344654    0.00000000  0.00000000   -0.01578605  0.01231933
  0.00000000  0.00000000    0.00429319  0.08581334    0.00000000  0.00000000
 -0.01578605  0.01231933    0.00000000  0.00000000    0.00660176  0.00186700
    2    1
 -0.01455707  0.03344654    0.00000000  0.00000000   -0.01578605 -0.01231933
  0.00000000  0.00000000    0.00429319 -0.08581334    0.00000000  0.00000000
 -0.01578605 -0.01231933    0.00000000  0.00000000    0.00660176 -0.00186700
    2    2
  0.09562471  0.00000000    0.00000000  0.00000000    0.00201144 -0.00372450
  0.00000000  0.00000000    0.09414060  0.00000000    0.00000000  0.00000000
  0.00201144  0.00372450    0.00000000  0.00000000    0.03275063  0.00000000

     Dynamical  Matrix in cartesian axes

     q = (    0.380316829   0.000000000  -2.115783178 ) 

    1    1
  0.09562471  0.00000000    0.00000000  0.00000000   -0.00201144  0.00372450
  0.00000000  0.00000000    0.09414060  0.00000000    0.00000000  0.00000000
 -0.00201144 -0.00372450    0.00000000  0.00000000    0.03275063  0.00000000
    1    2
 -0.01335687 -0.03394368    0.00000000  0.00000000   -0.01987350  0.00245134
  0.00000000  0.00000000    0.05764345  0.06371493    0.00000000  0.00000000
 -0.01987350  0.00245134    0.00000000  0.00000000   -0.00334798  0.00598832
    2    1
 -0.01335687  0.03394368    0.00000000  0.00000000   -0.01987350 -0.00245134
  0.00000000  0.00000000    0.05764345 -0.06371493    0.00000000  0.00000000
 -0.01987350 -0.00245134    0.00000000  0.00000000   -0.00334798 -0.00598832
    2    2
  0.09562471  0.00000000    0.00000000  0.00000000   -0.00201144 -0.00372450
  0.00000000  0.00000000    0.09414060  0.00000000    0.00000000  0.00000000
 -0.00201144  0.00372450    0.00000000  0.00000000    0.03275063 -0.00000000

     Diagonalizing the dynamical matrix

     q = (    0.000000000   0.380316829  -2.115783178 ) 

 **************************************************************************
     freq (    1) =       0.906777 [THz] =      30.246823 [cm-1]
 ( -0.654761 -0.266998 -0.000000 -0.000000 -0.000000 -0.000000 ) 
 (  0.241280  0.664668 -0.000000 -0.000000 -0.000000  0.000000 ) 
     freq (    2) =       1.347869 [THz] =      44.960075 [cm-1]
 (  0.000000  0.000000 -0.275743 -0.011844 -0.396456 -0.516380 ) 
 ( -0.000000 -0.000000 -0.177315 -0.211503 -0.651019  0.000000 ) 
     freq (    3) =       1.861779 [THz] =      62.102271 [cm-1]
 (  0.000000  0.000000  0.157284  0.021064 -0.410813 -0.553219 ) 
 (  0.000000 -0.000000 -0.110681 -0.113717  0.689071  0.000000 ) 
     freq (    4) =       2.576095 [THz] =      85.929281 [cm-1]
 (  0.000000 -0.000000 -0.651893  0.001860  0.085227  0.260323 ) 
 ( -0.000000  0.000000 -0.201061 -0.620115  0.273919  0.000000 ) 
     freq (    5) =       3.709943 [THz] =     123.750364 [cm-1]
 (  0.000000 -0.000000 -0.673826 -0.140121  0.010069 -0.161936 ) 
 (  0.000000 -0.000000  0.098034  0.681223  0.162249  0.000000 ) 
     freq (    6) =       4.244011 [THz] =     141.564960 [cm-1]
 ( -0.278856  0.649799 -0.000000 -0.000000 -0.000000 -0.000000 ) 
 ( -0.668944  0.229158  0.000000  0.000000  0.000000  0.000000 ) 
 **************************************************************************
