Dynamical matrix file
                                                                           
  1    2  0 11.2374640  0.0000000  0.0000000  0.0000000  0.0000000  0.0000000
Basis vectors
      0.986020000   -0.000000000   -0.000000000
     -0.000000000    0.986020000   -0.000000000
      0.493010000    0.493010000    0.265859000
           1  'Sn  '    108197.54598352207     
    1    1      0.9860200000      1.2325250000      0.1993942500
    2    1      0.4930100000      0.2465050000      0.0664647500

     Dynamical  Matrix in cartesian axes

     q = (    0.000000000   0.126772276   0.705261059 ) 

    1    1
  0.08852721  0.00000000    0.00000000  0.00000000    0.00000000  0.00000000
  0.00000000  0.00000000    0.07734038  0.00000000    0.00162060  0.00050411
  0.00000000  0.00000000    0.00162060 -0.00050411    0.10302727  0.00000000
    1    2
 -0.05166190 -0.05322545    0.00000000  0.00000000    0.00000000  0.00000000
  0.00000000  0.00000000    0.02355228 -0.05759212    0.01334180  0.00494049
  0.00000000  0.00000000    0.01334180  0.00494049    0.00498011  0.00056974
    2    1
 -0.05166190  0.05322545    0.00000000  0.00000000    0.00000000  0.00000000
  0.00000000  0.00000000    0.02355228  0.05759212    0.01334180 -0.00494049
  0.00000000  0.00000000    0.01334180 -0.00494049    0.00498011 -0.00056974
    2    2
  0.08852721  0.00000000    0.00000000  0.00000000    0.00000000  0.00000000
  0.00000000  0.00000000    0.07734038  0.00000000    0.00162060 -0.00050411
  0.00000000  0.00000000    0.00162060  0.00050411    0.10302727  0.00000000

     Dynamical  Matrix in cartesian axes

     q = (    0.000000000  -0.126772276   0.705261059 ) 

    1    1
  0.08852721  0.00000000    0.00000000  0.00000000    0.00000000  0.00000000
  0.00000000  0.00000000    0.07734038  0.00000000   -0.00162060 -0.00050411
  0.00000000  0.00000000   -0.00162060  0.00050411    0.10302727  0.00000000
    1    2
 -0.05322545  0.05166190    0.00000000  0.00000000    0.00000000  0.00000000
  0.00000000  0.00000000   -0.05759212 -0.02355228   -0.00494049  0.01334180
  0.00000000  0.00000000   -0.00494049  0.01334180    0.00056974 -0.00498011
    2    1
 -0.05322545 -0.05166190    0.00000000  0.00000000    0.00000000  0.00000000
  0.00000000  0.00000000   -0.05759212  0.02355228   -0.00494049 -0.01334180
  0.00000000  0.00000000   -0.00494049 -0.01334180    0.00056974  0.00498011
    2    2
  0.08852721  0.00000000    0.00000000  0.00000000    0.00000000  0.00000000
  0.00000000  0.00000000    0.07734038  0.00000000   -0.00162060  0.00050411
  0.00000000  0.00000000   -0.00162060 -0.00050411    0.10302727  0.00000000

     Dynamical  Matrix in cartesian axes

     q = (   -0.126772276   0.000000000   0.705261059 ) 

    1    1
  0.07734038  0.00000000    0.00000000  0.00000000   -0.00162060  0.00050411
  0.00000000  0.00000000    0.08852721  0.00000000    0.00000000  0.00000000
 -0.00162060 -0.00050411    0.00000000  0.00000000    0.10302727  0.00000000
    1    2
 -0.05759212  0.02355228    0.00000000  0.00000000   -0.00494049 -0.01334180
  0.00000000  0.00000000   -0.05322545 -0.05166190    0.00000000  0.00000000
 -0.00494049 -0.01334180    0.00000000  0.00000000    0.00056974  0.00498011
    2    1
 -0.05759212 -0.02355228    0.00000000  0.00000000   -0.00494049  0.01334180
  0.00000000  0.00000000   -0.05322545  0.05166190    0.00000000  0.00000000
 -0.00494049  0.01334180    0.00000000  0.00000000    0.00056974 -0.00498011
    2    2
  0.07734038  0.00000000    0.00000000  0.00000000   -0.00162060 -0.00050411
  0.00000000  0.00000000    0.08852721  0.00000000    0.00000000  0.00000000
 -0.00162060  0.00050411    0.00000000  0.00000000    0.10302727  0.00000000

     Dynamical  Matrix in cartesian axes

     q = (    0.126772276   0.000000000   0.705261059 ) 

    1    1
  0.07734038  0.00000000    0.00000000  0.00000000    0.00162060 -0.00050411
  0.00000000  0.00000000    0.08852721  0.00000000    0.00000000  0.00000000
  0.00162060  0.00050411    0.00000000  0.00000000    0.10302727  0.00000000
    1    2
 -0.05737775 -0.02406981    0.00000000  0.00000000   -0.00594063  0.01292753
  0.00000000  0.00000000   -0.00110559 -0.07416656    0.00000000  0.00000000
 -0.00594063  0.01292753    0.00000000  0.00000000   -0.00311860  0.00392433
    2    1
 -0.05737775  0.02406981    0.00000000  0.00000000   -0.00594063 -0.01292753
  0.00000000  0.00000000   -0.00110559  0.07416656    0.00000000  0.00000000
 -0.00594063 -0.01292753    0.00000000  0.00000000   -0.00311860 -0.00392433
    2    2
  0.07734038  0.00000000    0.00000000  0.00000000    0.00162060  0.00050411
  0.00000000  0.00000000    0.08852721  0.00000000    0.00000000  0.00000000
  0.00162060 -0.00050411    0.00000000  0.00000000    0.10302727  0.00000000

     Dynamical  Matrix in cartesian axes

     q = (    0.000000000   0.126772276  -0.705261059 ) 

    1    1
  0.08852721  0.00000000    0.00000000  0.00000000    0.00000000  0.00000000
  0.00000000  0.00000000    0.07734038  0.00000000   -0.00162060  0.00050411
  0.00000000  0.00000000   -0.00162060 -0.00050411    0.10302727  0.00000000
    1    2
 -0.05322545 -0.05166190    0.00000000  0.00000000    0.00000000  0.00000000
  0.00000000  0.00000000   -0.05759212  0.02355228   -0.00494049 -0.01334180
  0.00000000  0.00000000   -0.00494049 -0.01334180    0.00056974  0.00498011
    2    1
 -0.05322545  0.05166190    0.00000000  0.00000000    0.00000000  0.00000000
  0.00000000  0.00000000   -0.05759212 -0.02355228   -0.00494049  0.01334180
  0.00000000  0.00000000   -0.00494049  0.01334180    0.00056974 -0.00498011
    2    2
  0.08852721  0.00000000    0.00000000  0.00000000    0.00000000  0.00000000
  0.00000000  0.00000000    0.07734038  0.00000000   -0.00162060 -0.00050411
  0.00000000  0.00000000   -0.00162060  0.00050411    0.10302727  0.00000000

     Dynamical  Matrix in cartesian axes

     q = (    0.000000000  -0.126772276  -0.705261059 ) 

    1    1
  0.08852721  0.00000000    0.00000000  0.00000000    0.00000000  0.00000000
  0.00000000  0.00000000    0.07734038  0.00000000    0.00162060 -0.00050411
  0.00000000  0.00000000    0.00162060  0.00050411    0.10302727  0.00000000
    1    2
 -0.05166190  0.05322545    0.00000000  0.00000000    0.00000000  0.00000000
  0.00000000  0.00000000    0.02355228  0.05759212    0.01334180 -0.00494049
  0.00000000  0.00000000    0.01334180 -0.00494049    0.00498011 -0.00056974
    2    1
 -0.05166190 -0.05322545    0.00000000  0.00000000    0.00000000  0.00000000
  0.00000000  0.00000000    0.02355228 -0.05759212    0.01334180  0.00494049
  0.00000000  0.00000000    0.01334180  0.00494049    0.00498011  0.00056974
    2    2
  0.08852721  0.00000000    0.00000000  0.00000000    0.00000000  0.00000000
  0.00000000  0.00000000    0.07734038  0.00000000    0.00162060  0.00050411
  0.00000000  0.00000000    0.00162060 -0.00050411    0.10302727  0.00000000

     Dynamical  Matrix in cartesian axes

     q = (    0.126772276   0.000000000  -0.705261059 ) 

    1    1
  0.07734038  0.00000000    0.00000000  0.00000000   -0.00162060 -0.00050411
  0.00000000  0.00000000    0.08852721  0.00000000    0.00000000  0.00000000
 -0.00162060  0.00050411    0.00000000  0.00000000    0.10302727  0.00000000
    1    2
 -0.05759212 -0.02355228    0.00000000  0.00000000   -0.00494049  0.01334180
  0.00000000  0.00000000   -0.05322545  0.05166190    0.00000000  0.00000000
 -0.00494049  0.01334180    0.00000000  0.00000000    0.00056974 -0.00498011
    2    1
 -0.05759212  0.02355228    0.00000000  0.00000000   -0.00494049 -0.01334180
  0.00000000  0.00000000   -0.05322545 -0.05166190    0.00000000  0.00000000
 -0.00494049 -0.01334180    0.00000000  0.00000000    0.00056974  0.00498011
    2    2
  0.07734038  0.00000000    0.00000000  0.00000000   -0.00162060  0.00050411
  0.00000000  0.00000000    0.08852721  0.00000000    0.00000000  0.00000000
 -0.00162060 -0.00050411    0.00000000  0.00000000    0.10302727  0.00000000

     Dynamical  Matrix in cartesian axes

     q = (   -0.126772276   0.000000000  -0.705261059 ) 

    1    1
  0.07734038  0.00000000    0.00000000  0.00000000    0.00162060  0.00050411
  0.00000000  0.00000000    0.08852721  0.00000000    0.00000000  0.00000000
  0.00162060 -0.00050411    0.00000000  0.00000000    0.10302727  0.00000000
    1    2
 -0.05737775  0.02406981    0.00000000  0.00000000   -0.00594063 -0.01292753
  0.00000000  0.00000000   -0.00110559  0.07416656    0.00000000  0.00000000
 -0.00594063 -0.01292753    0.00000000  0.00000000   -0.00311860 -0.00392433
    2    1
 -0.05737775 -0.02406981    0.00000000  0.00000000   -0.00594063  0.01292753
  0.00000000  0.00000000   -0.00110559 -0.07416656    0.00000000  0.00000000
 -0.00594063  0.01292753    0.00000000  0.00000000   -0.00311860  0.00392433
    2    2
  0.07734038  0.00000000    0.00000000  0.00000000    0.00162060 -0.00050411
  0.00000000  0.00000000    0.08852721  0.00000000    0.00000000  0.00000000
  0.00162060  0.00050411    0.00000000  0.00000000    0.10302727  0.00000000

     Diagonalizing the dynamical matrix

     q = (    0.000000000   0.126772276   0.705261059 ) 

 **************************************************************************
     freq (    1) =       1.129336 [THz] =      37.670594 [cm-1]
 ( -0.000000  0.000000 -0.639207 -0.280798  0.048351 -0.101139 ) 
 (  0.000000  0.000000 -0.022357  0.697806  0.112102  0.000000 ) 
     freq (    2) =       1.198198 [THz] =      39.967598 [cm-1]
 ( -0.062158  0.704369  0.000000  0.000000 -0.000000  0.000000 ) 
 (  0.462140  0.535188  0.000000 -0.000000 -0.000000  0.000000 ) 
     freq (    3) =       3.093978 [THz] =     103.203985 [cm-1]
 (  0.000000  0.000000 -0.110750 -0.154587 -0.615619  0.291291 ) 
 ( -0.000000  0.000000  0.033991 -0.187103  0.681056  0.000000 ) 
     freq (    4) =       3.286134 [THz] =     109.613630 [cm-1]
 ( -0.000000  0.000000 -0.009805  0.173317  0.589413 -0.349939 ) 
 (  0.000000 -0.000000 -0.096912 -0.144024  0.685467  0.000000 ) 
     freq (    5) =       3.799708 [THz] =     126.744602 [cm-1]
 ( -0.000000 -0.000000  0.663527  0.077472  0.042397  0.227888 ) 
 (  0.000000  0.000000  0.197527  0.638163  0.231799  0.000000 ) 
     freq (    6) =       4.034250 [THz] =     134.568087 [cm-1]
 ( -0.562360 -0.428662 -0.000000  0.000000 -0.000000 -0.000000 ) 
 (  0.699272 -0.104973 -0.000000 -0.000000 -0.000000  0.000000 ) 
 **************************************************************************
