Dynamical matrix file
                                                                           
  1    2  0 11.2374640  0.0000000  0.0000000  0.0000000  0.0000000  0.0000000
Basis vectors
      0.986020000   -0.000000000   -0.000000000
     -0.000000000    0.986020000   -0.000000000
      0.493010000    0.493010000    0.265859000
           1  'Sn  '    108197.54598352207     
    1    1      0.9860200000      1.2325250000      0.1993942500
    2    1      0.4930100000      0.2465050000      0.0664647500

     Dynamical  Matrix in cartesian axes

     q = (    0.000000000   0.380316829  -0.705261059 ) 

    1    1
  0.08773953  0.00000000    0.00000000  0.00000000    0.00000000  0.00000000
  0.00000000  0.00000000    0.07588032  0.00000000   -0.00976816  0.00281516
  0.00000000  0.00000000   -0.00976816 -0.00281516    0.10981634  0.00000000
    1    2
  0.04936442 -0.05385129    0.00000000  0.00000000    0.00000000  0.00000000
  0.00000000  0.00000000   -0.01029281 -0.00615218    0.02041579 -0.01565191
  0.00000000  0.00000000    0.02041579 -0.01565191   -0.01080350  0.00253241
    2    1
  0.04936442  0.05385129    0.00000000  0.00000000    0.00000000  0.00000000
  0.00000000  0.00000000   -0.01029281  0.00615218    0.02041579  0.01565191
  0.00000000  0.00000000    0.02041579  0.01565191   -0.01080350 -0.00253241
    2    2
  0.08773953  0.00000000    0.00000000  0.00000000    0.00000000  0.00000000
  0.00000000  0.00000000    0.07588032  0.00000000   -0.00976816 -0.00281516
  0.00000000  0.00000000   -0.00976816  0.00281516    0.10981634  0.00000000

     Dynamical  Matrix in cartesian axes

     q = (    0.000000000  -0.380316829  -0.705261059 ) 

    1    1
  0.08773953  0.00000000    0.00000000  0.00000000    0.00000000  0.00000000
  0.00000000  0.00000000    0.07588032  0.00000000    0.00976816 -0.00281516
  0.00000000  0.00000000    0.00976816  0.00281516    0.10981634  0.00000000
    1    2
  0.05385129  0.04936442    0.00000000  0.00000000    0.00000000  0.00000000
  0.00000000  0.00000000    0.00615218 -0.01029281   -0.01565191 -0.02041579
  0.00000000  0.00000000   -0.01565191 -0.02041579   -0.00253241 -0.01080350
    2    1
  0.05385129 -0.04936442    0.00000000  0.00000000    0.00000000  0.00000000
  0.00000000  0.00000000    0.00615218  0.01029281   -0.01565191  0.02041579
  0.00000000  0.00000000   -0.01565191  0.02041579   -0.00253241  0.01080350
    2    2
  0.08773953  0.00000000    0.00000000  0.00000000    0.00000000  0.00000000
  0.00000000  0.00000000    0.07588032  0.00000000    0.00976816  0.00281516
  0.00000000  0.00000000    0.00976816 -0.00281516    0.10981634  0.00000000

     Dynamical  Matrix in cartesian axes

     q = (   -0.380316829   0.000000000  -0.705261059 ) 

    1    1
  0.07588032  0.00000000    0.00000000  0.00000000    0.00976816  0.00281516
  0.00000000  0.00000000    0.08773953  0.00000000    0.00000000  0.00000000
  0.00976816 -0.00281516    0.00000000  0.00000000    0.10981634  0.00000000
    1    2
 -0.01029281  0.00615218    0.00000000  0.00000000   -0.02041579 -0.01565191
  0.00000000  0.00000000    0.04936442  0.05385129    0.00000000  0.00000000
 -0.02041579 -0.01565191    0.00000000  0.00000000   -0.01080350 -0.00253241
    2    1
 -0.01029281 -0.00615218    0.00000000  0.00000000   -0.02041579  0.01565191
  0.00000000  0.00000000    0.04936442 -0.05385129    0.00000000  0.00000000
 -0.02041579  0.01565191    0.00000000  0.00000000   -0.01080350  0.00253241
    2    2
  0.07588032  0.00000000    0.00000000  0.00000000    0.00976816 -0.00281516
  0.00000000  0.00000000    0.08773953  0.00000000    0.00000000  0.00000000
  0.00976816  0.00281516    0.00000000  0.00000000    0.10981634  0.00000000

     Dynamical  Matrix in cartesian axes

     q = (    0.000000000   0.380316829   0.705261059 ) 

    1    1
  0.08773953  0.00000000    0.00000000  0.00000000    0.00000000  0.00000000
  0.00000000  0.00000000    0.07588032  0.00000000    0.00976816  0.00281516
  0.00000000  0.00000000    0.00976816 -0.00281516    0.10981634  0.00000000
    1    2
  0.05385129 -0.04936442    0.00000000  0.00000000    0.00000000  0.00000000
  0.00000000  0.00000000    0.00615218  0.01029281   -0.01565191  0.02041579
  0.00000000  0.00000000   -0.01565191  0.02041579   -0.00253241  0.01080350
    2    1
  0.05385129  0.04936442    0.00000000  0.00000000    0.00000000  0.00000000
  0.00000000  0.00000000    0.00615218 -0.01029281   -0.01565191 -0.02041579
  0.00000000  0.00000000   -0.01565191 -0.02041579   -0.00253241 -0.01080350
    2    2
  0.08773953  0.00000000    0.00000000  0.00000000    0.00000000  0.00000000
  0.00000000  0.00000000    0.07588032  0.00000000    0.00976816 -0.00281516
  0.00000000  0.00000000    0.00976816  0.00281516    0.10981634  0.00000000

     Dynamical  Matrix in cartesian axes

     q = (    0.000000000  -0.380316829   0.705261059 ) 

    1    1
  0.08773953  0.00000000    0.00000000  0.00000000    0.00000000  0.00000000
  0.00000000  0.00000000    0.07588032  0.00000000   -0.00976816 -0.00281516
  0.00000000  0.00000000   -0.00976816  0.00281516    0.10981634  0.00000000
    1    2
  0.04936442  0.05385129    0.00000000  0.00000000    0.00000000  0.00000000
  0.00000000  0.00000000   -0.01029281  0.00615218    0.02041579  0.01565191
  0.00000000  0.00000000    0.02041579  0.01565191   -0.01080350 -0.00253241
    2    1
  0.04936442 -0.05385129    0.00000000  0.00000000    0.00000000  0.00000000
  0.00000000  0.00000000   -0.01029281 -0.00615218    0.02041579 -0.01565191
  0.00000000  0.00000000    0.02041579 -0.01565191   -0.01080350  0.00253241
    2    2
  0.08773953  0.00000000    0.00000000  0.00000000    0.00000000  0.00000000
  0.00000000  0.00000000    0.07588032  0.00000000   -0.00976816  0.00281516
  0.00000000  0.00000000   -0.00976816 -0.00281516    0.10981634  0.00000000

     Dynamical  Matrix in cartesian axes

     q = (   -0.380316829   0.000000000   0.705261059 ) 

    1    1
  0.07588032  0.00000000    0.00000000  0.00000000   -0.00976816  0.00281516
  0.00000000  0.00000000    0.08773953  0.00000000    0.00000000  0.00000000
 -0.00976816 -0.00281516    0.00000000  0.00000000    0.10981634  0.00000000
    1    2
  0.00292787  0.01162836    0.00000000  0.00000000   -0.02550372 -0.00336857
  0.00000000  0.00000000   -0.07298453  0.00317270    0.00000000  0.00000000
 -0.02550372 -0.00336857    0.00000000  0.00000000    0.00942991  0.00584854
    2    1
  0.00292787 -0.01162836    0.00000000  0.00000000   -0.02550372  0.00336857
  0.00000000  0.00000000   -0.07298453 -0.00317270    0.00000000  0.00000000
 -0.02550372  0.00336857    0.00000000  0.00000000    0.00942991 -0.00584854
    2    2
  0.07588032  0.00000000    0.00000000  0.00000000   -0.00976816 -0.00281516
  0.00000000  0.00000000    0.08773953  0.00000000    0.00000000  0.00000000
 -0.00976816  0.00281516    0.00000000  0.00000000    0.10981634  0.00000000

     Dynamical  Matrix in cartesian axes

     q = (    0.380316829   0.000000000   0.705261059 ) 

    1    1
  0.07588032  0.00000000    0.00000000  0.00000000    0.00976816 -0.00281516
  0.00000000  0.00000000    0.08773953  0.00000000    0.00000000  0.00000000
  0.00976816  0.00281516    0.00000000  0.00000000    0.10981634  0.00000000
    1    2
 -0.01029281 -0.00615218    0.00000000  0.00000000   -0.02041579  0.01565191
  0.00000000  0.00000000    0.04936442 -0.05385129    0.00000000  0.00000000
 -0.02041579  0.01565191    0.00000000  0.00000000   -0.01080350  0.00253241
    2    1
 -0.01029281  0.00615218    0.00000000  0.00000000   -0.02041579 -0.01565191
  0.00000000  0.00000000    0.04936442  0.05385129    0.00000000  0.00000000
 -0.02041579 -0.01565191    0.00000000  0.00000000   -0.01080350 -0.00253241
    2    2
  0.07588032  0.00000000    0.00000000  0.00000000    0.00976816  0.00281516
  0.00000000  0.00000000    0.08773953  0.00000000    0.00000000  0.00000000
  0.00976816 -0.00281516    0.00000000  0.00000000    0.10981634  0.00000000

     Dynamical  Matrix in cartesian axes

     q = (    0.380316829   0.000000000  -0.705261059 ) 

    1    1
  0.07588032  0.00000000    0.00000000  0.00000000   -0.00976816 -0.00281516
  0.00000000  0.00000000    0.08773953  0.00000000    0.00000000  0.00000000
 -0.00976816  0.00281516    0.00000000  0.00000000    0.10981634  0.00000000
    1    2
  0.00292787 -0.01162836    0.00000000  0.00000000   -0.02550372  0.00336857
  0.00000000  0.00000000   -0.07298453 -0.00317270    0.00000000  0.00000000
 -0.02550372  0.00336857    0.00000000  0.00000000    0.00942991 -0.00584854
    2    1
  0.00292787  0.01162836    0.00000000  0.00000000   -0.02550372 -0.00336857
  0.00000000  0.00000000   -0.07298453  0.00317270    0.00000000  0.00000000
 -0.02550372 -0.00336857    0.00000000  0.00000000    0.00942991  0.00584854
    2    2
  0.07588032  0.00000000    0.00000000  0.00000000   -0.00976816  0.00281516
  0.00000000  0.00000000    0.08773953  0.00000000    0.00000000  0.00000000
 -0.00976816 -0.00281516    0.00000000  0.00000000    0.10981634  0.00000000

     Diagonalizing the dynamical matrix

     q = (    0.000000000   0.380316829  -0.705261059 ) 

 **************************************************************************
     freq (    1) =       1.212046 [THz] =      40.429508 [cm-1]
 ( -0.515406  0.484104 -0.000000  0.000000 -0.000000 -0.000000 ) 
 (  0.705132  0.052807  0.000000  0.000000  0.000000  0.000000 ) 
     freq (    2) =       2.262265 [THz] =      75.461036 [cm-1]
 ( -0.000000  0.000000  0.417569 -0.487930  0.279394  0.097466 ) 
 (  0.000000 -0.000000 -0.233553 -0.598241 -0.295906  0.000000 ) 
     freq (    3) =       2.679536 [THz] =      89.379687 [cm-1]
 ( -0.000000 -0.000000 -0.509444  0.308160  0.257663  0.281273 ) 
 ( -0.000000 -0.000000 -0.116890 -0.583809  0.381450  0.000000 ) 
     freq (    4) =       3.271227 [THz] =     109.116394 [cm-1]
 ( -0.000000  0.000000  0.197883 -0.257538  0.526988 -0.341760 ) 
 ( -0.000000 -0.000000  0.306156  0.108407  0.628106  0.000000 ) 
     freq (    5) =       3.761914 [THz] =     125.483947 [cm-1]
 (  0.000000 -0.000000  0.317237 -0.164140 -0.567979  0.223201 ) 
 (  0.000000  0.000000 -0.355291 -0.036739  0.610261  0.000000 ) 
     freq (    6) =       4.010513 [THz] =     133.776299 [cm-1]
 ( -0.588266  0.392356  0.000000 -0.000000 -0.000000  0.000000 ) 
 ( -0.686734 -0.168513 -0.000000 -0.000000  0.000000  0.000000 ) 
 **************************************************************************
