Dynamical matrix file
                                                                           
  1    2  0 11.2374640  0.0000000  0.0000000  0.0000000  0.0000000  0.0000000
Basis vectors
      0.986020000   -0.000000000   -0.000000000
     -0.000000000    0.986020000   -0.000000000
      0.493010000    0.493010000    0.265859000
           1  'Sn  '    108197.54598352207     
    1    1      0.9860200000      1.2325250000      0.1993942500
    2    1      0.4930100000      0.2465050000      0.0664647500

     Dynamical  Matrix in cartesian axes

     q = (    0.126772276   0.380316829  -0.470174040 ) 

    1    1
  0.07960893  0.00000000   -0.00165784 -0.00051856   -0.00310744 -0.00104137
 -0.00165784  0.00051856    0.07679711  0.00000000   -0.00635765  0.00217320
 -0.00310744  0.00104137   -0.00635765 -0.00217320    0.07623295  0.00000000
    1    2
  0.05877336 -0.02697080   -0.00318425  0.00263548   -0.00216368 -0.01036252
 -0.00318425  0.00263548    0.00554937 -0.01685781    0.02687001  0.00278416
 -0.00216368 -0.01036252    0.02687001  0.00278416   -0.00238274 -0.00611290
    2    1
  0.05877336  0.02697080   -0.00318425 -0.00263548   -0.00216368  0.01036252
 -0.00318425 -0.00263548    0.00554937  0.01685781    0.02687001 -0.00278416
 -0.00216368  0.01036252    0.02687001 -0.00278416   -0.00238274  0.00611290
    2    2
  0.07960893  0.00000000   -0.00165784  0.00051856   -0.00310744  0.00104137
 -0.00165784 -0.00051856    0.07679711  0.00000000   -0.00635765 -0.00217320
 -0.00310744 -0.00104137   -0.00635765  0.00217320    0.07623295 -0.00000000

     Dynamical  Matrix in cartesian axes

     q = (    0.380316829   0.126772276  -0.470174040 ) 

    1    1
  0.07679711  0.00000000   -0.00165784 -0.00051856   -0.00635765 -0.00217320
 -0.00165784  0.00051856    0.07960893  0.00000000   -0.00310744  0.00104137
 -0.00635765  0.00217320   -0.00310744 -0.00104137    0.07623295 -0.00000000
    1    2
  0.00799627 -0.01584427    0.00038804  0.00411517   -0.02096866 -0.01703127
  0.00038804  0.00411517   -0.02248781 -0.06063028    0.00885736 -0.00579746
 -0.02096866 -0.01703127    0.00885736 -0.00579746    0.00600732 -0.00263762
    2    1
  0.00799627  0.01584427    0.00038804 -0.00411517   -0.02096866  0.01703127
  0.00038804 -0.00411517   -0.02248781  0.06063028    0.00885736  0.00579746
 -0.02096866  0.01703127    0.00885736  0.00579746    0.00600732  0.00263762
    2    2
  0.07679711  0.00000000   -0.00165784  0.00051856   -0.00635765  0.00217320
 -0.00165784 -0.00051856    0.07960893  0.00000000   -0.00310744 -0.00104137
 -0.00635765 -0.00217320   -0.00310744  0.00104137    0.07623295  0.00000000

     Dynamical  Matrix in cartesian axes

     q = (   -0.126772276  -0.380316829  -0.470174040 ) 

    1    1
  0.07960893  0.00000000   -0.00165784 -0.00051856    0.00310744  0.00104137
 -0.00165784  0.00051856    0.07679711  0.00000000    0.00635765 -0.00217320
  0.00310744 -0.00104137    0.00635765  0.00217320    0.07623295  0.00000000
    1    2
  0.06063028  0.02248781   -0.00411517 -0.00038804   -0.00579746  0.00885736
 -0.00411517 -0.00038804    0.01584427 -0.00799627   -0.01703127 -0.02096866
 -0.00579746  0.00885736   -0.01703127 -0.02096866    0.00263762 -0.00600732
    2    1
  0.06063028 -0.02248781   -0.00411517  0.00038804   -0.00579746 -0.00885736
 -0.00411517  0.00038804    0.01584427  0.00799627   -0.01703127  0.02096866
 -0.00579746 -0.00885736   -0.01703127  0.02096866    0.00263762  0.00600732
    2    2
  0.07960893  0.00000000   -0.00165784  0.00051856    0.00310744 -0.00104137
 -0.00165784 -0.00051856    0.07679711  0.00000000    0.00635765  0.00217320
  0.00310744  0.00104137    0.00635765 -0.00217320    0.07623295 -0.00000000

     Dynamical  Matrix in cartesian axes

     q = (   -0.380316829  -0.126772276  -0.470174040 ) 

    1    1
  0.07679711  0.00000000   -0.00165784 -0.00051856    0.00635765  0.00217320
 -0.00165784  0.00051856    0.07960893  0.00000000    0.00310744 -0.00104137
  0.00635765 -0.00217320    0.00310744  0.00104137    0.07623295 -0.00000000
    1    2
  0.00554937  0.01685781   -0.00318425 -0.00263548   -0.02687001  0.00278416
 -0.00318425 -0.00263548    0.05877336  0.02697080    0.00216368 -0.01036252
 -0.02687001  0.00278416    0.00216368 -0.01036252   -0.00238274  0.00611290
    2    1
  0.00554937 -0.01685781   -0.00318425  0.00263548   -0.02687001 -0.00278416
 -0.00318425  0.00263548    0.05877336 -0.02697080    0.00216368  0.01036252
 -0.02687001 -0.00278416    0.00216368  0.01036252   -0.00238274 -0.00611290
    2    2
  0.07679711  0.00000000   -0.00165784  0.00051856    0.00635765 -0.00217320
 -0.00165784 -0.00051856    0.07960893  0.00000000    0.00310744  0.00104137
  0.00635765  0.00217320    0.00310744 -0.00104137    0.07623295  0.00000000

     Dynamical  Matrix in cartesian axes

     q = (   -0.126772276   0.380316829   0.470174040 ) 

    1    1
  0.07960893  0.00000000    0.00165784 -0.00051856   -0.00310744  0.00104137
  0.00165784  0.00051856    0.07679711  0.00000000    0.00635765  0.00217320
 -0.00310744 -0.00104137    0.00635765 -0.00217320    0.07623295 -0.00000000
    1    2
  0.02697080 -0.05877336    0.00263548 -0.00318425    0.01036252  0.00216368
  0.00263548 -0.00318425    0.01685781 -0.00554937    0.00278416  0.02687001
  0.01036252  0.00216368    0.00278416  0.02687001    0.00611290  0.00238274
    2    1
  0.02697080  0.05877336    0.00263548  0.00318425    0.01036252 -0.00216368
  0.00263548  0.00318425    0.01685781  0.00554937    0.00278416 -0.02687001
  0.01036252 -0.00216368    0.00278416 -0.02687001    0.00611290 -0.00238274
    2    2
  0.07960893  0.00000000    0.00165784  0.00051856   -0.00310744 -0.00104137
  0.00165784 -0.00051856    0.07679711  0.00000000    0.00635765 -0.00217320
 -0.00310744  0.00104137    0.00635765  0.00217320    0.07623295  0.00000000

     Dynamical  Matrix in cartesian axes

     q = (    0.126772276  -0.380316829   0.470174040 ) 

    1    1
  0.07960893  0.00000000    0.00165784 -0.00051856    0.00310744 -0.00104137
  0.00165784  0.00051856    0.07679711  0.00000000   -0.00635765 -0.00217320
  0.00310744  0.00104137   -0.00635765  0.00217320    0.07623295 -0.00000000
    1    2
  0.02248781  0.06063028    0.00038804  0.00411517    0.00885736 -0.00579746
  0.00038804  0.00411517   -0.00799627  0.01584427    0.02096866  0.01703127
  0.00885736 -0.00579746    0.02096866  0.01703127   -0.00600732  0.00263762
    2    1
  0.02248781 -0.06063028    0.00038804 -0.00411517    0.00885736  0.00579746
  0.00038804 -0.00411517   -0.00799627 -0.01584427    0.02096866 -0.01703127
  0.00885736  0.00579746    0.02096866 -0.01703127   -0.00600732 -0.00263762
    2    2
  0.07960893  0.00000000    0.00165784  0.00051856    0.00310744  0.00104137
  0.00165784 -0.00051856    0.07679711  0.00000000   -0.00635765  0.00217320
  0.00310744 -0.00104137   -0.00635765 -0.00217320    0.07623295  0.00000000

     Dynamical  Matrix in cartesian axes

     q = (   -0.380316829   0.126772276   0.470174040 ) 

    1    1
  0.07679711  0.00000000    0.00165784 -0.00051856   -0.00635765  0.00217320
  0.00165784  0.00051856    0.07960893  0.00000000    0.00310744  0.00104137
 -0.00635765 -0.00217320    0.00310744 -0.00104137    0.07623295 -0.00000000
    1    2
 -0.01584427  0.00799627   -0.00411517 -0.00038804   -0.01703127 -0.02096866
 -0.00411517 -0.00038804   -0.06063028 -0.02248781    0.00579746 -0.00885736
 -0.01703127 -0.02096866    0.00579746 -0.00885736   -0.00263762  0.00600732
    2    1
 -0.01584427 -0.00799627   -0.00411517  0.00038804   -0.01703127  0.02096866
 -0.00411517  0.00038804   -0.06063028  0.02248781    0.00579746  0.00885736
 -0.01703127  0.02096866    0.00579746  0.00885736   -0.00263762 -0.00600732
    2    2
  0.07679711  0.00000000    0.00165784  0.00051856   -0.00635765 -0.00217320
  0.00165784 -0.00051856    0.07960893  0.00000000    0.00310744 -0.00104137
 -0.00635765  0.00217320    0.00310744  0.00104137    0.07623295  0.00000000

     Dynamical  Matrix in cartesian axes

     q = (    0.380316829  -0.126772276   0.470174040 ) 

    1    1
  0.07679711  0.00000000    0.00165784 -0.00051856    0.00635765 -0.00217320
  0.00165784  0.00051856    0.07960893  0.00000000   -0.00310744 -0.00104137
  0.00635765  0.00217320   -0.00310744  0.00104137    0.07623295  0.00000000
    1    2
 -0.01685781 -0.00554937   -0.00263548 -0.00318425   -0.00278416  0.02687001
 -0.00263548 -0.00318425   -0.02697080 -0.05877336   -0.01036252  0.00216368
 -0.00278416  0.02687001   -0.01036252  0.00216368   -0.00611290  0.00238274
    2    1
 -0.01685781  0.00554937   -0.00263548  0.00318425   -0.00278416 -0.02687001
 -0.00263548  0.00318425   -0.02697080  0.05877336   -0.01036252 -0.00216368
 -0.00278416 -0.02687001   -0.01036252 -0.00216368   -0.00611290 -0.00238274
    2    2
  0.07679711  0.00000000    0.00165784  0.00051856    0.00635765  0.00217320
  0.00165784 -0.00051856    0.07960893  0.00000000   -0.00310744  0.00104137
  0.00635765 -0.00217320   -0.00310744 -0.00104137    0.07623295 -0.00000000

     Dynamical  Matrix in cartesian axes

     q = (    0.126772276  -0.380316829  -0.470174040 ) 

    1    1
  0.07960893  0.00000000    0.00165784  0.00051856   -0.00310744 -0.00104137
  0.00165784 -0.00051856    0.07679711  0.00000000    0.00635765 -0.00217320
 -0.00310744  0.00104137    0.00635765  0.00217320    0.07623295  0.00000000
    1    2
  0.02697080  0.05877336    0.00263548  0.00318425    0.01036252 -0.00216368
  0.00263548  0.00318425    0.01685781  0.00554937    0.00278416 -0.02687001
  0.01036252 -0.00216368    0.00278416 -0.02687001    0.00611290 -0.00238274
    2    1
  0.02697080 -0.05877336    0.00263548 -0.00318425    0.01036252  0.00216368
  0.00263548 -0.00318425    0.01685781 -0.00554937    0.00278416  0.02687001
  0.01036252  0.00216368    0.00278416  0.02687001    0.00611290  0.00238274
    2    2
  0.07960893  0.00000000    0.00165784 -0.00051856   -0.00310744  0.00104137
  0.00165784  0.00051856    0.07679711  0.00000000    0.00635765  0.00217320
 -0.00310744 -0.00104137    0.00635765 -0.00217320    0.07623295 -0.00000000

     Dynamical  Matrix in cartesian axes

     q = (    0.380316829  -0.126772276  -0.470174040 ) 

    1    1
  0.07679711  0.00000000    0.00165784  0.00051856   -0.00635765 -0.00217320
  0.00165784 -0.00051856    0.07960893  0.00000000    0.00310744 -0.00104137
 -0.00635765  0.00217320    0.00310744  0.00104137    0.07623295  0.00000000
    1    2
 -0.01584427 -0.00799627   -0.00411517  0.00038804   -0.01703127  0.02096866
 -0.00411517  0.00038804   -0.06063028  0.02248781    0.00579746  0.00885736
 -0.01703127  0.02096866    0.00579746  0.00885736   -0.00263762 -0.00600732
    2    1
 -0.01584427  0.00799627   -0.00411517 -0.00038804   -0.01703127 -0.02096866
 -0.00411517 -0.00038804   -0.06063028 -0.02248781    0.00579746 -0.00885736
 -0.01703127 -0.02096866    0.00579746 -0.00885736   -0.00263762  0.00600732
    2    2
  0.07679711  0.00000000    0.00165784 -0.00051856   -0.00635765  0.00217320
  0.00165784  0.00051856    0.07960893  0.00000000    0.00310744  0.00104137
 -0.00635765 -0.00217320    0.00310744 -0.00104137    0.07623295 -0.00000000

     Dynamical  Matrix in cartesian axes

     q = (    0.380316829   0.126772276   0.470174040 ) 

    1    1
  0.07679711  0.00000000   -0.00165784  0.00051856    0.00635765 -0.00217320
 -0.00165784 -0.00051856    0.07960893  0.00000000    0.00310744  0.00104137
  0.00635765  0.00217320    0.00310744 -0.00104137    0.07623295  0.00000000
    1    2
  0.00554937 -0.01685781   -0.00318425  0.00263548   -0.02687001 -0.00278416
 -0.00318425  0.00263548    0.05877336 -0.02697080    0.00216368  0.01036252
 -0.02687001 -0.00278416    0.00216368  0.01036252   -0.00238274 -0.00611290
    2    1
  0.00554937  0.01685781   -0.00318425 -0.00263548   -0.02687001  0.00278416
 -0.00318425 -0.00263548    0.05877336  0.02697080    0.00216368 -0.01036252
 -0.02687001  0.00278416    0.00216368 -0.01036252   -0.00238274  0.00611290
    2    2
  0.07679711  0.00000000   -0.00165784 -0.00051856    0.00635765  0.00217320
 -0.00165784  0.00051856    0.07960893  0.00000000    0.00310744 -0.00104137
  0.00635765 -0.00217320    0.00310744  0.00104137    0.07623295 -0.00000000

     Dynamical  Matrix in cartesian axes

     q = (   -0.126772276   0.380316829  -0.470174040 ) 

    1    1
  0.07960893  0.00000000    0.00165784  0.00051856    0.00310744  0.00104137
  0.00165784 -0.00051856    0.07679711  0.00000000   -0.00635765  0.00217320
  0.00310744 -0.00104137   -0.00635765 -0.00217320    0.07623295  0.00000000
    1    2
  0.02248781 -0.06063028    0.00038804 -0.00411517    0.00885736  0.00579746
  0.00038804 -0.00411517   -0.00799627 -0.01584427    0.02096866 -0.01703127
  0.00885736  0.00579746    0.02096866 -0.01703127   -0.00600732 -0.00263762
    2    1
  0.02248781  0.06063028    0.00038804  0.00411517    0.00885736 -0.00579746
  0.00038804  0.00411517   -0.00799627  0.01584427    0.02096866  0.01703127
  0.00885736 -0.00579746    0.02096866  0.01703127   -0.00600732  0.00263762
    2    2
  0.07960893  0.00000000    0.00165784 -0.00051856    0.00310744 -0.00104137
  0.00165784  0.00051856    0.07679711  0.00000000   -0.00635765 -0.00217320
  0.00310744  0.00104137   -0.00635765  0.00217320    0.07623295 -0.00000000

     Dynamical  Matrix in cartesian axes

     q = (   -0.380316829   0.126772276  -0.470174040 ) 

    1    1
  0.07679711  0.00000000    0.00165784  0.00051856    0.00635765  0.00217320
  0.00165784 -0.00051856    0.07960893  0.00000000   -0.00310744  0.00104137
  0.00635765 -0.00217320   -0.00310744 -0.00104137    0.07623295 -0.00000000
    1    2
 -0.01685781  0.00554937   -0.00263548  0.00318425   -0.00278416 -0.02687001
 -0.00263548  0.00318425   -0.02697080  0.05877336   -0.01036252 -0.00216368
 -0.00278416 -0.02687001   -0.01036252 -0.00216368   -0.00611290 -0.00238274
    2    1
 -0.01685781 -0.00554937   -0.00263548 -0.00318425   -0.00278416  0.02687001
 -0.00263548 -0.00318425   -0.02697080 -0.05877336   -0.01036252  0.00216368
 -0.00278416  0.02687001   -0.01036252  0.00216368   -0.00611290  0.00238274
    2    2
  0.07679711  0.00000000    0.00165784 -0.00051856    0.00635765 -0.00217320
  0.00165784  0.00051856    0.07960893  0.00000000   -0.00310744 -0.00104137
  0.00635765  0.00217320   -0.00310744  0.00104137    0.07623295  0.00000000

     Dynamical  Matrix in cartesian axes

     q = (    0.126772276   0.380316829   0.470174040 ) 

    1    1
  0.07960893  0.00000000   -0.00165784  0.00051856    0.00310744 -0.00104137
 -0.00165784 -0.00051856    0.07679711  0.00000000    0.00635765  0.00217320
  0.00310744  0.00104137    0.00635765 -0.00217320    0.07623295 -0.00000000
    1    2
  0.06063028 -0.02248781   -0.00411517  0.00038804   -0.00579746 -0.00885736
 -0.00411517  0.00038804    0.01584427  0.00799627   -0.01703127  0.02096866
 -0.00579746 -0.00885736   -0.01703127  0.02096866    0.00263762  0.00600732
    2    1
  0.06063028  0.02248781   -0.00411517 -0.00038804   -0.00579746  0.00885736
 -0.00411517 -0.00038804    0.01584427 -0.00799627   -0.01703127 -0.02096866
 -0.00579746  0.00885736   -0.01703127 -0.02096866    0.00263762 -0.00600732
    2    2
  0.07960893  0.00000000   -0.00165784 -0.00051856    0.00310744  0.00104137
 -0.00165784  0.00051856    0.07679711  0.00000000    0.00635765 -0.00217320
  0.00310744 -0.00104137    0.00635765  0.00217320    0.07623295  0.00000000

     Dynamical  Matrix in cartesian axes

     q = (   -0.126772276  -0.380316829   0.470174040 ) 

    1    1
  0.07960893  0.00000000   -0.00165784  0.00051856   -0.00310744  0.00104137
 -0.00165784 -0.00051856    0.07679711  0.00000000   -0.00635765 -0.00217320
 -0.00310744 -0.00104137   -0.00635765  0.00217320    0.07623295 -0.00000000
    1    2
  0.05877336  0.02697080   -0.00318425 -0.00263548   -0.00216368  0.01036252
 -0.00318425 -0.00263548    0.00554937  0.01685781    0.02687001 -0.00278416
 -0.00216368  0.01036252    0.02687001 -0.00278416   -0.00238274  0.00611290
    2    1
  0.05877336 -0.02697080   -0.00318425  0.00263548   -0.00216368 -0.01036252
 -0.00318425  0.00263548    0.00554937 -0.01685781    0.02687001  0.00278416
 -0.00216368 -0.01036252    0.02687001  0.00278416   -0.00238274 -0.00611290
    2    2
  0.07960893  0.00000000   -0.00165784 -0.00051856   -0.00310744 -0.00104137
 -0.00165784  0.00051856    0.07679711  0.00000000   -0.00635765  0.00217320
 -0.00310744  0.00104137   -0.00635765 -0.00217320    0.07623295  0.00000000

     Dynamical  Matrix in cartesian axes

     q = (   -0.380316829  -0.126772276   0.470174040 ) 

    1    1
  0.07679711  0.00000000   -0.00165784  0.00051856   -0.00635765  0.00217320
 -0.00165784 -0.00051856    0.07960893  0.00000000   -0.00310744 -0.00104137
 -0.00635765 -0.00217320   -0.00310744  0.00104137    0.07623295  0.00000000
    1    2
  0.00799627  0.01584427    0.00038804 -0.00411517   -0.02096866  0.01703127
  0.00038804 -0.00411517   -0.02248781  0.06063028    0.00885736  0.00579746
 -0.02096866  0.01703127    0.00885736  0.00579746    0.00600732  0.00263762
    2    1
  0.00799627 -0.01584427    0.00038804  0.00411517   -0.02096866 -0.01703127
  0.00038804  0.00411517   -0.02248781 -0.06063028    0.00885736 -0.00579746
 -0.02096866 -0.01703127    0.00885736 -0.00579746    0.00600732 -0.00263762
    2    2
  0.07679711  0.00000000   -0.00165784 -0.00051856   -0.00635765 -0.00217320
 -0.00165784  0.00051856    0.07960893  0.00000000   -0.00310744  0.00104137
 -0.00635765  0.00217320   -0.00310744 -0.00104137    0.07623295 -0.00000000

     Diagonalizing the dynamical matrix

     q = (    0.126772276   0.380316829  -0.470174040 ) 

 **************************************************************************
     freq (    1) =       1.080337 [THz] =      36.036176 [cm-1]
 (  0.052459  0.680792 -0.060903 -0.053887  0.158111  0.046453 ) 
 (  0.242236 -0.638398 -0.073624  0.034534  0.164794 -0.000000 ) 
     freq (    2) =       1.922394 [THz] =      64.124170 [cm-1]
 (  0.070634 -0.025341  0.558686 -0.093768  0.359490  0.210270 ) 
 ( -0.048176 -0.057536 -0.434907 -0.363013 -0.416469  0.000000 ) 
     freq (    3) =       2.434570 [THz] =      81.208504 [cm-1]
 ( -0.067681  0.146869  0.366173  0.122481 -0.285716 -0.493083 ) 
 (  0.093144 -0.132194  0.289561  0.255420 -0.569881  0.000000 ) 
     freq (    4) =       3.155638 [THz] =     105.260761 [cm-1]
 ( -0.004087 -0.063322  0.454732 -0.152620  0.324305 -0.400906 ) 
 (  0.046660  0.043002  0.404648 -0.257554  0.515655  0.000000 ) 
     freq (    5) =       3.325419 [THz] =     110.924029 [cm-1]
 ( -0.058913 -0.181976 -0.459525 -0.251154  0.434863  0.008201 ) 
 (  0.062334 -0.180832  0.464179 -0.242445 -0.434940  0.000000 ) 
     freq (    6) =       3.838710 [THz] =     128.045575 [cm-1]
 ( -0.295403 -0.611647  0.121817  0.065004 -0.123368  0.065878 ) 
 ( -0.027535 -0.678688 -0.076836  0.114722  0.139856  0.000000 ) 
 **************************************************************************
