Dynamical matrix file
                                                                           
  1    2  0 11.2374640  0.0000000  0.0000000  0.0000000  0.0000000  0.0000000
Basis vectors
      0.986020000   -0.000000000   -0.000000000
     -0.000000000    0.986020000   -0.000000000
      0.493010000    0.493010000    0.265859000
           1  'Sn  '    108197.54598352207     
    1    1      0.9860200000      1.2325250000      0.1993942500
    2    1      0.4930100000      0.2465050000      0.0664647500

     Dynamical  Matrix in cartesian axes

     q = (    0.253544553  -0.507089106   1.880696158 ) 

    1    1
  0.09879579  0.00000000    0.00676755  0.00000000    0.00000000 -0.00031641
  0.00676755  0.00000000    0.10378493  0.00000000    0.00000000 -0.00081078
 -0.00000000  0.00031641   -0.00000000  0.00081078    0.02142107 -0.00000000
    1    2
  0.04303270  0.04303270   -0.00042847 -0.00042847    0.00896338 -0.00896338
 -0.00042847 -0.00042847   -0.00057988 -0.00057988   -0.01287346  0.01287346
  0.00896338 -0.00896338   -0.01287346  0.01287346   -0.00007824 -0.00007824
    2    1
  0.04303270 -0.04303270   -0.00042847  0.00042847    0.00896338  0.00896338
 -0.00042847  0.00042847   -0.00057988  0.00057988   -0.01287346 -0.01287346
  0.00896338  0.00896338   -0.01287346 -0.01287346   -0.00007824  0.00007824
    2    2
  0.09879579  0.00000000    0.00676755  0.00000000    0.00000000  0.00031641
  0.00676755  0.00000000    0.10378493  0.00000000    0.00000000  0.00081078
 -0.00000000 -0.00031641   -0.00000000 -0.00081078    0.02142107 -0.00000000

     Dynamical  Matrix in cartesian axes

     q = (   -0.253544553   0.507089106   1.880696158 ) 

    1    1
  0.09879579  0.00000000    0.00676755  0.00000000    0.00000000  0.00031641
  0.00676755  0.00000000    0.10378493  0.00000000    0.00000000  0.00081078
 -0.00000000 -0.00031641   -0.00000000 -0.00081078    0.02142107 -0.00000000
    1    2
  0.04303270 -0.04303270   -0.00042847  0.00042847    0.00896338  0.00896338
 -0.00042847  0.00042847   -0.00057988  0.00057988   -0.01287346 -0.01287346
  0.00896338  0.00896338   -0.01287346 -0.01287346   -0.00007824  0.00007824
    2    1
  0.04303270  0.04303270   -0.00042847 -0.00042847    0.00896338 -0.00896338
 -0.00042847 -0.00042847   -0.00057988 -0.00057988   -0.01287346  0.01287346
  0.00896338 -0.00896338   -0.01287346  0.01287346   -0.00007824 -0.00007824
    2    2
  0.09879579  0.00000000    0.00676755  0.00000000    0.00000000 -0.00031641
  0.00676755  0.00000000    0.10378493  0.00000000    0.00000000 -0.00081078
 -0.00000000  0.00031641   -0.00000000  0.00081078    0.02142107 -0.00000000

     Dynamical  Matrix in cartesian axes

     q = (    0.507089106  -0.253544553   1.880696158 ) 

    1    1
  0.10378493  0.00000000    0.00676755  0.00000000    0.00000000 -0.00081078
  0.00676755  0.00000000    0.09879579  0.00000000    0.00000000 -0.00031641
 -0.00000000  0.00081078   -0.00000000  0.00031641    0.02142107 -0.00000000
    1    2
 -0.00082007  0.00000000   -0.00060595  0.00000000    0.00000000  0.01820582
 -0.00060595  0.00000000    0.06085743 -0.00000000   -0.00000000 -0.01267613
  0.00000000  0.01820582   -0.00000000 -0.01267613   -0.00011065  0.00000000
    2    1
 -0.00082007 -0.00000000   -0.00060595 -0.00000000    0.00000000 -0.01820582
 -0.00060595 -0.00000000    0.06085743  0.00000000   -0.00000000  0.01267613
  0.00000000 -0.01820582   -0.00000000  0.01267613   -0.00011065  0.00000000
    2    2
  0.10378493  0.00000000    0.00676755  0.00000000    0.00000000  0.00081078
  0.00676755  0.00000000    0.09879579  0.00000000    0.00000000  0.00031641
 -0.00000000 -0.00081078   -0.00000000 -0.00031641    0.02142107 -0.00000000

     Dynamical  Matrix in cartesian axes

     q = (   -0.253544553  -0.507089106  -1.880696158 ) 

    1    1
  0.09879579  0.00000000   -0.00676755  0.00000000    0.00000000  0.00031641
 -0.00676755  0.00000000    0.10378493  0.00000000    0.00000000 -0.00081078
  0.00000000 -0.00031641    0.00000000  0.00081078    0.02142107 -0.00000000
    1    2
  0.04303270 -0.04303270    0.00042847 -0.00042847    0.00896338  0.00896338
  0.00042847 -0.00042847   -0.00057988  0.00057988    0.01287346  0.01287346
  0.00896338  0.00896338    0.01287346  0.01287346   -0.00007824  0.00007824
    2    1
  0.04303270  0.04303270    0.00042847  0.00042847    0.00896338 -0.00896338
  0.00042847  0.00042847   -0.00057988 -0.00057988    0.01287346 -0.01287346
  0.00896338 -0.00896338    0.01287346 -0.01287346   -0.00007824 -0.00007824
    2    2
  0.09879579  0.00000000   -0.00676755  0.00000000    0.00000000 -0.00031641
 -0.00676755  0.00000000    0.10378493  0.00000000    0.00000000  0.00081078
  0.00000000  0.00031641    0.00000000 -0.00081078    0.02142107 -0.00000000

     Dynamical  Matrix in cartesian axes

     q = (    0.253544553   0.507089106  -1.880696158 ) 

    1    1
  0.09879579  0.00000000   -0.00676755  0.00000000    0.00000000 -0.00031641
 -0.00676755  0.00000000    0.10378493  0.00000000    0.00000000  0.00081078
  0.00000000  0.00031641    0.00000000 -0.00081078    0.02142107 -0.00000000
    1    2
  0.04303270  0.04303270    0.00042847  0.00042847    0.00896338 -0.00896338
  0.00042847  0.00042847   -0.00057988 -0.00057988    0.01287346 -0.01287346
  0.00896338 -0.00896338    0.01287346 -0.01287346   -0.00007824 -0.00007824
    2    1
  0.04303270 -0.04303270    0.00042847 -0.00042847    0.00896338  0.00896338
  0.00042847 -0.00042847   -0.00057988  0.00057988    0.01287346  0.01287346
  0.00896338  0.00896338    0.01287346  0.01287346   -0.00007824  0.00007824
    2    2
  0.09879579  0.00000000   -0.00676755  0.00000000    0.00000000  0.00031641
 -0.00676755  0.00000000    0.10378493  0.00000000    0.00000000 -0.00081078
  0.00000000 -0.00031641    0.00000000  0.00081078    0.02142107 -0.00000000

     Dynamical  Matrix in cartesian axes

     q = (    0.507089106   0.253544553  -1.880696158 ) 

    1    1
  0.10378493  0.00000000   -0.00676755  0.00000000    0.00000000 -0.00081078
 -0.00676755  0.00000000    0.09879579  0.00000000    0.00000000  0.00031641
  0.00000000  0.00081078    0.00000000 -0.00031641    0.02142107 -0.00000000
    1    2
  0.00082007 -0.00000000   -0.00060595  0.00000000   -0.00000000 -0.01820582
 -0.00060595  0.00000000   -0.06085743  0.00000000    0.00000000 -0.01267613
 -0.00000000 -0.01820582   -0.00000000 -0.01267613    0.00011065 -0.00000000
    2    1
  0.00082007  0.00000000   -0.00060595 -0.00000000   -0.00000000  0.01820582
 -0.00060595 -0.00000000   -0.06085743 -0.00000000    0.00000000  0.01267613
 -0.00000000  0.01820582   -0.00000000  0.01267613    0.00011065 -0.00000000
    2    2
  0.10378493  0.00000000   -0.00676755  0.00000000    0.00000000  0.00081078
 -0.00676755  0.00000000    0.09879579  0.00000000    0.00000000 -0.00031641
  0.00000000 -0.00081078    0.00000000  0.00031641    0.02142107 -0.00000000

     Dynamical  Matrix in cartesian axes

     q = (   -0.507089106  -0.253544553  -1.880696158 ) 

    1    1
  0.10378493  0.00000000   -0.00676755  0.00000000    0.00000000  0.00081078
 -0.00676755  0.00000000    0.09879579  0.00000000    0.00000000 -0.00031641
  0.00000000 -0.00081078    0.00000000  0.00031641    0.02142107 -0.00000000
    1    2
  0.00082007  0.00000000   -0.00060595 -0.00000000   -0.00000000  0.01820582
 -0.00060595 -0.00000000   -0.06085743 -0.00000000    0.00000000  0.01267613
 -0.00000000  0.01820582   -0.00000000  0.01267613    0.00011065 -0.00000000
    2    1
  0.00082007 -0.00000000   -0.00060595  0.00000000   -0.00000000 -0.01820582
 -0.00060595  0.00000000   -0.06085743  0.00000000   -0.00000000 -0.01267613
 -0.00000000 -0.01820582   -0.00000000 -0.01267613    0.00011065 -0.00000000
    2    2
  0.10378493  0.00000000   -0.00676755  0.00000000    0.00000000 -0.00081078
 -0.00676755  0.00000000    0.09879579  0.00000000    0.00000000  0.00031641
  0.00000000  0.00081078    0.00000000 -0.00031641    0.02142107 -0.00000000

     Dynamical  Matrix in cartesian axes

     q = (   -0.507089106   0.253544553  -1.880696158 ) 

    1    1
  0.10378493  0.00000000    0.00676755  0.00000000    0.00000000  0.00081078
  0.00676755  0.00000000    0.09879579  0.00000000    0.00000000  0.00031641
 -0.00000000 -0.00081078   -0.00000000 -0.00031641    0.02142107 -0.00000000
    1    2
 -0.00082007 -0.00000000   -0.00060595 -0.00000000    0.00000000 -0.01820582
 -0.00060595 -0.00000000    0.06085743  0.00000000   -0.00000000  0.01267613
  0.00000000 -0.01820582   -0.00000000  0.01267613   -0.00011065  0.00000000
    2    1
 -0.00082007  0.00000000   -0.00060595  0.00000000    0.00000000  0.01820582
 -0.00060595  0.00000000    0.06085743 -0.00000000   -0.00000000 -0.01267613
  0.00000000  0.01820582   -0.00000000 -0.01267613   -0.00011065  0.00000000
    2    2
  0.10378493  0.00000000    0.00676755  0.00000000    0.00000000 -0.00081078
  0.00676755  0.00000000    0.09879579  0.00000000    0.00000000 -0.00031641
 -0.00000000  0.00081078   -0.00000000  0.00031641    0.02142107 -0.00000000

     Diagonalizing the dynamical matrix

     q = (    0.253544553  -0.507089106   1.880696158 ) 

 **************************************************************************
     freq (    1) =       1.022027 [THz] =      34.091166 [cm-1]
 (  0.230706 -0.230706 -0.097988  0.097988 -0.432635 -0.432635 ) 
 (  0.000000  0.326268 -0.000000 -0.138576 -0.611838  0.000000 ) 
     freq (    2) =       1.267395 [THz] =      42.275749 [cm-1]
 ( -0.046501  0.046501  0.109560 -0.109560 -0.485628 -0.485628 ) 
 (  0.000000  0.065762  0.000000 -0.154941  0.686781  0.000000 ) 
     freq (    3) =       2.121630 [THz] =      70.769973 [cm-1]
 ( -0.442274  0.442274 -0.013242  0.013242 -0.232848 -0.232848 ) 
 (  0.000000 -0.625470  0.000000 -0.018727 -0.329296  0.000000 ) 
     freq (    4) =       3.271328 [THz] =     109.119771 [cm-1]
 ( -0.030454  0.030454  0.486202 -0.486202  0.112606  0.112606 ) 
 ( -0.000000  0.043068 -0.000000 -0.687594 -0.159248  0.000000 ) 
     freq (    5) =       3.293103 [THz] =     109.846099 [cm-1]
 ( -0.034175  0.034175 -0.490126  0.490126  0.092785  0.092785 ) 
 ( -0.000000 -0.048330 -0.000000 -0.693142  0.131218  0.000000 ) 
     freq (    6) =       4.014447 [THz] =     133.907523 [cm-1]
 (  0.496901 -0.496901  0.040051 -0.040051 -0.038544 -0.038544 ) 
 ( -0.000000 -0.702724  0.000000 -0.056641  0.054510 -0.000000 ) 
 **************************************************************************
