Dynamical matrix file
                                                                           
  1    2  0 11.2374640  0.0000000  0.0000000  0.0000000  0.0000000  0.0000000
Basis vectors
      0.986020000   -0.000000000   -0.000000000
     -0.000000000    0.986020000   -0.000000000
      0.493010000    0.493010000    0.265859000
           1  'Sn  '    108197.54598352207     
    1    1      0.9860200000      1.2325250000      0.1993942500
    2    1      0.4930100000      0.2465050000      0.0664647500

     Dynamical  Matrix in cartesian axes

     q = (    0.253544553   0.253544553  -0.470174040 ) 

    1    1
  0.08369588  0.00000000    0.00035190 -0.00418424   -0.00287218 -0.00209447
  0.00035190  0.00418424    0.08369588  0.00000000   -0.00287218  0.00209447
 -0.00287218  0.00209447   -0.00287218 -0.00209447    0.06896951  0.00000000
    1    2
  0.03108574 -0.03530338    0.00049424 -0.00119319   -0.00700291 -0.01560610
  0.00049424 -0.00119319    0.00298232 -0.04694420    0.01598698 -0.00608337
 -0.00700291 -0.01560610    0.01598698 -0.00608337    0.00246805 -0.00595839
    2    1
  0.03108574  0.03530338    0.00049424  0.00119319   -0.00700291  0.01560610
  0.00049424  0.00119319    0.00298232  0.04694420    0.01598698  0.00608337
 -0.00700291  0.01560610    0.01598698  0.00608337    0.00246805  0.00595839
    2    2
  0.08369588  0.00000000    0.00035190  0.00418424   -0.00287218  0.00209447
  0.00035190 -0.00418424    0.08369588  0.00000000   -0.00287218 -0.00209447
 -0.00287218 -0.00209447   -0.00287218  0.00209447    0.06896951  0.00000000

     Dynamical  Matrix in cartesian axes

     q = (   -0.253544553  -0.253544553  -0.470174040 ) 

    1    1
  0.08369588  0.00000000    0.00035190 -0.00418424    0.00287218  0.00209447
  0.00035190  0.00418424    0.08369588  0.00000000    0.00287218 -0.00209447
  0.00287218 -0.00209447    0.00287218  0.00209447    0.06896951  0.00000000
    1    2
  0.03530338  0.03108574    0.00119319  0.00049424   -0.01560610  0.00700291
  0.00119319  0.00049424    0.04694420  0.00298232   -0.00608337 -0.01598698
 -0.01560610  0.00700291   -0.00608337 -0.01598698    0.00595839  0.00246805
    2    1
  0.03530338 -0.03108574    0.00119319 -0.00049424   -0.01560610 -0.00700291
  0.00119319 -0.00049424    0.04694420 -0.00298232   -0.00608337  0.01598698
 -0.01560610 -0.00700291   -0.00608337  0.01598698    0.00595839 -0.00246805
    2    2
  0.08369588  0.00000000    0.00035190  0.00418424    0.00287218 -0.00209447
  0.00035190 -0.00418424    0.08369588  0.00000000    0.00287218  0.00209447
  0.00287218  0.00209447    0.00287218 -0.00209447    0.06896951  0.00000000

     Dynamical  Matrix in cartesian axes

     q = (   -0.253544553   0.253544553   0.470174040 ) 

    1    1
  0.08369588  0.00000000   -0.00035190 -0.00418424   -0.00287218  0.00209447
 -0.00035190  0.00418424    0.08369588  0.00000000    0.00287218  0.00209447
 -0.00287218 -0.00209447    0.00287218 -0.00209447    0.06896951  0.00000000
    1    2
 -0.03108574 -0.03530338    0.00049424  0.00119319    0.00700291 -0.01560610
  0.00049424  0.00119319   -0.00298232 -0.04694420    0.01598698  0.00608337
  0.00700291 -0.01560610    0.01598698  0.00608337   -0.00246805 -0.00595839
    2    1
 -0.03108574  0.03530338    0.00049424 -0.00119319    0.00700291  0.01560610
  0.00049424 -0.00119319   -0.00298232  0.04694420    0.01598698 -0.00608337
  0.00700291  0.01560610    0.01598698 -0.00608337   -0.00246805  0.00595839
    2    2
  0.08369588  0.00000000   -0.00035190  0.00418424   -0.00287218 -0.00209447
 -0.00035190 -0.00418424    0.08369588  0.00000000    0.00287218 -0.00209447
 -0.00287218  0.00209447    0.00287218  0.00209447    0.06896951  0.00000000

     Dynamical  Matrix in cartesian axes

     q = (    0.253544553  -0.253544553   0.470174040 ) 

    1    1
  0.08369588  0.00000000   -0.00035190 -0.00418424    0.00287218 -0.00209447
 -0.00035190  0.00418424    0.08369588  0.00000000   -0.00287218 -0.00209447
  0.00287218  0.00209447   -0.00287218  0.00209447    0.06896951  0.00000000
    1    2
 -0.03530338  0.03108574    0.00119319 -0.00049424    0.01560610  0.00700291
  0.00119319 -0.00049424   -0.04694420  0.00298232   -0.00608337  0.01598698
  0.01560610  0.00700291   -0.00608337  0.01598698   -0.00595839  0.00246805
    2    1
 -0.03530338 -0.03108574    0.00119319  0.00049424    0.01560610 -0.00700291
  0.00119319  0.00049424   -0.04694420 -0.00298232   -0.00608337 -0.01598698
  0.01560610 -0.00700291   -0.00608337 -0.01598698   -0.00595839 -0.00246805
    2    2
  0.08369588  0.00000000   -0.00035190  0.00418424    0.00287218  0.00209447
 -0.00035190 -0.00418424    0.08369588  0.00000000   -0.00287218  0.00209447
  0.00287218 -0.00209447   -0.00287218 -0.00209447    0.06896951  0.00000000

     Dynamical  Matrix in cartesian axes

     q = (    0.253544553  -0.253544553  -0.470174040 ) 

    1    1
  0.08369588  0.00000000   -0.00035190  0.00418424   -0.00287218 -0.00209447
 -0.00035190 -0.00418424    0.08369588  0.00000000    0.00287218 -0.00209447
 -0.00287218  0.00209447    0.00287218  0.00209447    0.06896951  0.00000000
    1    2
 -0.03108574  0.03530338    0.00049424 -0.00119319    0.00700291  0.01560610
  0.00049424 -0.00119319   -0.00298232  0.04694420    0.01598698 -0.00608337
  0.00700291  0.01560610    0.01598698 -0.00608337   -0.00246805  0.00595839
    2    1
 -0.03108574 -0.03530338    0.00049424  0.00119319    0.00700291 -0.01560610
  0.00049424  0.00119319   -0.00298232 -0.04694420    0.01598698  0.00608337
  0.00700291 -0.01560610    0.01598698  0.00608337   -0.00246805 -0.00595839
    2    2
  0.08369588  0.00000000   -0.00035190 -0.00418424   -0.00287218  0.00209447
 -0.00035190  0.00418424    0.08369588  0.00000000    0.00287218  0.00209447
 -0.00287218 -0.00209447    0.00287218 -0.00209447    0.06896951  0.00000000

     Dynamical  Matrix in cartesian axes

     q = (    0.253544553   0.253544553   0.470174040 ) 

    1    1
  0.08369588  0.00000000    0.00035190  0.00418424    0.00287218 -0.00209447
  0.00035190 -0.00418424    0.08369588  0.00000000    0.00287218  0.00209447
  0.00287218  0.00209447    0.00287218 -0.00209447    0.06896951  0.00000000
    1    2
  0.03530338 -0.03108574    0.00119319 -0.00049424   -0.01560610 -0.00700291
  0.00119319 -0.00049424    0.04694420 -0.00298232   -0.00608337  0.01598698
 -0.01560610 -0.00700291   -0.00608337  0.01598698    0.00595839 -0.00246805
    2    1
  0.03530338  0.03108574    0.00119319  0.00049424   -0.01560610  0.00700291
  0.00119319  0.00049424    0.04694420  0.00298232   -0.00608337 -0.01598698
 -0.01560610  0.00700291   -0.00608337 -0.01598698    0.00595839  0.00246805
    2    2
  0.08369588  0.00000000    0.00035190 -0.00418424    0.00287218  0.00209447
  0.00035190  0.00418424    0.08369588  0.00000000    0.00287218 -0.00209447
  0.00287218 -0.00209447    0.00287218  0.00209447    0.06896951  0.00000000

     Dynamical  Matrix in cartesian axes

     q = (   -0.253544553   0.253544553  -0.470174040 ) 

    1    1
  0.08369588  0.00000000   -0.00035190  0.00418424    0.00287218  0.00209447
 -0.00035190 -0.00418424    0.08369588  0.00000000   -0.00287218  0.00209447
  0.00287218 -0.00209447   -0.00287218 -0.00209447    0.06896951  0.00000000
    1    2
 -0.03530338 -0.03108574    0.00119319  0.00049424    0.01560610 -0.00700291
  0.00119319  0.00049424   -0.04694420 -0.00298232   -0.00608337 -0.01598698
  0.01560610 -0.00700291   -0.00608337 -0.01598698   -0.00595839 -0.00246805
    2    1
 -0.03530338  0.03108574    0.00119319 -0.00049424    0.01560610  0.00700291
  0.00119319 -0.00049424   -0.04694420  0.00298232   -0.00608337  0.01598698
  0.01560610  0.00700291   -0.00608337  0.01598698   -0.00595839  0.00246805
    2    2
  0.08369588  0.00000000   -0.00035190 -0.00418424    0.00287218 -0.00209447
 -0.00035190  0.00418424    0.08369588  0.00000000   -0.00287218 -0.00209447
  0.00287218  0.00209447   -0.00287218  0.00209447    0.06896951  0.00000000

     Dynamical  Matrix in cartesian axes

     q = (   -0.253544553  -0.253544553   0.470174040 ) 

    1    1
  0.08369588  0.00000000    0.00035190  0.00418424   -0.00287218  0.00209447
  0.00035190 -0.00418424    0.08369588  0.00000000   -0.00287218 -0.00209447
 -0.00287218 -0.00209447   -0.00287218  0.00209447    0.06896951  0.00000000
    1    2
  0.03108574  0.03530338    0.00049424  0.00119319   -0.00700291  0.01560610
  0.00049424  0.00119319    0.00298232  0.04694420    0.01598698  0.00608337
 -0.00700291  0.01560610    0.01598698  0.00608337    0.00246805  0.00595839
    2    1
  0.03108574 -0.03530338    0.00049424 -0.00119319   -0.00700291 -0.01560610
  0.00049424 -0.00119319    0.00298232 -0.04694420    0.01598698 -0.00608337
 -0.00700291 -0.01560610    0.01598698 -0.00608337    0.00246805 -0.00595839
    2    2
  0.08369588  0.00000000    0.00035190 -0.00418424   -0.00287218 -0.00209447
  0.00035190  0.00418424    0.08369588  0.00000000   -0.00287218  0.00209447
 -0.00287218  0.00209447   -0.00287218 -0.00209447    0.06896951  0.00000000

     Diagonalizing the dynamical matrix

     q = (    0.253544553   0.253544553  -0.470174040 ) 

 **************************************************************************
     freq (    1) =       1.594392 [THz] =      53.183177 [cm-1]
 (  0.217744 -0.389223  0.121254 -0.429190  0.122331 -0.295332 ) 
 ( -0.442922  0.052220 -0.442922 -0.052220 -0.319666  0.000000 ) 
     freq (    2) =       1.684489 [THz] =      56.188509 [cm-1]
 (  0.382814  0.239630 -0.440135 -0.101246  0.116112 -0.280320 ) 
 ( -0.074893 -0.445377 -0.074893  0.445377  0.303416  0.000000 ) 
     freq (    3) =       2.576509 [THz] =      85.943084 [cm-1]
 ( -0.230840  0.118990  0.079090  0.247367  0.231233 -0.558247 ) 
 (  0.198271 -0.167733  0.198271  0.167733 -0.604242  0.000000 ) 
     freq (    4) =       2.897813 [THz] =      96.660630 [cm-1]
 (  0.232661  0.023983 -0.181474 -0.147558 -0.239166  0.577397 ) 
 (  0.066878 -0.224128  0.066878  0.224128 -0.624970  0.000000 ) 
     freq (    5) =       3.648566 [THz] =     121.703061 [cm-1]
 (  0.222086 -0.438181  0.152802 -0.466879  0.050409 -0.121697 ) 
 (  0.489815 -0.037496  0.489815  0.037496  0.131724  0.000000 ) 
     freq (    6) =       3.682304 [THz] =     122.828426 [cm-1]
 ( -0.386394 -0.290425  0.478584  0.067860 -0.069207  0.167080 ) 
 ( -0.120451 -0.468123 -0.120451  0.468123  0.180846 -0.000000 ) 
 **************************************************************************
