Dynamical matrix file
                                                                           
  1    2  0 11.2374640  0.0000000  0.0000000  0.0000000  0.0000000  0.0000000
Basis vectors
      0.986020000   -0.000000000   -0.000000000
     -0.000000000    0.986020000   -0.000000000
      0.493010000    0.493010000    0.265859000
           1  'Sn  '    108197.54598352207     
    1    1      0.9860200000      1.2325250000      0.1993942500
    2    1      0.4930100000      0.2465050000      0.0664647500

     Dynamical  Matrix in cartesian axes

     q = (    0.253544553  -0.507089106   0.940348079 ) 

    1    1
  0.07384322  0.00000000    0.00000000 -0.00191183    0.00000000 -0.00401202
  0.00000000  0.00191183    0.09104409  0.00000000    0.00035582  0.00000000
  0.00000000  0.00401202    0.00035582  0.00000000    0.10930253  0.00000000
    1    2
  0.02236283  0.02236283    0.00119579 -0.00119579    0.01856653 -0.01856653
  0.00119579 -0.00119579   -0.01020763 -0.01020763    0.02205665  0.02205665
  0.01856653 -0.01856653    0.02205665  0.02205665   -0.00396909 -0.00396909
    2    1
  0.02236283 -0.02236283    0.00119579  0.00119579    0.01856653  0.01856653
  0.00119579  0.00119579   -0.01020763  0.01020763    0.02205665 -0.02205665
  0.01856653  0.01856653    0.02205665 -0.02205665   -0.00396909  0.00396909
    2    2
  0.07384322  0.00000000    0.00000000  0.00191183    0.00000000  0.00401202
  0.00000000 -0.00191183    0.09104409  0.00000000    0.00035582  0.00000000
  0.00000000 -0.00401202    0.00035582  0.00000000    0.10930253  0.00000000

     Dynamical  Matrix in cartesian axes

     q = (   -0.253544553   0.507089106   0.940348079 ) 

    1    1
  0.07384322  0.00000000    0.00000000 -0.00191183    0.00000000  0.00401202
  0.00000000  0.00191183    0.09104409  0.00000000   -0.00035582  0.00000000
  0.00000000 -0.00401202   -0.00035582  0.00000000    0.10930253  0.00000000
    1    2
  0.02236283 -0.02236283   -0.00119579 -0.00119579    0.01856653  0.01856653
 -0.00119579 -0.00119579   -0.01020763  0.01020763   -0.02205665  0.02205665
  0.01856653  0.01856653   -0.02205665  0.02205665   -0.00396909  0.00396909
    2    1
  0.02236283  0.02236283   -0.00119579  0.00119579    0.01856653 -0.01856653
 -0.00119579  0.00119579   -0.01020763 -0.01020763   -0.02205665 -0.02205665
  0.01856653 -0.01856653   -0.02205665 -0.02205665   -0.00396909 -0.00396909
    2    2
  0.07384322  0.00000000    0.00000000  0.00191183    0.00000000 -0.00401202
  0.00000000 -0.00191183    0.09104409  0.00000000   -0.00035582  0.00000000
  0.00000000  0.00401202   -0.00035582  0.00000000    0.10930253  0.00000000

     Dynamical  Matrix in cartesian axes

     q = (    0.507089106  -0.253544553   0.940348079 ) 

    1    1
  0.09104409  0.00000000    0.00000000 -0.00191183   -0.00035582  0.00000000
  0.00000000  0.00191183    0.07384322  0.00000000    0.00000000 -0.00401202
 -0.00035582  0.00000000    0.00000000  0.00401202    0.10930253 -0.00000000
    1    2
 -0.00000000  0.01443578    0.00169110  0.00000000   -0.00000000  0.03119281
  0.00169110  0.00000000    0.00000000 -0.03162582   -0.02625703 -0.00000000
 -0.00000000  0.03119281   -0.02625703 -0.00000000   -0.00000000  0.00561314
    2    1
 -0.00000000 -0.01443578    0.00169110 -0.00000000   -0.00000000 -0.03119281
  0.00169110 -0.00000000    0.00000000  0.03162582   -0.02625703  0.00000000
 -0.00000000 -0.03119281   -0.02625703  0.00000000   -0.00000000 -0.00561314
    2    2
  0.09104409  0.00000000    0.00000000  0.00191183   -0.00035582  0.00000000
  0.00000000 -0.00191183    0.07384322  0.00000000    0.00000000  0.00401202
 -0.00035582  0.00000000    0.00000000 -0.00401202    0.10930253  0.00000000

     Dynamical  Matrix in cartesian axes

     q = (   -0.507089106   0.253544553   0.940348079 ) 

    1    1
  0.09104409  0.00000000    0.00000000 -0.00191183    0.00035582  0.00000000
  0.00000000  0.00191183    0.07384322  0.00000000    0.00000000  0.00401202
  0.00035582  0.00000000    0.00000000 -0.00401202    0.10930253  0.00000000
    1    2
 -0.00000000  0.01443578    0.00169110  0.00000000    0.00000000 -0.03119281
  0.00169110  0.00000000    0.00000000 -0.03162582    0.02625703  0.00000000
  0.00000000 -0.03119281    0.02625703  0.00000000    0.00000000  0.00561314
    2    1
 -0.00000000 -0.01443578    0.00169110 -0.00000000    0.00000000  0.03119281
  0.00169110 -0.00000000    0.00000000  0.03162582    0.02625703 -0.00000000
  0.00000000  0.03119281    0.02625703 -0.00000000    0.00000000 -0.00561314
    2    2
  0.09104409  0.00000000    0.00000000  0.00191183    0.00035582  0.00000000
  0.00000000 -0.00191183    0.07384322  0.00000000    0.00000000 -0.00401202
  0.00035582  0.00000000    0.00000000  0.00401202    0.10930253  0.00000000

     Dynamical  Matrix in cartesian axes

     q = (    0.253544553   0.507089106   0.940348079 ) 

    1    1
  0.07384322  0.00000000    0.00000000  0.00191183    0.00000000 -0.00401202
  0.00000000 -0.00191183    0.09104409  0.00000000   -0.00035582  0.00000000
  0.00000000  0.00401202   -0.00035582  0.00000000    0.10930253  0.00000000
    1    2
  0.02236283  0.02236283   -0.00119579  0.00119579    0.01856653 -0.01856653
 -0.00119579  0.00119579   -0.01020763 -0.01020763   -0.02205665 -0.02205665
  0.01856653 -0.01856653   -0.02205665 -0.02205665   -0.00396909 -0.00396909
    2    1
  0.02236283 -0.02236283   -0.00119579 -0.00119579    0.01856653  0.01856653
 -0.00119579 -0.00119579   -0.01020763  0.01020763   -0.02205665  0.02205665
  0.01856653  0.01856653   -0.02205665  0.02205665   -0.00396909  0.00396909
    2    2
  0.07384322  0.00000000    0.00000000 -0.00191183    0.00000000  0.00401202
  0.00000000  0.00191183    0.09104409  0.00000000   -0.00035582  0.00000000
  0.00000000 -0.00401202   -0.00035582  0.00000000    0.10930253  0.00000000

     Dynamical  Matrix in cartesian axes

     q = (   -0.507089106  -0.253544553   0.940348079 ) 

    1    1
  0.09104409  0.00000000    0.00000000  0.00191183    0.00035582  0.00000000
  0.00000000 -0.00191183    0.07384322  0.00000000    0.00000000 -0.00401202
  0.00035582  0.00000000    0.00000000  0.00401202    0.10930253  0.00000000
    1    2
  0.00000000 -0.01443578    0.00169110  0.00000000   -0.00000000  0.03119281
  0.00169110  0.00000000   -0.00000000  0.03162582    0.02625703  0.00000000
 -0.00000000  0.03119281    0.02625703  0.00000000    0.00000000 -0.00561314
    2    1
  0.00000000  0.01443578    0.00169110 -0.00000000   -0.00000000 -0.03119281
  0.00169110 -0.00000000   -0.00000000 -0.03162582    0.02625703 -0.00000000
 -0.00000000 -0.03119281    0.02625703 -0.00000000    0.00000000  0.00561314
    2    2
  0.09104409  0.00000000    0.00000000 -0.00191183    0.00035582  0.00000000
  0.00000000  0.00191183    0.07384322  0.00000000    0.00000000  0.00401202
  0.00035582  0.00000000    0.00000000 -0.00401202    0.10930253  0.00000000

     Dynamical  Matrix in cartesian axes

     q = (   -0.507089106   0.253544553  -0.940348079 ) 

    1    1
  0.09104409  0.00000000    0.00000000  0.00191183   -0.00035582  0.00000000
  0.00000000 -0.00191183    0.07384322  0.00000000    0.00000000  0.00401202
 -0.00035582  0.00000000    0.00000000 -0.00401202    0.10930253  0.00000000
    1    2
 -0.00000000 -0.01443578    0.00169110 -0.00000000   -0.00000000 -0.03119281
  0.00169110 -0.00000000    0.00000000  0.03162582   -0.02625703  0.00000000
 -0.00000000 -0.03119281   -0.02625703  0.00000000   -0.00000000 -0.00561314
    2    1
 -0.00000000  0.01443578    0.00169110  0.00000000   -0.00000000  0.03119281
  0.00169110  0.00000000    0.00000000 -0.03162582   -0.02625703 -0.00000000
 -0.00000000  0.03119281   -0.02625703 -0.00000000   -0.00000000  0.00561314
    2    2
  0.09104409  0.00000000    0.00000000 -0.00191183   -0.00035582  0.00000000
  0.00000000  0.00191183    0.07384322  0.00000000    0.00000000 -0.00401202
 -0.00035582  0.00000000    0.00000000  0.00401202    0.10930253 -0.00000000

     Dynamical  Matrix in cartesian axes

     q = (   -0.253544553  -0.507089106   0.940348079 ) 

    1    1
  0.07384322  0.00000000    0.00000000  0.00191183    0.00000000  0.00401202
  0.00000000 -0.00191183    0.09104409  0.00000000    0.00035582  0.00000000
  0.00000000 -0.00401202    0.00035582  0.00000000    0.10930253  0.00000000
    1    2
  0.02236283 -0.02236283    0.00119579  0.00119579    0.01856653  0.01856653
  0.00119579  0.00119579   -0.01020763  0.01020763    0.02205665 -0.02205665
  0.01856653  0.01856653    0.02205665 -0.02205665   -0.00396909  0.00396909
    2    1
  0.02236283  0.02236283    0.00119579 -0.00119579    0.01856653 -0.01856653
  0.00119579 -0.00119579   -0.01020763 -0.01020763    0.02205665  0.02205665
  0.01856653 -0.01856653    0.02205665  0.02205665   -0.00396909 -0.00396909
    2    2
  0.07384322  0.00000000    0.00000000 -0.00191183    0.00000000 -0.00401202
  0.00000000  0.00191183    0.09104409  0.00000000    0.00035582  0.00000000
  0.00000000  0.00401202    0.00035582  0.00000000    0.10930253  0.00000000

     Diagonalizing the dynamical matrix

     q = (    0.253544553  -0.507089106   0.940348079 ) 

 **************************************************************************
     freq (    1) =       1.669518 [THz] =      55.689138 [cm-1]
 ( -0.435529  0.435529 -0.109944 -0.109944  0.219606  0.219606 ) 
 (  0.000000 -0.615931 -0.155484 -0.000000  0.310570 -0.000000 ) 
     freq (    2) =       2.485395 [THz] =      82.903839 [cm-1]
 (  0.196490 -0.196490 -0.424209 -0.424209  0.177308  0.177308 ) 
 ( -0.000000  0.277879 -0.599923 -0.000000  0.250751  0.000000 ) 
     freq (    3) =       2.683661 [THz] =      89.517294 [cm-1]
 ( -0.218361  0.218361 -0.303941 -0.303941 -0.331569 -0.331569 ) 
 (  0.000000  0.308809  0.429838  0.000000  0.468910  0.000000 ) 
     freq (    4) =       3.244926 [THz] =     108.239094 [cm-1]
 ( -0.405628  0.405628  0.292344  0.292344 -0.000850 -0.000850 ) 
 ( -0.000000  0.573645 -0.413436 -0.000000  0.001203  0.000000 ) 
     freq (    5) =       3.646071 [THz] =     121.619826 [cm-1]
 (  0.147330 -0.147330  0.240746  0.240746  0.412717  0.412717 ) 
 ( -0.000000  0.208356  0.340467  0.000000  0.583670  0.000000 ) 
     freq (    6) =       3.855493 [THz] =     128.605414 [cm-1]
 (  0.194381 -0.194381  0.268617  0.268617 -0.374247 -0.374247 ) 
 (  0.000000 -0.274897 -0.379881 -0.000000  0.529265  0.000000 ) 
 **************************************************************************
