Dynamical matrix file
                                                                           
  1    2  0 11.2374640  0.0000000  0.0000000  0.0000000  0.0000000  0.0000000
Basis vectors
      0.986020000   -0.000000000   -0.000000000
     -0.000000000    0.986020000   -0.000000000
      0.493010000    0.493010000    0.265859000
           1  'Sn  '    108197.54598352207     
    1    1      0.9860200000      1.2325250000      0.1993942500
    2    1      0.4930100000      0.2465050000      0.0664647500

     Dynamical  Matrix in cartesian axes

     q = (    0.253544553   0.253544553  -0.940348079 ) 

    1    1
  0.08282147  0.00000000   -0.00095039 -0.00949703   -0.00241995 -0.00417032
 -0.00095039  0.00949703    0.08282147  0.00000000   -0.00241995  0.00417032
 -0.00241995  0.00417032   -0.00241995 -0.00417032    0.10943385  0.00000000
    1    2
  0.02610070 -0.02369708    0.00000000  0.00417827   -0.01555617 -0.01568824
  0.00000000  0.00417827   -0.02610070 -0.02369708    0.01555617 -0.01568824
 -0.01555617 -0.01568824    0.01555617 -0.01568824    0.00000000 -0.00156112
    2    1
  0.02610070  0.02369708    0.00000000 -0.00417827   -0.01555617  0.01568824
  0.00000000 -0.00417827   -0.02610070  0.02369708    0.01555617  0.01568824
 -0.01555617  0.01568824    0.01555617  0.01568824    0.00000000  0.00156112
    2    2
  0.08282147  0.00000000   -0.00095039  0.00949703   -0.00241995  0.00417032
 -0.00095039 -0.00949703    0.08282147  0.00000000   -0.00241995 -0.00417032
 -0.00241995 -0.00417032   -0.00241995  0.00417032    0.10943385  0.00000000

     Dynamical  Matrix in cartesian axes

     q = (   -0.253544553  -0.253544553  -0.940348079 ) 

    1    1
  0.08282147  0.00000000   -0.00095039 -0.00949703    0.00241995  0.00417032
 -0.00095039  0.00949703    0.08282147  0.00000000    0.00241995 -0.00417032
  0.00241995 -0.00417032    0.00241995  0.00417032    0.10943385  0.00000000
    1    2
  0.02369708  0.02610070   -0.00417827 -0.00000000   -0.01568824  0.01555617
 -0.00417827 -0.00000000    0.02369708 -0.02610070   -0.01568824 -0.01555617
 -0.01568824  0.01555617   -0.01568824 -0.01555617    0.00156112 -0.00000000
    2    1
  0.02369708 -0.02610070   -0.00417827  0.00000000   -0.01568824 -0.01555617
 -0.00417827  0.00000000    0.02369708  0.02610070   -0.01568824  0.01555617
 -0.01568824 -0.01555617   -0.01568824  0.01555617    0.00156112  0.00000000
    2    2
  0.08282147  0.00000000   -0.00095039  0.00949703    0.00241995 -0.00417032
 -0.00095039 -0.00949703    0.08282147  0.00000000    0.00241995  0.00417032
  0.00241995  0.00417032    0.00241995 -0.00417032    0.10943385  0.00000000

     Dynamical  Matrix in cartesian axes

     q = (   -0.253544553   0.253544553   0.940348079 ) 

    1    1
  0.08282147  0.00000000    0.00095039 -0.00949703   -0.00241995  0.00417032
  0.00095039  0.00949703    0.08282147  0.00000000    0.00241995  0.00417032
 -0.00241995 -0.00417032    0.00241995 -0.00417032    0.10943385 -0.00000000
    1    2
 -0.02610070 -0.02369708   -0.00000000 -0.00417827    0.01555617 -0.01568824
 -0.00000000 -0.00417827    0.02610070 -0.02369708    0.01555617  0.01568824
  0.01555617 -0.01568824    0.01555617  0.01568824    0.00000000 -0.00156112
    2    1
 -0.02610070  0.02369708   -0.00000000  0.00417827    0.01555617  0.01568824
 -0.00000000  0.00417827    0.02610070  0.02369708    0.01555617 -0.01568824
  0.01555617  0.01568824    0.01555617 -0.01568824    0.00000000  0.00156112
    2    2
  0.08282147  0.00000000    0.00095039  0.00949703   -0.00241995 -0.00417032
  0.00095039 -0.00949703    0.08282147  0.00000000    0.00241995 -0.00417032
 -0.00241995  0.00417032    0.00241995  0.00417032    0.10943385  0.00000000

     Dynamical  Matrix in cartesian axes

     q = (    0.253544553  -0.253544553   0.940348079 ) 

    1    1
  0.08282147  0.00000000    0.00095039 -0.00949703    0.00241995 -0.00417032
  0.00095039  0.00949703    0.08282147  0.00000000   -0.00241995 -0.00417032
  0.00241995  0.00417032   -0.00241995  0.00417032    0.10943385  0.00000000
    1    2
 -0.02369708  0.02610070   -0.00417827 -0.00000000    0.01568824  0.01555617
 -0.00417827 -0.00000000   -0.02369708 -0.02610070   -0.01568824  0.01555617
  0.01568824  0.01555617   -0.01568824  0.01555617   -0.00156112  0.00000000
    2    1
 -0.02369708 -0.02610070   -0.00417827  0.00000000    0.01568824 -0.01555617
 -0.00417827  0.00000000   -0.02369708  0.02610070   -0.01568824 -0.01555617
  0.01568824 -0.01555617   -0.01568824 -0.01555617   -0.00156112  0.00000000
    2    2
  0.08282147  0.00000000    0.00095039  0.00949703    0.00241995  0.00417032
  0.00095039 -0.00949703    0.08282147  0.00000000   -0.00241995  0.00417032
  0.00241995 -0.00417032   -0.00241995 -0.00417032    0.10943385 -0.00000000

     Dynamical  Matrix in cartesian axes

     q = (    0.253544553  -0.253544553  -0.940348079 ) 

    1    1
  0.08282147  0.00000000    0.00095039  0.00949703   -0.00241995 -0.00417032
  0.00095039 -0.00949703    0.08282147  0.00000000    0.00241995 -0.00417032
 -0.00241995  0.00417032    0.00241995  0.00417032    0.10943385  0.00000000
    1    2
 -0.02610070  0.02369708   -0.00000000  0.00417827    0.01555617  0.01568824
 -0.00000000  0.00417827    0.02610070  0.02369708    0.01555617 -0.01568824
  0.01555617  0.01568824    0.01555617 -0.01568824    0.00000000  0.00156112
    2    1
 -0.02610070 -0.02369708   -0.00000000 -0.00417827    0.01555617 -0.01568824
 -0.00000000 -0.00417827    0.02610070 -0.02369708    0.01555617  0.01568824
  0.01555617 -0.01568824    0.01555617  0.01568824    0.00000000 -0.00156112
    2    2
  0.08282147  0.00000000    0.00095039 -0.00949703   -0.00241995  0.00417032
  0.00095039  0.00949703    0.08282147  0.00000000    0.00241995  0.00417032
 -0.00241995 -0.00417032    0.00241995 -0.00417032    0.10943385 -0.00000000

     Dynamical  Matrix in cartesian axes

     q = (    0.253544553   0.253544553   0.940348079 ) 

    1    1
  0.08282147  0.00000000   -0.00095039  0.00949703    0.00241995 -0.00417032
 -0.00095039 -0.00949703    0.08282147  0.00000000    0.00241995  0.00417032
  0.00241995  0.00417032    0.00241995 -0.00417032    0.10943385  0.00000000
    1    2
  0.02369708 -0.02610070   -0.00417827  0.00000000   -0.01568824 -0.01555617
 -0.00417827  0.00000000    0.02369708  0.02610070   -0.01568824  0.01555617
 -0.01568824 -0.01555617   -0.01568824  0.01555617    0.00156112  0.00000000
    2    1
  0.02369708  0.02610070   -0.00417827 -0.00000000   -0.01568824  0.01555617
 -0.00417827 -0.00000000    0.02369708 -0.02610070   -0.01568824 -0.01555617
 -0.01568824  0.01555617   -0.01568824 -0.01555617    0.00156112 -0.00000000
    2    2
  0.08282147  0.00000000   -0.00095039 -0.00949703    0.00241995  0.00417032
 -0.00095039  0.00949703    0.08282147  0.00000000    0.00241995 -0.00417032
  0.00241995 -0.00417032    0.00241995  0.00417032    0.10943385  0.00000000

     Dynamical  Matrix in cartesian axes

     q = (   -0.253544553   0.253544553  -0.940348079 ) 

    1    1
  0.08282147  0.00000000    0.00095039  0.00949703    0.00241995  0.00417032
  0.00095039 -0.00949703    0.08282147  0.00000000   -0.00241995  0.00417032
  0.00241995 -0.00417032   -0.00241995 -0.00417032    0.10943385 -0.00000000
    1    2
 -0.02369708 -0.02610070   -0.00417827  0.00000000    0.01568824 -0.01555617
 -0.00417827  0.00000000   -0.02369708  0.02610070   -0.01568824 -0.01555617
  0.01568824 -0.01555617   -0.01568824 -0.01555617   -0.00156112  0.00000000
    2    1
 -0.02369708  0.02610070   -0.00417827 -0.00000000    0.01568824  0.01555617
 -0.00417827 -0.00000000   -0.02369708 -0.02610070   -0.01568824  0.01555617
  0.01568824  0.01555617   -0.01568824  0.01555617   -0.00156112  0.00000000
    2    2
  0.08282147  0.00000000    0.00095039 -0.00949703    0.00241995 -0.00417032
  0.00095039  0.00949703    0.08282147  0.00000000   -0.00241995 -0.00417032
  0.00241995  0.00417032   -0.00241995  0.00417032    0.10943385  0.00000000

     Dynamical  Matrix in cartesian axes

     q = (   -0.253544553  -0.253544553   0.940348079 ) 

    1    1
  0.08282147  0.00000000   -0.00095039  0.00949703   -0.00241995  0.00417032
 -0.00095039 -0.00949703    0.08282147  0.00000000   -0.00241995 -0.00417032
 -0.00241995 -0.00417032   -0.00241995  0.00417032    0.10943385  0.00000000
    1    2
  0.02610070  0.02369708    0.00000000 -0.00417827   -0.01555617  0.01568824
  0.00000000 -0.00417827   -0.02610070  0.02369708    0.01555617  0.01568824
 -0.01555617  0.01568824    0.01555617  0.01568824   -0.00000000  0.00156112
    2    1
  0.02610070 -0.02369708    0.00000000  0.00417827   -0.01555617 -0.01568824
  0.00000000  0.00417827   -0.02610070 -0.02369708    0.01555617 -0.01568824
 -0.01555617 -0.01568824    0.01555617 -0.01568824   -0.00000000 -0.00156112
    2    2
  0.08282147  0.00000000   -0.00095039 -0.00949703   -0.00241995 -0.00417032
 -0.00095039  0.00949703    0.08282147  0.00000000   -0.00241995  0.00417032
 -0.00241995  0.00417032   -0.00241995 -0.00417032    0.10943385  0.00000000

     Diagonalizing the dynamical matrix

     q = (    0.253544553   0.253544553  -0.940348079 ) 

 **************************************************************************
     freq (    1) =       1.904461 [THz] =      63.525986 [cm-1]
 (  0.426422  0.166616 -0.426422  0.166616 -0.000000 -0.284266 ) 
 ( -0.166616 -0.426422 -0.166616  0.426422  0.284266  0.000000 ) 
     freq (    2) =       1.997139 [THz] =      66.617391 [cm-1]
 ( -0.193284  0.444772  0.193284  0.444772  0.000000  0.172158 ) 
 (  0.444772 -0.193284  0.444772  0.193284  0.172158 -0.000000 ) 
     freq (    3) =       3.062726 [THz] =     102.161531 [cm-1]
 (  0.305939  0.024925 -0.305939  0.024925  0.000000  0.558176 ) 
 (  0.024925  0.305939  0.024925 -0.305939  0.558176  0.000000 ) 
     freq (    4) =       3.220361 [THz] =     107.419680 [cm-1]
 ( -0.235449  0.411755  0.235449  0.411755 -0.000000 -0.223705 ) 
 ( -0.411755  0.235449 -0.411755 -0.235449  0.223705  0.000000 ) 
     freq (    5) =       3.583104 [THz] =     119.519488 [cm-1]
 ( -0.112819 -0.229559  0.112819 -0.229559 -0.000000 -0.607576 ) 
 (  0.229559  0.112819  0.229559 -0.112819  0.607576  0.000000 ) 
     freq (    6) =       3.850582 [THz] =     128.441580 [cm-1]
 ( -0.345026 -0.227061  0.345026 -0.227061  0.000000  0.398499 ) 
 ( -0.227061 -0.345026 -0.227061  0.345026  0.398499  0.000000 ) 
 **************************************************************************
