Dynamical matrix file
                                                                           
  1    2  0 11.2374640  0.0000000  0.0000000  0.0000000  0.0000000  0.0000000
Basis vectors
      0.986020000   -0.000000000   -0.000000000
     -0.000000000    0.986020000   -0.000000000
      0.493010000    0.493010000    0.265859000
           1  'Sn  '    108197.54598352207     
    1    1      0.9860200000      1.2325250000      0.1993942500
    2    1      0.4930100000      0.2465050000      0.0664647500

     Dynamical  Matrix in cartesian axes

     q = (    0.380316829   0.380316829  -0.470174040 ) 

    1    1
  0.08119889  0.00000000    0.00395428 -0.00431215   -0.00213297  0.00080698
  0.00395428  0.00431215    0.08119889  0.00000000   -0.00213297 -0.00080698
 -0.00213297 -0.00080698   -0.00213297  0.00080698    0.07515963  0.00000000
    1    2
  0.01891240  0.00638195   -0.00145398  0.00000000    0.01828340 -0.01622958
 -0.00145398  0.00000000    0.01891240 -0.00638195    0.01828340  0.01622958
  0.01828340 -0.01622958    0.01828340  0.01622958    0.00562049 -0.00000000
    2    1
  0.01891240 -0.00638195   -0.00145398 -0.00000000    0.01828340  0.01622958
 -0.00145398 -0.00000000    0.01891240  0.00638195    0.01828340 -0.01622958
  0.01828340  0.01622958    0.01828340 -0.01622958    0.00562049  0.00000000
    2    2
  0.08119889  0.00000000    0.00395428  0.00431215   -0.00213297 -0.00080698
  0.00395428 -0.00431215    0.08119889  0.00000000   -0.00213297  0.00080698
 -0.00213297  0.00080698   -0.00213297 -0.00080698    0.07515963  0.00000000

     Dynamical  Matrix in cartesian axes

     q = (   -0.380316829  -0.380316829  -0.470174040 ) 

    1    1
  0.08119889  0.00000000    0.00395428 -0.00431215    0.00213297 -0.00080698
  0.00395428  0.00431215    0.08119889  0.00000000    0.00213297  0.00080698
  0.00213297  0.00080698    0.00213297 -0.00080698    0.07515963  0.00000000
    1    2
  0.01788581 -0.00886037   -0.00102812  0.00102812   -0.00145227  0.02440436
 -0.00102812  0.00102812    0.00886037 -0.01788581   -0.02440436  0.00145227
 -0.00145227  0.02440436   -0.02440436  0.00145227    0.00397429 -0.00397429
    2    1
  0.01788581  0.00886037   -0.00102812 -0.00102812   -0.00145227 -0.02440436
 -0.00102812 -0.00102812    0.00886037  0.01788581   -0.02440436 -0.00145227
 -0.00145227 -0.02440436   -0.02440436 -0.00145227    0.00397429  0.00397429
    2    2
  0.08119889  0.00000000    0.00395428  0.00431215    0.00213297  0.00080698
  0.00395428 -0.00431215    0.08119889  0.00000000    0.00213297 -0.00080698
  0.00213297 -0.00080698    0.00213297  0.00080698    0.07515963  0.00000000

     Dynamical  Matrix in cartesian axes

     q = (   -0.380316829   0.380316829   0.470174040 ) 

    1    1
  0.08119889  0.00000000   -0.00395428 -0.00431215   -0.00213297 -0.00080698
 -0.00395428  0.00431215    0.08119889  0.00000000    0.00213297 -0.00080698
 -0.00213297  0.00080698    0.00213297  0.00080698    0.07515963  0.00000000
    1    2
 -0.00638195 -0.01891240   -0.00000000 -0.00145398    0.01622958 -0.01828340
 -0.00000000 -0.00145398    0.00638195 -0.01891240    0.01622958  0.01828340
  0.01622958 -0.01828340    0.01622958  0.01828340    0.00000000 -0.00562049
    2    1
 -0.00638195  0.01891240   -0.00000000  0.00145398    0.01622958  0.01828340
 -0.00000000  0.00145398    0.00638195  0.01891240    0.01622958 -0.01828340
  0.01622958  0.01828340    0.01622958 -0.01828340    0.00000000  0.00562049
    2    2
  0.08119889  0.00000000   -0.00395428  0.00431215   -0.00213297  0.00080698
 -0.00395428 -0.00431215    0.08119889  0.00000000    0.00213297  0.00080698
 -0.00213297 -0.00080698    0.00213297 -0.00080698    0.07515963  0.00000000

     Dynamical  Matrix in cartesian axes

     q = (    0.380316829  -0.380316829   0.470174040 ) 

    1    1
  0.08119889  0.00000000   -0.00395428 -0.00431215    0.00213297  0.00080698
 -0.00395428  0.00431215    0.08119889  0.00000000   -0.00213297  0.00080698
  0.00213297 -0.00080698   -0.00213297 -0.00080698    0.07515963  0.00000000
    1    2
 -0.00886037  0.01788581   -0.00102812  0.00102812    0.02440436 -0.00145227
 -0.00102812  0.00102812   -0.01788581  0.00886037   -0.00145227  0.02440436
  0.02440436 -0.00145227   -0.00145227  0.02440436   -0.00397429  0.00397429
    2    1
 -0.00886037 -0.01788581   -0.00102812 -0.00102812    0.02440436  0.00145227
 -0.00102812 -0.00102812   -0.01788581 -0.00886037   -0.00145227 -0.02440436
  0.02440436  0.00145227   -0.00145227 -0.02440436   -0.00397429 -0.00397429
    2    2
  0.08119889  0.00000000   -0.00395428  0.00431215    0.00213297 -0.00080698
 -0.00395428 -0.00431215    0.08119889  0.00000000   -0.00213297 -0.00080698
  0.00213297  0.00080698   -0.00213297  0.00080698    0.07515963  0.00000000

     Dynamical  Matrix in cartesian axes

     q = (    0.380316829  -0.380316829  -0.470174040 ) 

    1    1
  0.08119889  0.00000000   -0.00395428  0.00431215   -0.00213297  0.00080698
 -0.00395428 -0.00431215    0.08119889  0.00000000    0.00213297  0.00080698
 -0.00213297 -0.00080698    0.00213297 -0.00080698    0.07515963  0.00000000
    1    2
 -0.00638195  0.01891240   -0.00000000  0.00145398    0.01622958  0.01828340
 -0.00000000  0.00145398    0.00638195  0.01891240    0.01622958 -0.01828340
  0.01622958  0.01828340    0.01622958 -0.01828340    0.00000000  0.00562049
    2    1
 -0.00638195 -0.01891240   -0.00000000 -0.00145398    0.01622958 -0.01828340
 -0.00000000 -0.00145398    0.00638195 -0.01891240    0.01622958  0.01828340
  0.01622958 -0.01828340    0.01622958  0.01828340    0.00000000 -0.00562049
    2    2
  0.08119889  0.00000000   -0.00395428 -0.00431215   -0.00213297 -0.00080698
 -0.00395428  0.00431215    0.08119889  0.00000000    0.00213297 -0.00080698
 -0.00213297  0.00080698    0.00213297  0.00080698    0.07515963  0.00000000

     Dynamical  Matrix in cartesian axes

     q = (    0.380316829   0.380316829   0.470174040 ) 

    1    1
  0.08119889  0.00000000    0.00395428  0.00431215    0.00213297  0.00080698
  0.00395428 -0.00431215    0.08119889  0.00000000    0.00213297 -0.00080698
  0.00213297 -0.00080698    0.00213297  0.00080698    0.07515963  0.00000000
    1    2
  0.01788581  0.00886037   -0.00102812 -0.00102812   -0.00145227 -0.02440436
 -0.00102812 -0.00102812    0.00886037  0.01788581   -0.02440436 -0.00145227
 -0.00145227 -0.02440436   -0.02440436 -0.00145227    0.00397429  0.00397429
    2    1
  0.01788581 -0.00886037   -0.00102812  0.00102812   -0.00145227  0.02440436
 -0.00102812  0.00102812    0.00886037 -0.01788581   -0.02440436  0.00145227
 -0.00145227  0.02440436   -0.02440436  0.00145227    0.00397429 -0.00397429
    2    2
  0.08119889  0.00000000    0.00395428 -0.00431215    0.00213297 -0.00080698
  0.00395428  0.00431215    0.08119889  0.00000000    0.00213297  0.00080698
  0.00213297  0.00080698    0.00213297 -0.00080698    0.07515963  0.00000000

     Dynamical  Matrix in cartesian axes

     q = (   -0.380316829   0.380316829  -0.470174040 ) 

    1    1
  0.08119889  0.00000000   -0.00395428  0.00431215    0.00213297 -0.00080698
 -0.00395428 -0.00431215    0.08119889  0.00000000   -0.00213297 -0.00080698
  0.00213297  0.00080698   -0.00213297  0.00080698    0.07515963  0.00000000
    1    2
 -0.00886037 -0.01788581   -0.00102812 -0.00102812    0.02440436  0.00145227
 -0.00102812 -0.00102812   -0.01788581 -0.00886037   -0.00145227 -0.02440436
  0.02440436  0.00145227   -0.00145227 -0.02440436   -0.00397429 -0.00397429
    2    1
 -0.00886037  0.01788581   -0.00102812  0.00102812    0.02440436 -0.00145227
 -0.00102812  0.00102812   -0.01788581  0.00886037   -0.00145227  0.02440436
  0.02440436 -0.00145227   -0.00145227  0.02440436   -0.00397429  0.00397429
    2    2
  0.08119889  0.00000000   -0.00395428 -0.00431215    0.00213297  0.00080698
 -0.00395428  0.00431215    0.08119889  0.00000000   -0.00213297  0.00080698
  0.00213297 -0.00080698   -0.00213297 -0.00080698    0.07515963  0.00000000

     Dynamical  Matrix in cartesian axes

     q = (   -0.380316829  -0.380316829   0.470174040 ) 

    1    1
  0.08119889  0.00000000    0.00395428  0.00431215   -0.00213297 -0.00080698
  0.00395428 -0.00431215    0.08119889  0.00000000   -0.00213297  0.00080698
 -0.00213297  0.00080698   -0.00213297 -0.00080698    0.07515963  0.00000000
    1    2
  0.01891240 -0.00638195   -0.00145398 -0.00000000    0.01828340  0.01622958
 -0.00145398 -0.00000000    0.01891240  0.00638195    0.01828340 -0.01622958
  0.01828340  0.01622958    0.01828340 -0.01622958    0.00562049  0.00000000
    2    1
  0.01891240  0.00638195   -0.00145398  0.00000000    0.01828340 -0.01622958
 -0.00145398  0.00000000    0.01891240 -0.00638195    0.01828340  0.01622958
  0.01828340 -0.01622958    0.01828340  0.01622958    0.00562049 -0.00000000
    2    2
  0.08119889  0.00000000    0.00395428 -0.00431215   -0.00213297  0.00080698
  0.00395428  0.00431215    0.08119889  0.00000000   -0.00213297 -0.00080698
 -0.00213297 -0.00080698   -0.00213297  0.00080698    0.07515963  0.00000000

     Diagonalizing the dynamical matrix

     q = (    0.380316829   0.380316829  -0.470174040 ) 

 **************************************************************************
     freq (    1) =       1.951066 [THz] =      65.080541 [cm-1]
 ( -0.326019  0.090397 -0.326019 -0.090397 -0.520653 -0.000000 ) 
 (  0.326019  0.090397  0.326019 -0.090397  0.520653  0.000000 ) 
     freq (    2) =       2.017885 [THz] =      67.309392 [cm-1]
 ( -0.117365  0.395680 -0.117365 -0.395680  0.399157  0.000000 ) 
 ( -0.117365 -0.395680 -0.117365  0.395680  0.399157  0.000000 ) 
     freq (    3) =       2.720399 [THz] =      90.742750 [cm-1]
 (  0.312563  0.338865  0.312563 -0.338865 -0.273769  0.000000 ) 
 ( -0.312563  0.338865 -0.312563 -0.338865  0.273769  0.000000 ) 
     freq (    4) =       2.842373 [THz] =      94.811356 [cm-1]
 (  0.279491  0.292493  0.279491 -0.292493 -0.415531  0.000000 ) 
 (  0.279491 -0.292493  0.279491  0.292493 -0.415531  0.000000 ) 
     freq (    5) =       3.447229 [THz] =     114.987199 [cm-1]
 (  0.397631 -0.088801  0.397631  0.088801  0.409888  0.000000 ) 
 (  0.397631  0.088801  0.397631 -0.088801  0.409888  0.000000 ) 
     freq (    6) =       3.504915 [THz] =     116.911395 [cm-1]
 (  0.214513 -0.356369  0.214513  0.356369 -0.392391  0.000000 ) 
 ( -0.214513 -0.356369 -0.214513  0.356369  0.392391  0.000000 ) 
 **************************************************************************
