Dynamical matrix file
                                                                           
  1    2  0 11.2374640  0.0000000  0.0000000  0.0000000  0.0000000  0.0000000
Basis vectors
      0.986020000   -0.000000000   -0.000000000
     -0.000000000    0.986020000   -0.000000000
      0.493010000    0.493010000    0.265859000
           1  'Sn  '    108197.54598352207     
    1    1      0.9860200000      1.2325250000      0.1993942500
    2    1      0.4930100000      0.2465050000      0.0664647500

     Dynamical  Matrix in cartesian axes

     q = (    0.126772276   0.380316829   0.000000000 ) 

    1    1
  0.08925783  0.00000000    0.00568888  0.00000000    0.00000000 -0.00039182
  0.00568888  0.00000000    0.09929583  0.00000000    0.00000000  0.00193852
  0.00000000  0.00039182    0.00000000 -0.00193852    0.01986060 -0.00000000
    1    2
  0.07057107 -0.02923149    0.00004361 -0.00001806   -0.00201512 -0.00486494
  0.00004361 -0.00001806    0.02944390 -0.01219606    0.00688674  0.01662605
 -0.00201512 -0.00486494    0.00688674  0.01662605   -0.00063326  0.00026230
    2    1
  0.07057107  0.02923149    0.00004361  0.00001806   -0.00201512  0.00486494
  0.00004361  0.00001806    0.02944390  0.01219606    0.00688674 -0.01662605
 -0.00201512  0.00486494    0.00688674 -0.01662605   -0.00063326 -0.00026230
    2    2
  0.08925783  0.00000000    0.00568888  0.00000000    0.00000000  0.00039182
  0.00568888  0.00000000    0.09929583  0.00000000    0.00000000 -0.00193852
  0.00000000 -0.00039182    0.00000000  0.00193852    0.01986060  0.00000000

     Dynamical  Matrix in cartesian axes

     q = (   -0.126772276  -0.380316829  -0.000000000 ) 

    1    1
  0.08925783  0.00000000    0.00568888  0.00000000    0.00000000  0.00039182
  0.00568888  0.00000000    0.09929583  0.00000000    0.00000000 -0.00193852
  0.00000000 -0.00039182    0.00000000  0.00193852    0.01986060  0.00000000
    1    2
  0.07057107  0.02923149    0.00004361  0.00001806   -0.00201512  0.00486494
  0.00004361  0.00001806    0.02944390  0.01219606    0.00688674 -0.01662605
 -0.00201512  0.00486494    0.00688674 -0.01662605   -0.00063326 -0.00026230
    2    1
  0.07057107 -0.02923149    0.00004361 -0.00001806   -0.00201512 -0.00486494
  0.00004361 -0.00001806    0.02944390 -0.01219606    0.00688674  0.01662605
 -0.00201512 -0.00486494    0.00688674  0.01662605   -0.00063326  0.00026230
    2    2
  0.08925783  0.00000000    0.00568888  0.00000000    0.00000000 -0.00039182
  0.00568888  0.00000000    0.09929583  0.00000000    0.00000000  0.00193852
  0.00000000  0.00039182    0.00000000 -0.00193852    0.01986060 -0.00000000

     Dynamical  Matrix in cartesian axes

     q = (   -0.380316829  -0.126772276  -0.000000000 ) 

    1    1
  0.09929583  0.00000000    0.00568888  0.00000000    0.00000000  0.00193852
  0.00568888  0.00000000    0.08925783  0.00000000    0.00000000 -0.00039182
  0.00000000 -0.00193852    0.00000000  0.00039182    0.01986060 -0.00000000
    1    2
  0.01219606  0.02944390    0.00001806  0.00004361   -0.01662605  0.00688674
  0.00001806  0.00004361    0.02923149  0.07057107    0.00486494 -0.00201512
 -0.01662605  0.00688674    0.00486494 -0.00201512   -0.00026230 -0.00063326
    2    1
  0.01219606 -0.02944390    0.00001806 -0.00004361   -0.01662605 -0.00688674
  0.00001806 -0.00004361    0.02923149 -0.07057107    0.00486494  0.00201512
 -0.01662605 -0.00688674    0.00486494  0.00201512   -0.00026230  0.00063326
    2    2
  0.09929583  0.00000000    0.00568888  0.00000000    0.00000000 -0.00193852
  0.00568888  0.00000000    0.08925783  0.00000000    0.00000000  0.00039182
  0.00000000  0.00193852    0.00000000 -0.00039182    0.01986060  0.00000000

     Dynamical  Matrix in cartesian axes

     q = (   -0.126772276   0.380316829   0.000000000 ) 

    1    1
  0.08925783  0.00000000   -0.00568888  0.00000000    0.00000000  0.00039182
 -0.00568888  0.00000000    0.09929583  0.00000000    0.00000000  0.00193852
  0.00000000 -0.00039182    0.00000000 -0.00193852    0.01986060  0.00000000
    1    2
  0.02923149 -0.07057107   -0.00001806  0.00004361    0.00486494  0.00201512
 -0.00001806  0.00004361    0.01219606 -0.02944390    0.01662605  0.00688674
  0.00486494  0.00201512    0.01662605  0.00688674   -0.00026230  0.00063326
    2    1
  0.02923149  0.07057107   -0.00001806 -0.00004361    0.00486494 -0.00201512
 -0.00001806 -0.00004361    0.01219606  0.02944390    0.01662605 -0.00688674
  0.00486494 -0.00201512    0.01662605 -0.00688674   -0.00026230 -0.00063326
    2    2
  0.08925783  0.00000000   -0.00568888  0.00000000    0.00000000 -0.00039182
 -0.00568888  0.00000000    0.09929583  0.00000000    0.00000000 -0.00193852
  0.00000000  0.00039182    0.00000000  0.00193852    0.01986060 -0.00000000

     Dynamical  Matrix in cartesian axes

     q = (    0.126772276  -0.380316829   0.000000000 ) 

    1    1
  0.08925783  0.00000000   -0.00568888  0.00000000    0.00000000 -0.00039182
 -0.00568888  0.00000000    0.09929583  0.00000000    0.00000000 -0.00193852
  0.00000000  0.00039182    0.00000000  0.00193852    0.01986060 -0.00000000
    1    2
  0.02923149  0.07057107   -0.00001806 -0.00004361    0.00486494 -0.00201512
 -0.00001806 -0.00004361    0.01219606  0.02944390    0.01662605 -0.00688674
  0.00486494 -0.00201512    0.01662605 -0.00688674   -0.00026230 -0.00063326
    2    1
  0.02923149 -0.07057107   -0.00001806  0.00004361    0.00486494  0.00201512
 -0.00001806  0.00004361    0.01219606 -0.02944390    0.01662605  0.00688674
  0.00486494  0.00201512    0.01662605  0.00688674   -0.00026230  0.00063326
    2    2
  0.08925783  0.00000000   -0.00568888  0.00000000    0.00000000  0.00039182
 -0.00568888  0.00000000    0.09929583  0.00000000    0.00000000  0.00193852
  0.00000000 -0.00039182    0.00000000 -0.00193852    0.01986060  0.00000000

     Dynamical  Matrix in cartesian axes

     q = (   -0.380316829   0.126772276   0.000000000 ) 

    1    1
  0.09929583  0.00000000   -0.00568888  0.00000000    0.00000000  0.00193852
 -0.00568888  0.00000000    0.08925783  0.00000000    0.00000000  0.00039182
  0.00000000 -0.00193852    0.00000000 -0.00039182    0.01986060  0.00000000
    1    2
 -0.02944390  0.01219606    0.00004361 -0.00001806   -0.00688674 -0.01662605
  0.00004361 -0.00001806   -0.07057107  0.02923149   -0.00201512 -0.00486494
 -0.00688674 -0.01662605   -0.00201512 -0.00486494    0.00063326 -0.00026230
    2    1
 -0.02944390 -0.01219606    0.00004361  0.00001806   -0.00688674  0.01662605
  0.00004361  0.00001806   -0.07057107 -0.02923149   -0.00201512  0.00486494
 -0.00688674  0.01662605   -0.00201512  0.00486494    0.00063326  0.00026230
    2    2
  0.09929583  0.00000000   -0.00568888  0.00000000    0.00000000 -0.00193852
 -0.00568888  0.00000000    0.08925783  0.00000000    0.00000000 -0.00039182
  0.00000000  0.00193852    0.00000000  0.00039182    0.01986060 -0.00000000

     Dynamical  Matrix in cartesian axes

     q = (    0.380316829  -0.126772276   0.000000000 ) 

    1    1
  0.09929583  0.00000000   -0.00568888  0.00000000    0.00000000 -0.00193852
 -0.00568888  0.00000000    0.08925783  0.00000000    0.00000000 -0.00039182
  0.00000000  0.00193852    0.00000000  0.00039182    0.01986060 -0.00000000
    1    2
 -0.02944390 -0.01219606    0.00004361  0.00001806   -0.00688674  0.01662605
  0.00004361  0.00001806   -0.07057107 -0.02923149   -0.00201512  0.00486494
 -0.00688674  0.01662605   -0.00201512  0.00486494    0.00063326  0.00026230
    2    1
 -0.02944390  0.01219606    0.00004361 -0.00001806   -0.00688674 -0.01662605
  0.00004361 -0.00001806   -0.07057107  0.02923149   -0.00201512 -0.00486494
 -0.00688674 -0.01662605   -0.00201512 -0.00486494    0.00063326 -0.00026230
    2    2
  0.09929583  0.00000000   -0.00568888  0.00000000    0.00000000  0.00193852
 -0.00568888  0.00000000    0.08925783  0.00000000    0.00000000  0.00039182
  0.00000000 -0.00193852    0.00000000 -0.00039182    0.01986060  0.00000000

     Dynamical  Matrix in cartesian axes

     q = (    0.380316829   0.126772276   0.000000000 ) 

    1    1
  0.09929583  0.00000000    0.00568888  0.00000000    0.00000000 -0.00193852
  0.00568888  0.00000000    0.08925783  0.00000000    0.00000000  0.00039182
  0.00000000  0.00193852    0.00000000 -0.00039182    0.01986060  0.00000000
    1    2
  0.01219606 -0.02944390    0.00001806 -0.00004361   -0.01662605 -0.00688674
  0.00001806 -0.00004361    0.02923149 -0.07057107    0.00486494  0.00201512
 -0.01662605 -0.00688674    0.00486494  0.00201512   -0.00026230  0.00063326
    2    1
  0.01219606  0.02944390    0.00001806  0.00004361   -0.01662605  0.00688674
  0.00001806  0.00004361    0.02923149  0.07057107    0.00486494 -0.00201512
 -0.01662605  0.00688674    0.00486494 -0.00201512   -0.00026230 -0.00063326
    2    2
  0.09929583  0.00000000    0.00568888  0.00000000    0.00000000  0.00193852
  0.00568888  0.00000000    0.08925783  0.00000000    0.00000000 -0.00039182
  0.00000000 -0.00193852    0.00000000  0.00039182    0.01986060 -0.00000000

     Diagonalizing the dynamical matrix

     q = (    0.126772276   0.380316829   0.000000000 ) 

 **************************************************************************
     freq (    1) =       0.715234 [THz] =      23.857641 [cm-1]
 (  0.186544  0.450358 -0.074848 -0.180699  0.437381 -0.181169 ) 
 (  0.000000 -0.487464 -0.000000  0.195587  0.473418  0.000000 ) 
     freq (    2) =       1.343597 [THz] =      44.817566 [cm-1]
 (  0.010335  0.024951 -0.038517 -0.092987 -0.646148  0.267643 ) 
 ( -0.000000  0.027007 -0.000000 -0.100649  0.699386  0.000000 ) 
     freq (    3) =       1.399306 [THz] =      46.675810 [cm-1]
 ( -0.195446 -0.471849 -0.051867 -0.125217  0.434115 -0.179816 ) 
 (  0.000000  0.510725  0.000000  0.135534  0.469883  0.000000 ) 
     freq (    4) =       2.735098 [THz] =      91.233058 [cm-1]
 (  0.015012  0.036243  0.254815  0.615179  0.216837 -0.089817 ) 
 ( -0.000000 -0.039229  0.000000 -0.665865  0.234702  0.000000 ) 
     freq (    5) =       3.643345 [THz] =     121.528907 [cm-1]
 ( -0.040214 -0.097084  0.264641  0.638901 -0.095693  0.039637 ) 
 (  0.000000 -0.105083 -0.000000  0.691541  0.103577  0.000000 ) 
     freq (    6) =       4.082400 [THz] =     136.174213 [cm-1]
 ( -0.267394 -0.645545 -0.041288 -0.099679 -0.010583  0.004384 ) 
 (  0.000000 -0.698733  0.000000 -0.107892  0.011455  0.000000 ) 
 **************************************************************************
