Dynamical matrix file
                                                                           
  1    2  0 11.2374640  0.0000000  0.0000000  0.0000000  0.0000000  0.0000000
Basis vectors
      0.986020000   -0.000000000   -0.000000000
     -0.000000000    0.986020000   -0.000000000
      0.493010000    0.493010000    0.265859000
           1  'Sn  '    108197.54598352207     
    1    1      0.9860200000      1.2325250000      0.1993942500
    2    1      0.4930100000      0.2465050000      0.0664647500

     Dynamical  Matrix in cartesian axes

     q = (    0.253544553   0.380316829  -1.175435099 ) 

    1    1
  0.08093205  0.00000000   -0.00114091 -0.00187453   -0.00854841  0.00264113
 -0.00114091  0.00187453    0.07949012  0.00000000   -0.00669017 -0.00097572
 -0.00854841 -0.00264113   -0.00669017  0.00097572    0.09143135  0.00000000
    1    2
  0.03015377 -0.00426506   -0.00423661  0.00508098   -0.00275139 -0.01758674
 -0.00423661  0.00508098   -0.00739389 -0.00796492    0.01781969 -0.00840567
 -0.00275139 -0.01758674    0.01781969 -0.00840567   -0.00269874  0.00306665
    2    1
  0.03015377  0.00426506   -0.00423661 -0.00508098   -0.00275139  0.01758674
 -0.00423661 -0.00508098   -0.00739389  0.00796492    0.01781969  0.00840567
 -0.00275139  0.01758674    0.01781969  0.00840567   -0.00269874 -0.00306665
    2    2
  0.08093205  0.00000000   -0.00114091  0.00187453   -0.00854841 -0.00264113
 -0.00114091 -0.00187453    0.07949012  0.00000000   -0.00669017  0.00097572
 -0.00854841  0.00264113   -0.00669017 -0.00097572    0.09143135 -0.00000000

     Dynamical  Matrix in cartesian axes

     q = (    0.380316829   0.253544553  -1.175435099 ) 

    1    1
  0.07949012  0.00000000   -0.00114091 -0.00187453   -0.00669017  0.00097572
 -0.00114091  0.00187453    0.08093205  0.00000000   -0.00854841 -0.00264113
 -0.00669017 -0.00097572   -0.00854841  0.00264113    0.09143135 -0.00000000
    1    2
  0.01086032 -0.00040377   -0.00059706  0.00658853   -0.00665672 -0.01854413
 -0.00059706  0.00658853   -0.01830609 -0.02433779    0.01438123 -0.01049017
 -0.00665672 -0.01854413    0.01438123 -0.01049017   -0.00026015  0.00407675
    2    1
  0.01086032  0.00040377   -0.00059706 -0.00658853   -0.00665672  0.01854413
 -0.00059706 -0.00658853   -0.01830609  0.02433779    0.01438123  0.01049017
 -0.00665672  0.01854413    0.01438123  0.01049017   -0.00026015 -0.00407675
    2    2
  0.07949012  0.00000000   -0.00114091  0.00187453   -0.00669017 -0.00097572
 -0.00114091 -0.00187453    0.08093205  0.00000000   -0.00854841  0.00264113
 -0.00669017  0.00097572   -0.00854841 -0.00264113    0.09143135  0.00000000

     Dynamical  Matrix in cartesian axes

     q = (   -0.253544553  -0.380316829  -1.175435099 ) 

    1    1
  0.08093205  0.00000000   -0.00114091 -0.00187453    0.00854841 -0.00264113
 -0.00114091  0.00187453    0.07949012  0.00000000    0.00669017  0.00097572
  0.00854841  0.00264113    0.00669017 -0.00097572    0.09143135  0.00000000
    1    2
  0.03015377 -0.00426506   -0.00423661  0.00508098    0.00275139  0.01758674
 -0.00423661  0.00508098   -0.00739389 -0.00796492   -0.01781969  0.00840567
  0.00275139  0.01758674   -0.01781969  0.00840567   -0.00269874  0.00306665
    2    1
  0.03015377  0.00426506   -0.00423661 -0.00508098    0.00275139 -0.01758674
 -0.00423661 -0.00508098   -0.00739389  0.00796492   -0.01781969 -0.00840567
  0.00275139 -0.01758674   -0.01781969 -0.00840567   -0.00269874 -0.00306665
    2    2
  0.08093205  0.00000000   -0.00114091  0.00187453    0.00854841  0.00264113
 -0.00114091 -0.00187453    0.07949012  0.00000000    0.00669017 -0.00097572
  0.00854841 -0.00264113    0.00669017  0.00097572    0.09143135 -0.00000000

     Dynamical  Matrix in cartesian axes

     q = (   -0.380316829  -0.253544553  -1.175435099 ) 

    1    1
  0.07949012  0.00000000   -0.00114091 -0.00187453    0.00669017 -0.00097572
 -0.00114091  0.00187453    0.08093205  0.00000000    0.00854841  0.00264113
  0.00669017  0.00097572    0.00854841 -0.00264113    0.09143135 -0.00000000
    1    2
  0.00796492  0.00739389   -0.00508098  0.00423661   -0.00840567  0.01781969
 -0.00508098  0.00423661    0.00426506 -0.03015377   -0.01758674 -0.00275139
 -0.00840567  0.01781969   -0.01758674 -0.00275139   -0.00306665  0.00269874
    2    1
  0.00796492 -0.00739389   -0.00508098 -0.00423661   -0.00840567 -0.01781969
 -0.00508098 -0.00423661    0.00426506  0.03015377   -0.01758674  0.00275139
 -0.00840567 -0.01781969   -0.01758674  0.00275139   -0.00306665 -0.00269874
    2    2
  0.07949012  0.00000000   -0.00114091  0.00187453    0.00669017  0.00097572
 -0.00114091 -0.00187453    0.08093205  0.00000000    0.00854841 -0.00264113
  0.00669017 -0.00097572    0.00854841  0.00264113    0.09143135  0.00000000

     Dynamical  Matrix in cartesian axes

     q = (   -0.253544553   0.380316829   1.175435099 ) 

    1    1
  0.08093205  0.00000000    0.00114091 -0.00187453   -0.00854841 -0.00264113
  0.00114091  0.00187453    0.07949012  0.00000000    0.00669017 -0.00097572
 -0.00854841  0.00264113    0.00669017  0.00097572    0.09143135 -0.00000000
    1    2
  0.00426506 -0.03015377    0.00508098 -0.00423661    0.01758674  0.00275139
  0.00508098 -0.00423661    0.00796492  0.00739389   -0.00840567  0.01781969
  0.01758674  0.00275139   -0.00840567  0.01781969   -0.00306665  0.00269874
    2    1
  0.00426506  0.03015377    0.00508098  0.00423661    0.01758674 -0.00275139
  0.00508098  0.00423661    0.00796492 -0.00739389   -0.00840567 -0.01781969
  0.01758674 -0.00275139   -0.00840567 -0.01781969   -0.00306665 -0.00269874
    2    2
  0.08093205  0.00000000    0.00114091  0.00187453   -0.00854841  0.00264113
  0.00114091 -0.00187453    0.07949012  0.00000000    0.00669017  0.00097572
 -0.00854841 -0.00264113    0.00669017 -0.00097572    0.09143135  0.00000000

     Dynamical  Matrix in cartesian axes

     q = (    0.253544553  -0.380316829   1.175435099 ) 

    1    1
  0.08093205  0.00000000    0.00114091 -0.00187453    0.00854841  0.00264113
  0.00114091  0.00187453    0.07949012  0.00000000   -0.00669017  0.00097572
  0.00854841 -0.00264113   -0.00669017 -0.00097572    0.09143135 -0.00000000
    1    2
 -0.00426506  0.03015377   -0.00508098  0.00423661    0.01758674  0.00275139
 -0.00508098  0.00423661   -0.00796492 -0.00739389   -0.00840567  0.01781969
  0.01758674  0.00275139   -0.00840567  0.01781969    0.00306665 -0.00269874
    2    1
 -0.00426506 -0.03015377   -0.00508098 -0.00423661    0.01758674 -0.00275139
 -0.00508098 -0.00423661   -0.00796492  0.00739389   -0.00840567 -0.01781969
  0.01758674 -0.00275139   -0.00840567 -0.01781969    0.00306665  0.00269874
    2    2
  0.08093205  0.00000000    0.00114091  0.00187453    0.00854841 -0.00264113
  0.00114091 -0.00187453    0.07949012  0.00000000   -0.00669017 -0.00097572
  0.00854841  0.00264113   -0.00669017  0.00097572    0.09143135  0.00000000

     Dynamical  Matrix in cartesian axes

     q = (   -0.380316829   0.253544553   1.175435099 ) 

    1    1
  0.07949012  0.00000000    0.00114091 -0.00187453   -0.00669017 -0.00097572
  0.00114091  0.00187453    0.08093205  0.00000000    0.00854841 -0.00264113
 -0.00669017  0.00097572    0.00854841  0.00264113    0.09143135  0.00000000
    1    2
 -0.01086032 -0.00040377   -0.00059706 -0.00658853    0.00665672 -0.01854413
 -0.00059706 -0.00658853    0.01830609 -0.02433779    0.01438123  0.01049017
  0.00665672 -0.01854413    0.01438123  0.01049017    0.00026015  0.00407675
    2    1
 -0.01086032  0.00040377   -0.00059706  0.00658853    0.00665672  0.01854413
 -0.00059706  0.00658853    0.01830609  0.02433779    0.01438123 -0.01049017
  0.00665672  0.01854413    0.01438123 -0.01049017    0.00026015 -0.00407675
    2    2
  0.07949012  0.00000000    0.00114091  0.00187453   -0.00669017  0.00097572
  0.00114091 -0.00187453    0.08093205  0.00000000    0.00854841  0.00264113
 -0.00669017 -0.00097572    0.00854841 -0.00264113    0.09143135 -0.00000000

     Dynamical  Matrix in cartesian axes

     q = (    0.380316829  -0.253544553   1.175435099 ) 

    1    1
  0.07949012  0.00000000    0.00114091 -0.00187453    0.00669017  0.00097572
  0.00114091  0.00187453    0.08093205  0.00000000   -0.00854841  0.00264113
  0.00669017 -0.00097572   -0.00854841 -0.00264113    0.09143135  0.00000000
    1    2
 -0.00796492  0.00739389   -0.00508098 -0.00423661    0.00840567  0.01781969
 -0.00508098 -0.00423661   -0.00426506 -0.03015377   -0.01758674  0.00275139
  0.00840567  0.01781969   -0.01758674  0.00275139    0.00306665  0.00269874
    2    1
 -0.00796492 -0.00739389   -0.00508098  0.00423661    0.00840567 -0.01781969
 -0.00508098  0.00423661   -0.00426506  0.03015377   -0.01758674 -0.00275139
  0.00840567 -0.01781969   -0.01758674 -0.00275139    0.00306665 -0.00269874
    2    2
  0.07949012  0.00000000    0.00114091  0.00187453    0.00669017 -0.00097572
  0.00114091 -0.00187453    0.08093205  0.00000000   -0.00854841 -0.00264113
  0.00669017  0.00097572   -0.00854841  0.00264113    0.09143135 -0.00000000

     Dynamical  Matrix in cartesian axes

     q = (    0.253544553  -0.380316829  -1.175435099 ) 

    1    1
  0.08093205  0.00000000    0.00114091  0.00187453   -0.00854841  0.00264113
  0.00114091 -0.00187453    0.07949012  0.00000000    0.00669017  0.00097572
 -0.00854841 -0.00264113    0.00669017 -0.00097572    0.09143135  0.00000000
    1    2
  0.00426506  0.03015377    0.00508098  0.00423661    0.01758674 -0.00275139
  0.00508098  0.00423661    0.00796492 -0.00739389   -0.00840567 -0.01781969
  0.01758674 -0.00275139   -0.00840567 -0.01781969   -0.00306665 -0.00269874
    2    1
  0.00426506 -0.03015377    0.00508098 -0.00423661    0.01758674  0.00275139
  0.00508098 -0.00423661    0.00796492  0.00739389   -0.00840567  0.01781969
  0.01758674  0.00275139   -0.00840567  0.01781969   -0.00306665  0.00269874
    2    2
  0.08093205  0.00000000    0.00114091 -0.00187453   -0.00854841 -0.00264113
  0.00114091  0.00187453    0.07949012  0.00000000    0.00669017 -0.00097572
 -0.00854841  0.00264113    0.00669017  0.00097572    0.09143135 -0.00000000

     Dynamical  Matrix in cartesian axes

     q = (    0.380316829  -0.253544553  -1.175435099 ) 

    1    1
  0.07949012  0.00000000    0.00114091  0.00187453   -0.00669017  0.00097572
  0.00114091 -0.00187453    0.08093205  0.00000000    0.00854841  0.00264113
 -0.00669017 -0.00097572    0.00854841 -0.00264113    0.09143135 -0.00000000
    1    2
 -0.01086032  0.00040377   -0.00059706  0.00658853    0.00665672  0.01854413
 -0.00059706  0.00658853    0.01830609  0.02433779    0.01438123 -0.01049017
  0.00665672  0.01854413    0.01438123 -0.01049017    0.00026015 -0.00407675
    2    1
 -0.01086032 -0.00040377   -0.00059706 -0.00658853    0.00665672 -0.01854413
 -0.00059706 -0.00658853    0.01830609 -0.02433779    0.01438123  0.01049017
  0.00665672 -0.01854413    0.01438123  0.01049017    0.00026015  0.00407675
    2    2
  0.07949012  0.00000000    0.00114091 -0.00187453   -0.00669017 -0.00097572
  0.00114091  0.00187453    0.08093205  0.00000000    0.00854841 -0.00264113
 -0.00669017  0.00097572    0.00854841  0.00264113    0.09143135  0.00000000

     Dynamical  Matrix in cartesian axes

     q = (    0.380316829   0.253544553   1.175435099 ) 

    1    1
  0.07949012  0.00000000   -0.00114091  0.00187453    0.00669017  0.00097572
 -0.00114091 -0.00187453    0.08093205  0.00000000    0.00854841 -0.00264113
  0.00669017 -0.00097572    0.00854841  0.00264113    0.09143135  0.00000000
    1    2
  0.00796492 -0.00739389   -0.00508098 -0.00423661   -0.00840567 -0.01781969
 -0.00508098 -0.00423661    0.00426506  0.03015377   -0.01758674  0.00275139
 -0.00840567 -0.01781969   -0.01758674  0.00275139   -0.00306665 -0.00269874
    2    1
  0.00796492  0.00739389   -0.00508098  0.00423661   -0.00840567  0.01781969
 -0.00508098  0.00423661    0.00426506 -0.03015377   -0.01758674 -0.00275139
 -0.00840567  0.01781969   -0.01758674 -0.00275139   -0.00306665  0.00269874
    2    2
  0.07949012  0.00000000   -0.00114091 -0.00187453    0.00669017 -0.00097572
 -0.00114091  0.00187453    0.08093205  0.00000000    0.00854841  0.00264113
  0.00669017  0.00097572    0.00854841 -0.00264113    0.09143135 -0.00000000

     Dynamical  Matrix in cartesian axes

     q = (   -0.253544553   0.380316829  -1.175435099 ) 

    1    1
  0.08093205  0.00000000    0.00114091  0.00187453    0.00854841 -0.00264113
  0.00114091 -0.00187453    0.07949012  0.00000000   -0.00669017 -0.00097572
  0.00854841  0.00264113   -0.00669017  0.00097572    0.09143135  0.00000000
    1    2
 -0.00426506 -0.03015377   -0.00508098 -0.00423661    0.01758674 -0.00275139
 -0.00508098 -0.00423661   -0.00796492  0.00739389   -0.00840567 -0.01781969
  0.01758674 -0.00275139   -0.00840567 -0.01781969    0.00306665  0.00269874
    2    1
 -0.00426506  0.03015377   -0.00508098  0.00423661    0.01758674  0.00275139
 -0.00508098  0.00423661   -0.00796492 -0.00739389   -0.00840567  0.01781969
  0.01758674  0.00275139   -0.00840567  0.01781969    0.00306665 -0.00269874
    2    2
  0.08093205  0.00000000    0.00114091 -0.00187453    0.00854841  0.00264113
  0.00114091  0.00187453    0.07949012  0.00000000   -0.00669017  0.00097572
  0.00854841 -0.00264113   -0.00669017 -0.00097572    0.09143135 -0.00000000

     Dynamical  Matrix in cartesian axes

     q = (   -0.380316829   0.253544553  -1.175435099 ) 

    1    1
  0.07949012  0.00000000    0.00114091  0.00187453    0.00669017 -0.00097572
  0.00114091 -0.00187453    0.08093205  0.00000000   -0.00854841 -0.00264113
  0.00669017  0.00097572   -0.00854841  0.00264113    0.09143135 -0.00000000
    1    2
 -0.00796492 -0.00739389   -0.00508098  0.00423661    0.00840567 -0.01781969
 -0.00508098  0.00423661   -0.00426506  0.03015377   -0.01758674 -0.00275139
  0.00840567 -0.01781969   -0.01758674 -0.00275139    0.00306665 -0.00269874
    2    1
 -0.00796492  0.00739389   -0.00508098 -0.00423661    0.00840567  0.01781969
 -0.00508098 -0.00423661   -0.00426506 -0.03015377   -0.01758674  0.00275139
  0.00840567  0.01781969   -0.01758674  0.00275139    0.00306665  0.00269874
    2    2
  0.07949012  0.00000000    0.00114091 -0.00187453    0.00669017  0.00097572
  0.00114091  0.00187453    0.08093205  0.00000000   -0.00854841  0.00264113
  0.00669017 -0.00097572   -0.00854841 -0.00264113    0.09143135  0.00000000

     Dynamical  Matrix in cartesian axes

     q = (    0.253544553   0.380316829   1.175435099 ) 

    1    1
  0.08093205  0.00000000   -0.00114091  0.00187453    0.00854841  0.00264113
 -0.00114091 -0.00187453    0.07949012  0.00000000    0.00669017 -0.00097572
  0.00854841 -0.00264113    0.00669017  0.00097572    0.09143135 -0.00000000
    1    2
  0.03015377  0.00426506   -0.00423661 -0.00508098    0.00275139 -0.01758674
 -0.00423661 -0.00508098   -0.00739389  0.00796492   -0.01781969 -0.00840567
  0.00275139 -0.01758674   -0.01781969 -0.00840567   -0.00269874 -0.00306665
    2    1
  0.03015377 -0.00426506   -0.00423661  0.00508098    0.00275139  0.01758674
 -0.00423661  0.00508098   -0.00739389 -0.00796492   -0.01781969  0.00840567
  0.00275139  0.01758674   -0.01781969  0.00840567   -0.00269874  0.00306665
    2    2
  0.08093205  0.00000000   -0.00114091 -0.00187453    0.00854841 -0.00264113
 -0.00114091  0.00187453    0.07949012  0.00000000    0.00669017  0.00097572
  0.00854841  0.00264113    0.00669017 -0.00097572    0.09143135  0.00000000

     Dynamical  Matrix in cartesian axes

     q = (   -0.253544553  -0.380316829   1.175435099 ) 

    1    1
  0.08093205  0.00000000   -0.00114091  0.00187453   -0.00854841 -0.00264113
 -0.00114091 -0.00187453    0.07949012  0.00000000   -0.00669017  0.00097572
 -0.00854841  0.00264113   -0.00669017 -0.00097572    0.09143135 -0.00000000
    1    2
  0.03015377  0.00426506   -0.00423661 -0.00508098   -0.00275139  0.01758674
 -0.00423661 -0.00508098   -0.00739389  0.00796492    0.01781969  0.00840567
 -0.00275139  0.01758674    0.01781969  0.00840567   -0.00269874 -0.00306665
    2    1
  0.03015377 -0.00426506   -0.00423661  0.00508098   -0.00275139 -0.01758674
 -0.00423661  0.00508098   -0.00739389 -0.00796492    0.01781969 -0.00840567
 -0.00275139 -0.01758674    0.01781969 -0.00840567   -0.00269874  0.00306665
    2    2
  0.08093205  0.00000000   -0.00114091 -0.00187453   -0.00854841  0.00264113
 -0.00114091  0.00187453    0.07949012  0.00000000   -0.00669017 -0.00097572
 -0.00854841 -0.00264113   -0.00669017  0.00097572    0.09143135  0.00000000

     Dynamical  Matrix in cartesian axes

     q = (   -0.380316829  -0.253544553   1.175435099 ) 

    1    1
  0.07949012  0.00000000   -0.00114091  0.00187453   -0.00669017 -0.00097572
 -0.00114091 -0.00187453    0.08093205  0.00000000   -0.00854841  0.00264113
 -0.00669017  0.00097572   -0.00854841 -0.00264113    0.09143135  0.00000000
    1    2
  0.01086032  0.00040377   -0.00059706 -0.00658853   -0.00665672  0.01854413
 -0.00059706 -0.00658853   -0.01830609  0.02433779    0.01438123  0.01049017
 -0.00665672  0.01854413    0.01438123  0.01049017   -0.00026015 -0.00407675
    2    1
  0.01086032 -0.00040377   -0.00059706  0.00658853   -0.00665672 -0.01854413
 -0.00059706  0.00658853   -0.01830609 -0.02433779    0.01438123 -0.01049017
 -0.00665672 -0.01854413    0.01438123 -0.01049017   -0.00026015  0.00407675
    2    2
  0.07949012  0.00000000   -0.00114091 -0.00187453   -0.00669017  0.00097572
 -0.00114091  0.00187453    0.08093205  0.00000000   -0.00854841 -0.00264113
 -0.00669017 -0.00097572   -0.00854841  0.00264113    0.09143135 -0.00000000

     Diagonalizing the dynamical matrix

     q = (    0.253544553   0.380316829  -1.175435099 ) 

 **************************************************************************
     freq (    1) =       2.068010 [THz] =      68.981388 [cm-1]
 ( -0.110607  0.631386 -0.122153 -0.018603  0.216741  0.163932 ) 
 (  0.292659 -0.570292 -0.108647 -0.058850  0.271754  0.000000 ) 
     freq (    2) =       2.358832 [THz] =      78.682160 [cm-1]
 (  0.011381 -0.132887  0.406025 -0.399064  0.394853  0.046847 ) 
 (  0.004355 -0.133303 -0.356180 -0.444122 -0.397622  0.000000 ) 
     freq (    3) =       2.742526 [THz] =      91.480834 [cm-1]
 ( -0.140934  0.208496  0.552362 -0.090395 -0.199654 -0.289017 ) 
 (  0.091441 -0.234460  0.239574  0.505845 -0.351273  0.000000 ) 
     freq (    4) =       3.089297 [THz] =     103.047844 [cm-1]
 (  0.474379 -0.126647  0.178052 -0.315593  0.347585  0.082511 ) 
 (  0.432302  0.232788  0.100347  0.348184  0.357244  0.000000 ) 
     freq (    5) =       3.106780 [THz] =     103.631014 [cm-1]
 ( -0.185033  0.143212  0.345915 -0.058821  0.012887 -0.567424 ) 
 ( -0.147377  0.181734  0.066661 -0.344491  0.567570  0.000000 ) 
     freq (    6) =       3.718609 [THz] =     124.039450 [cm-1]
 ( -0.179793 -0.424086  0.291596 -0.088898 -0.234485  0.374048 ) 
 ( -0.263823 -0.377586 -0.230201  0.199845  0.441469 -0.000000 ) 
 **************************************************************************
