Dynamical matrix file
                                                                           
  1    2  0 11.2374640  0.0000000  0.0000000  0.0000000  0.0000000  0.0000000
Basis vectors
      0.986020000   -0.000000000   -0.000000000
     -0.000000000    0.986020000   -0.000000000
      0.493010000    0.493010000    0.265859000
           1  'Sn  '    108197.54598352207     
    1    1      0.9860200000      1.2325250000      0.1993942500
    2    1      0.4930100000      0.2465050000      0.0664647500

     Dynamical  Matrix in cartesian axes

     q = (    0.253544553   0.380316829  -0.235087020 ) 

    1    1
  0.08673593  0.00000000    0.00246803 -0.00180424   -0.00281993 -0.00142961
  0.00246803  0.00180424    0.09584766  0.00000000   -0.00211617  0.00151058
 -0.00281993  0.00142961   -0.00211617 -0.00151058    0.03175317  0.00000000
    1    2
  0.05081425 -0.00188826   -0.00257698  0.00097226    0.00337027 -0.01450922
 -0.00257698  0.00097226    0.03036492 -0.00957110    0.01254711  0.01600585
  0.00337027 -0.01450922    0.01254711  0.01600585    0.00289959 -0.00229811
    2    1
  0.05081425  0.00188826   -0.00257698 -0.00097226    0.00337027  0.01450922
 -0.00257698 -0.00097226    0.03036492  0.00957110    0.01254711 -0.01600585
  0.00337027  0.01450922    0.01254711 -0.01600585    0.00289959  0.00229811
    2    2
  0.08673593  0.00000000    0.00246803  0.00180424   -0.00281993  0.00142961
  0.00246803 -0.00180424    0.09584766  0.00000000   -0.00211617 -0.00151058
 -0.00281993 -0.00142961   -0.00211617  0.00151058    0.03175317 -0.00000000

     Dynamical  Matrix in cartesian axes

     q = (    0.380316829   0.253544553  -0.235087020 ) 

    1    1
  0.09584766  0.00000000    0.00246803 -0.00180424   -0.00211617 -0.00151058
  0.00246803  0.00180424    0.08673593  0.00000000   -0.00281993  0.00142961
 -0.00211617  0.00151058   -0.00281993 -0.00142961    0.03175317 -0.00000000
    1    2
  0.02823903 -0.01470345   -0.00250969  0.00113470   -0.00244569 -0.02018999
 -0.00250969  0.00113470    0.03726630 -0.03459590    0.01264271  0.00787642
 -0.00244569 -0.02018999    0.01264271  0.00787642    0.00367533 -0.00042531
    2    1
  0.02823903  0.01470345   -0.00250969 -0.00113470   -0.00244569  0.02018999
 -0.00250969 -0.00113470    0.03726630  0.03459590    0.01264271 -0.00787642
 -0.00244569  0.02018999    0.01264271 -0.00787642    0.00367533  0.00042531
    2    2
  0.09584766  0.00000000    0.00246803  0.00180424   -0.00211617  0.00151058
  0.00246803 -0.00180424    0.08673593  0.00000000   -0.00281993 -0.00142961
 -0.00211617 -0.00151058   -0.00281993  0.00142961    0.03175317  0.00000000

     Dynamical  Matrix in cartesian axes

     q = (   -0.253544553  -0.380316829  -0.235087020 ) 

    1    1
  0.08673593  0.00000000    0.00246803 -0.00180424    0.00281993  0.00142961
  0.00246803  0.00180424    0.09584766  0.00000000    0.00211617 -0.00151058
  0.00281993 -0.00142961    0.00211617  0.00151058    0.03175317  0.00000000
    1    2
  0.05081425 -0.00188826   -0.00257698  0.00097226   -0.00337027  0.01450922
 -0.00257698  0.00097226    0.03036492 -0.00957110   -0.01254711 -0.01600585
 -0.00337027  0.01450922   -0.01254711 -0.01600585    0.00289959 -0.00229811
    2    1
  0.05081425  0.00188826   -0.00257698 -0.00097226   -0.00337027 -0.01450922
 -0.00257698 -0.00097226    0.03036492  0.00957110   -0.01254711  0.01600585
 -0.00337027 -0.01450922   -0.01254711  0.01600585    0.00289959  0.00229811
    2    2
  0.08673593  0.00000000    0.00246803  0.00180424    0.00281993 -0.00142961
  0.00246803 -0.00180424    0.09584766  0.00000000    0.00211617  0.00151058
  0.00281993  0.00142961    0.00211617 -0.00151058    0.03175317 -0.00000000

     Dynamical  Matrix in cartesian axes

     q = (   -0.380316829  -0.253544553  -0.235087020 ) 

    1    1
  0.09584766  0.00000000    0.00246803 -0.00180424    0.00211617  0.00151058
  0.00246803  0.00180424    0.08673593  0.00000000    0.00281993 -0.00142961
  0.00211617 -0.00151058    0.00281993  0.00142961    0.03175317 -0.00000000
    1    2
  0.03036492  0.00957110   -0.00257698 -0.00097226   -0.01254711  0.01600585
 -0.00257698 -0.00097226    0.05081425  0.00188826   -0.00337027 -0.01450922
 -0.01254711  0.01600585   -0.00337027 -0.01450922    0.00289959  0.00229811
    2    1
  0.03036492 -0.00957110   -0.00257698  0.00097226   -0.01254711 -0.01600585
 -0.00257698  0.00097226    0.05081425 -0.00188826   -0.00337027  0.01450922
 -0.01254711 -0.01600585   -0.00337027  0.01450922    0.00289959 -0.00229811
    2    2
  0.09584766  0.00000000    0.00246803  0.00180424    0.00211617 -0.00151058
  0.00246803 -0.00180424    0.08673593  0.00000000    0.00281993  0.00142961
  0.00211617  0.00151058    0.00281993 -0.00142961    0.03175317  0.00000000

     Dynamical  Matrix in cartesian axes

     q = (   -0.253544553   0.380316829   0.235087020 ) 

    1    1
  0.08673593  0.00000000   -0.00246803 -0.00180424   -0.00281993  0.00142961
 -0.00246803  0.00180424    0.09584766  0.00000000    0.00211617  0.00151058
 -0.00281993 -0.00142961    0.00211617 -0.00151058    0.03175317 -0.00000000
    1    2
  0.00188826 -0.05081425    0.00097226 -0.00257698    0.01450922 -0.00337027
  0.00097226 -0.00257698    0.00957110 -0.03036492    0.01600585  0.01254711
  0.01450922 -0.00337027    0.01600585  0.01254711    0.00229811 -0.00289959
    2    1
  0.00188826  0.05081425    0.00097226  0.00257698    0.01450922  0.00337027
  0.00097226  0.00257698    0.00957110  0.03036492    0.01600585 -0.01254711
  0.01450922  0.00337027    0.01600585 -0.01254711    0.00229811  0.00289959
    2    2
  0.08673593  0.00000000   -0.00246803  0.00180424   -0.00281993 -0.00142961
 -0.00246803 -0.00180424    0.09584766  0.00000000    0.00211617 -0.00151058
 -0.00281993  0.00142961    0.00211617  0.00151058    0.03175317  0.00000000

     Dynamical  Matrix in cartesian axes

     q = (    0.253544553  -0.380316829   0.235087020 ) 

    1    1
  0.08673593  0.00000000   -0.00246803 -0.00180424    0.00281993 -0.00142961
 -0.00246803  0.00180424    0.09584766  0.00000000   -0.00211617 -0.00151058
  0.00281993  0.00142961   -0.00211617  0.00151058    0.03175317 -0.00000000
    1    2
 -0.00188826  0.05081425   -0.00097226  0.00257698    0.01450922 -0.00337027
 -0.00097226  0.00257698   -0.00957110  0.03036492    0.01600585  0.01254711
  0.01450922 -0.00337027    0.01600585  0.01254711   -0.00229811  0.00289959
    2    1
 -0.00188826 -0.05081425   -0.00097226 -0.00257698    0.01450922  0.00337027
 -0.00097226 -0.00257698   -0.00957110 -0.03036492    0.01600585 -0.01254711
  0.01450922  0.00337027    0.01600585 -0.01254711   -0.00229811 -0.00289959
    2    2
  0.08673593  0.00000000   -0.00246803  0.00180424    0.00281993  0.00142961
 -0.00246803 -0.00180424    0.09584766  0.00000000   -0.00211617  0.00151058
  0.00281993 -0.00142961   -0.00211617 -0.00151058    0.03175317  0.00000000

     Dynamical  Matrix in cartesian axes

     q = (   -0.380316829   0.253544553   0.235087020 ) 

    1    1
  0.09584766  0.00000000   -0.00246803 -0.00180424   -0.00211617  0.00151058
 -0.00246803  0.00180424    0.08673593  0.00000000    0.00281993  0.00142961
 -0.00211617 -0.00151058    0.00281993 -0.00142961    0.03175317  0.00000000
    1    2
 -0.02823903 -0.01470345   -0.00250969 -0.00113470    0.00244569 -0.02018999
 -0.00250969 -0.00113470   -0.03726630 -0.03459590    0.01264271 -0.00787642
  0.00244569 -0.02018999    0.01264271 -0.00787642   -0.00367533 -0.00042531
    2    1
 -0.02823903  0.01470345   -0.00250969  0.00113470    0.00244569  0.02018999
 -0.00250969  0.00113470   -0.03726630  0.03459590    0.01264271  0.00787642
  0.00244569  0.02018999    0.01264271  0.00787642   -0.00367533  0.00042531
    2    2
  0.09584766  0.00000000   -0.00246803  0.00180424   -0.00211617 -0.00151058
 -0.00246803 -0.00180424    0.08673593  0.00000000    0.00281993 -0.00142961
 -0.00211617  0.00151058    0.00281993  0.00142961    0.03175317 -0.00000000

     Dynamical  Matrix in cartesian axes

     q = (    0.380316829  -0.253544553   0.235087020 ) 

    1    1
  0.09584766  0.00000000   -0.00246803 -0.00180424    0.00211617 -0.00151058
 -0.00246803  0.00180424    0.08673593  0.00000000   -0.00281993 -0.00142961
  0.00211617  0.00151058   -0.00281993  0.00142961    0.03175317 -0.00000000
    1    2
 -0.03036492  0.00957110   -0.00257698  0.00097226    0.01254711  0.01600585
 -0.00257698  0.00097226   -0.05081425  0.00188826   -0.00337027  0.01450922
  0.01254711  0.01600585   -0.00337027  0.01450922   -0.00289959  0.00229811
    2    1
 -0.03036492 -0.00957110   -0.00257698 -0.00097226    0.01254711 -0.01600585
 -0.00257698 -0.00097226   -0.05081425 -0.00188826   -0.00337027 -0.01450922
  0.01254711 -0.01600585   -0.00337027 -0.01450922   -0.00289959 -0.00229811
    2    2
  0.09584766  0.00000000   -0.00246803  0.00180424    0.00211617  0.00151058
 -0.00246803 -0.00180424    0.08673593  0.00000000   -0.00281993  0.00142961
  0.00211617 -0.00151058   -0.00281993 -0.00142961    0.03175317  0.00000000

     Dynamical  Matrix in cartesian axes

     q = (    0.253544553  -0.380316829  -0.235087020 ) 

    1    1
  0.08673593  0.00000000   -0.00246803  0.00180424   -0.00281993 -0.00142961
 -0.00246803 -0.00180424    0.09584766  0.00000000    0.00211617 -0.00151058
 -0.00281993  0.00142961    0.00211617  0.00151058    0.03175317  0.00000000
    1    2
  0.00188826  0.05081425    0.00097226  0.00257698    0.01450922  0.00337027
  0.00097226  0.00257698    0.00957110  0.03036492    0.01600585 -0.01254711
  0.01450922  0.00337027    0.01600585 -0.01254711    0.00229811  0.00289959
    2    1
  0.00188826 -0.05081425    0.00097226 -0.00257698    0.01450922 -0.00337027
  0.00097226 -0.00257698    0.00957110 -0.03036492    0.01600585  0.01254711
  0.01450922 -0.00337027    0.01600585  0.01254711    0.00229811 -0.00289959
    2    2
  0.08673593  0.00000000   -0.00246803 -0.00180424   -0.00281993  0.00142961
 -0.00246803  0.00180424    0.09584766  0.00000000    0.00211617  0.00151058
 -0.00281993 -0.00142961    0.00211617 -0.00151058    0.03175317 -0.00000000

     Dynamical  Matrix in cartesian axes

     q = (    0.380316829  -0.253544553  -0.235087020 ) 

    1    1
  0.09584766  0.00000000   -0.00246803  0.00180424   -0.00211617 -0.00151058
 -0.00246803 -0.00180424    0.08673593  0.00000000    0.00281993 -0.00142961
 -0.00211617  0.00151058    0.00281993  0.00142961    0.03175317 -0.00000000
    1    2
 -0.02823903  0.01470345   -0.00250969  0.00113470    0.00244569  0.02018999
 -0.00250969  0.00113470   -0.03726630  0.03459590    0.01264271  0.00787642
  0.00244569  0.02018999    0.01264271  0.00787642   -0.00367533  0.00042531
    2    1
 -0.02823903 -0.01470345   -0.00250969 -0.00113470    0.00244569 -0.02018999
 -0.00250969 -0.00113470   -0.03726630 -0.03459590    0.01264271 -0.00787642
  0.00244569 -0.02018999    0.01264271 -0.00787642   -0.00367533 -0.00042531
    2    2
  0.09584766  0.00000000   -0.00246803 -0.00180424   -0.00211617  0.00151058
 -0.00246803  0.00180424    0.08673593  0.00000000    0.00281993  0.00142961
 -0.00211617 -0.00151058    0.00281993 -0.00142961    0.03175317  0.00000000

     Dynamical  Matrix in cartesian axes

     q = (    0.380316829   0.253544553   0.235087020 ) 

    1    1
  0.09584766  0.00000000    0.00246803  0.00180424    0.00211617 -0.00151058
  0.00246803 -0.00180424    0.08673593  0.00000000    0.00281993  0.00142961
  0.00211617  0.00151058    0.00281993 -0.00142961    0.03175317  0.00000000
    1    2
  0.03036492 -0.00957110   -0.00257698  0.00097226   -0.01254711 -0.01600585
 -0.00257698  0.00097226    0.05081425 -0.00188826   -0.00337027  0.01450922
 -0.01254711 -0.01600585   -0.00337027  0.01450922    0.00289959 -0.00229811
    2    1
  0.03036492  0.00957110   -0.00257698 -0.00097226   -0.01254711  0.01600585
 -0.00257698 -0.00097226    0.05081425  0.00188826   -0.00337027 -0.01450922
 -0.01254711  0.01600585   -0.00337027 -0.01450922    0.00289959  0.00229811
    2    2
  0.09584766  0.00000000    0.00246803 -0.00180424    0.00211617  0.00151058
  0.00246803  0.00180424    0.08673593  0.00000000    0.00281993 -0.00142961
  0.00211617 -0.00151058    0.00281993  0.00142961    0.03175317 -0.00000000

     Dynamical  Matrix in cartesian axes

     q = (   -0.253544553   0.380316829  -0.235087020 ) 

    1    1
  0.08673593  0.00000000   -0.00246803  0.00180424    0.00281993  0.00142961
 -0.00246803 -0.00180424    0.09584766  0.00000000   -0.00211617  0.00151058
  0.00281993 -0.00142961   -0.00211617 -0.00151058    0.03175317  0.00000000
    1    2
 -0.00188826 -0.05081425   -0.00097226 -0.00257698    0.01450922  0.00337027
 -0.00097226 -0.00257698   -0.00957110 -0.03036492    0.01600585 -0.01254711
  0.01450922  0.00337027    0.01600585 -0.01254711   -0.00229811 -0.00289959
    2    1
 -0.00188826  0.05081425   -0.00097226  0.00257698    0.01450922 -0.00337027
 -0.00097226  0.00257698   -0.00957110  0.03036492    0.01600585  0.01254711
  0.01450922 -0.00337027    0.01600585  0.01254711   -0.00229811  0.00289959
    2    2
  0.08673593  0.00000000   -0.00246803 -0.00180424    0.00281993 -0.00142961
 -0.00246803  0.00180424    0.09584766  0.00000000   -0.00211617 -0.00151058
  0.00281993  0.00142961   -0.00211617  0.00151058    0.03175317 -0.00000000

     Dynamical  Matrix in cartesian axes

     q = (   -0.380316829   0.253544553  -0.235087020 ) 

    1    1
  0.09584766  0.00000000   -0.00246803  0.00180424    0.00211617  0.00151058
 -0.00246803 -0.00180424    0.08673593  0.00000000   -0.00281993  0.00142961
  0.00211617 -0.00151058   -0.00281993 -0.00142961    0.03175317  0.00000000
    1    2
 -0.03036492 -0.00957110   -0.00257698 -0.00097226    0.01254711 -0.01600585
 -0.00257698 -0.00097226   -0.05081425 -0.00188826   -0.00337027 -0.01450922
  0.01254711 -0.01600585   -0.00337027 -0.01450922   -0.00289959 -0.00229811
    2    1
 -0.03036492  0.00957110   -0.00257698  0.00097226    0.01254711  0.01600585
 -0.00257698  0.00097226   -0.05081425  0.00188826   -0.00337027  0.01450922
  0.01254711  0.01600585   -0.00337027  0.01450922   -0.00289959  0.00229811
    2    2
  0.09584766  0.00000000   -0.00246803 -0.00180424    0.00211617 -0.00151058
 -0.00246803  0.00180424    0.08673593  0.00000000   -0.00281993 -0.00142961
  0.00211617  0.00151058   -0.00281993  0.00142961    0.03175317 -0.00000000

     Dynamical  Matrix in cartesian axes

     q = (    0.253544553   0.380316829   0.235087020 ) 

    1    1
  0.08673593  0.00000000    0.00246803  0.00180424    0.00281993 -0.00142961
  0.00246803 -0.00180424    0.09584766  0.00000000    0.00211617  0.00151058
  0.00281993  0.00142961    0.00211617 -0.00151058    0.03175317 -0.00000000
    1    2
  0.05081425  0.00188826   -0.00257698 -0.00097226   -0.00337027 -0.01450922
 -0.00257698 -0.00097226    0.03036492  0.00957110   -0.01254711  0.01600585
 -0.00337027 -0.01450922   -0.01254711  0.01600585    0.00289959  0.00229811
    2    1
  0.05081425 -0.00188826   -0.00257698  0.00097226   -0.00337027  0.01450922
 -0.00257698  0.00097226    0.03036492 -0.00957110   -0.01254711 -0.01600585
 -0.00337027  0.01450922   -0.01254711 -0.01600585    0.00289959 -0.00229811
    2    2
  0.08673593  0.00000000    0.00246803 -0.00180424    0.00281993  0.00142961
  0.00246803  0.00180424    0.09584766  0.00000000    0.00211617 -0.00151058
  0.00281993 -0.00142961    0.00211617  0.00151058    0.03175317  0.00000000

     Dynamical  Matrix in cartesian axes

     q = (   -0.253544553  -0.380316829   0.235087020 ) 

    1    1
  0.08673593  0.00000000    0.00246803  0.00180424   -0.00281993  0.00142961
  0.00246803 -0.00180424    0.09584766  0.00000000   -0.00211617 -0.00151058
 -0.00281993 -0.00142961   -0.00211617  0.00151058    0.03175317 -0.00000000
    1    2
  0.05081425  0.00188826   -0.00257698 -0.00097226    0.00337027  0.01450922
 -0.00257698 -0.00097226    0.03036492  0.00957110    0.01254711 -0.01600585
  0.00337027  0.01450922    0.01254711 -0.01600585    0.00289959  0.00229811
    2    1
  0.05081425 -0.00188826   -0.00257698  0.00097226    0.00337027 -0.01450922
 -0.00257698  0.00097226    0.03036492 -0.00957110    0.01254711  0.01600585
  0.00337027 -0.01450922    0.01254711  0.01600585    0.00289959 -0.00229811
    2    2
  0.08673593  0.00000000    0.00246803 -0.00180424   -0.00281993 -0.00142961
  0.00246803  0.00180424    0.09584766  0.00000000   -0.00211617  0.00151058
 -0.00281993  0.00142961   -0.00211617 -0.00151058    0.03175317  0.00000000

     Dynamical  Matrix in cartesian axes

     q = (   -0.380316829  -0.253544553   0.235087020 ) 

    1    1
  0.09584766  0.00000000    0.00246803  0.00180424   -0.00211617  0.00151058
  0.00246803 -0.00180424    0.08673593  0.00000000   -0.00281993 -0.00142961
 -0.00211617 -0.00151058   -0.00281993  0.00142961    0.03175317  0.00000000
    1    2
  0.02823903  0.01470345   -0.00250969 -0.00113470   -0.00244569  0.02018999
 -0.00250969 -0.00113470    0.03726630  0.03459590    0.01264271 -0.00787642
 -0.00244569  0.02018999    0.01264271 -0.00787642    0.00367533  0.00042531
    2    1
  0.02823903 -0.01470345   -0.00250969  0.00113470   -0.00244569 -0.02018999
 -0.00250969  0.00113470    0.03726630 -0.03459590    0.01264271  0.00787642
 -0.00244569 -0.02018999    0.01264271  0.00787642    0.00367533 -0.00042531
    2    2
  0.09584766  0.00000000    0.00246803 -0.00180424   -0.00211617 -0.00151058
  0.00246803  0.00180424    0.08673593  0.00000000   -0.00281993  0.00142961
 -0.00211617  0.00151058   -0.00281993 -0.00142961    0.03175317 -0.00000000

     Diagonalizing the dynamical matrix

     q = (    0.253544553   0.380316829  -0.235087020 ) 

 **************************************************************************
     freq (    1) =       1.124057 [THz] =      37.494510 [cm-1]
 ( -0.108104  0.412612 -0.020014 -0.193253  0.427441  0.312429 ) 
 (  0.156207 -0.396906 -0.130197  0.144208  0.529450  0.000000 ) 
     freq (    2) =       1.445518 [THz] =      48.217306 [cm-1]
 ( -0.038535  0.059277 -0.233208 -0.106257 -0.585766 -0.293603 ) 
 (  0.007888  0.070260  0.256098  0.009507  0.655229  0.000000 ) 
     freq (    3) =       2.213033 [THz] =      73.818829 [cm-1]
 (  0.229033 -0.514405 -0.039482 -0.165488  0.275091  0.279843 ) 
 ( -0.206282  0.523942 -0.145693  0.087855  0.392412  0.000000 ) 
     freq (    4) =       2.753947 [THz] =      91.861799 [cm-1]
 ( -0.064181  0.013759  0.367993  0.496776  0.194261 -0.275225 ) 
 ( -0.048252  0.044501 -0.193657 -0.587114  0.336877  0.000000 ) 
     freq (    5) =       3.611257 [THz] =     120.458556 [cm-1]
 ( -0.133105 -0.138206 -0.458850 -0.491851  0.035980 -0.097088 ) 
 ( -0.083339 -0.172836 -0.301750 -0.601172 -0.103541  0.000000 ) 
     freq (    6) =       3.742259 [THz] =     124.828329 [cm-1]
 ( -0.004073  0.674429 -0.067245 -0.168648  0.110279  0.001705 ) 
 ( -0.006354  0.674412  0.069845 -0.167588 -0.110292  0.000000 ) 
 **************************************************************************
