Dynamical matrix file
                                                                           
  1    2  0 11.2374640  0.0000000  0.0000000  0.0000000  0.0000000  0.0000000
Basis vectors
      0.986020000   -0.000000000   -0.000000000
     -0.000000000    0.986020000   -0.000000000
      0.493010000    0.493010000    0.265859000
           1  'Sn  '    108197.54598352207     
    1    1      0.9860200000      1.2325250000      0.1993942500
    2    1      0.4930100000      0.2465050000      0.0664647500

     Dynamical  Matrix in cartesian axes

     q = (    0.380316829  -0.507089106   0.705261059 ) 

    1    1
  0.07401582  0.00000000   -0.00391777 -0.00204660   -0.00425898  0.00128017
 -0.00391777  0.00204660    0.08154727  0.00000000   -0.00547511  0.00119783
 -0.00425898 -0.00128017   -0.00547511 -0.00119783    0.09758545  0.00000000
    1    2
  0.00232572  0.01383066   -0.00419675 -0.00048635    0.02019577 -0.01867246
 -0.00419675 -0.00048635   -0.00215953 -0.00070998    0.01995979  0.02912635
  0.02019577 -0.01867246    0.01995979  0.02912635   -0.00384549  0.00082176
    2    1
  0.00232572 -0.01383066   -0.00419675  0.00048635    0.02019577  0.01867246
 -0.00419675  0.00048635   -0.00215953  0.00070998    0.01995979 -0.02912635
  0.02019577  0.01867246    0.01995979 -0.02912635   -0.00384549 -0.00082176
    2    2
  0.07401582  0.00000000   -0.00391777  0.00204660   -0.00425898 -0.00128017
 -0.00391777 -0.00204660    0.08154727  0.00000000   -0.00547511 -0.00119783
 -0.00425898  0.00128017   -0.00547511  0.00119783    0.09758545 -0.00000000

     Dynamical  Matrix in cartesian axes

     q = (   -0.507089106   0.380316829   0.705261059 ) 

    1    1
  0.08154727  0.00000000   -0.00391777 -0.00204660   -0.00547511 -0.00119783
 -0.00391777  0.00204660    0.07401582  0.00000000   -0.00425898 -0.00128017
 -0.00547511  0.00119783   -0.00425898  0.00128017    0.09758545 -0.00000000
    1    2
 -0.00215953  0.00070998   -0.00419675  0.00048635    0.01995979 -0.02912635
 -0.00419675  0.00048635    0.00232572 -0.01383066    0.02019577  0.01867246
  0.01995979 -0.02912635    0.02019577  0.01867246   -0.00384549 -0.00082176
    2    1
 -0.00215953 -0.00070998   -0.00419675 -0.00048635    0.01995979  0.02912635
 -0.00419675 -0.00048635    0.00232572  0.01383066    0.02019577 -0.01867246
  0.01995979  0.02912635    0.02019577 -0.01867246   -0.00384549  0.00082176
    2    2
  0.08154727  0.00000000   -0.00391777  0.00204660   -0.00547511  0.00119783
 -0.00391777 -0.00204660    0.07401582  0.00000000   -0.00425898  0.00128017
 -0.00547511 -0.00119783   -0.00425898 -0.00128017    0.09758545  0.00000000

     Dynamical  Matrix in cartesian axes

     q = (   -0.380316829   0.507089106   0.705261059 ) 

    1    1
  0.07401582  0.00000000   -0.00391777 -0.00204660    0.00425898 -0.00128017
 -0.00391777  0.00204660    0.08154727  0.00000000    0.00547511 -0.00119783
  0.00425898  0.00128017    0.00547511  0.00119783    0.09758545  0.00000000
    1    2
  0.00813522 -0.01142428    0.00262364  0.00331145    0.02748399  0.00107714
  0.00262364  0.00331145    0.00102499  0.00202905   -0.00648174  0.03470915
  0.02748399  0.00107714   -0.00648174  0.03470915    0.00330025  0.00213810
    2    1
  0.00813522  0.01142428    0.00262364 -0.00331145    0.02748399 -0.00107714
  0.00262364 -0.00331145    0.00102499 -0.00202905   -0.00648174 -0.03470915
  0.02748399 -0.00107714   -0.00648174 -0.03470915    0.00330025 -0.00213810
    2    2
  0.07401582  0.00000000   -0.00391777  0.00204660    0.00425898  0.00128017
 -0.00391777 -0.00204660    0.08154727  0.00000000    0.00547511  0.00119783
  0.00425898 -0.00128017    0.00547511 -0.00119783    0.09758545 -0.00000000

     Dynamical  Matrix in cartesian axes

     q = (    0.507089106  -0.380316829   0.705261059 ) 

    1    1
  0.08154727  0.00000000   -0.00391777 -0.00204660    0.00547511  0.00119783
 -0.00391777  0.00204660    0.07401582  0.00000000    0.00425898  0.00128017
  0.00547511 -0.00119783    0.00425898 -0.00128017    0.09758545 -0.00000000
    1    2
  0.00070998  0.00215953    0.00048635  0.00419675    0.02912635  0.01995979
  0.00048635  0.00419675   -0.01383066 -0.00232572   -0.01867246  0.02019577
  0.02912635  0.01995979   -0.01867246  0.02019577   -0.00082176  0.00384549
    2    1
  0.00070998 -0.00215953    0.00048635 -0.00419675    0.02912635 -0.01995979
  0.00048635 -0.00419675   -0.01383066  0.00232572   -0.01867246 -0.02019577
  0.02912635 -0.01995979   -0.01867246 -0.02019577   -0.00082176 -0.00384549
    2    2
  0.08154727  0.00000000   -0.00391777  0.00204660    0.00547511 -0.00119783
 -0.00391777 -0.00204660    0.07401582  0.00000000    0.00425898 -0.00128017
  0.00547511  0.00119783    0.00425898  0.00128017    0.09758545  0.00000000

     Dynamical  Matrix in cartesian axes

     q = (   -0.380316829  -0.507089106  -0.705261059 ) 

    1    1
  0.07401582  0.00000000    0.00391777 -0.00204660   -0.00425898 -0.00128017
  0.00391777  0.00204660    0.08154727  0.00000000    0.00547511  0.00119783
 -0.00425898  0.00128017    0.00547511 -0.00119783    0.09758545 -0.00000000
    1    2
  0.00232572 -0.01383066    0.00419675 -0.00048635    0.02019577  0.01867246
  0.00419675 -0.00048635   -0.00215953  0.00070998   -0.01995979  0.02912635
  0.02019577  0.01867246   -0.01995979  0.02912635   -0.00384549 -0.00082176
    2    1
  0.00232572  0.01383066    0.00419675  0.00048635    0.02019577 -0.01867246
  0.00419675  0.00048635   -0.00215953 -0.00070998   -0.01995979 -0.02912635
  0.02019577 -0.01867246   -0.01995979 -0.02912635   -0.00384549  0.00082176
    2    2
  0.07401582  0.00000000    0.00391777  0.00204660   -0.00425898  0.00128017
  0.00391777 -0.00204660    0.08154727  0.00000000    0.00547511 -0.00119783
 -0.00425898 -0.00128017    0.00547511  0.00119783    0.09758545  0.00000000

     Dynamical  Matrix in cartesian axes

     q = (    0.380316829   0.507089106  -0.705261059 ) 

    1    1
  0.07401582  0.00000000    0.00391777 -0.00204660    0.00425898  0.00128017
  0.00391777  0.00204660    0.08154727  0.00000000   -0.00547511 -0.00119783
  0.00425898 -0.00128017   -0.00547511  0.00119783    0.09758545 -0.00000000
    1    2
  0.00813522  0.01142428   -0.00262364  0.00331145    0.02748399 -0.00107714
 -0.00262364  0.00331145    0.00102499 -0.00202905    0.00648174  0.03470915
  0.02748399 -0.00107714    0.00648174  0.03470915    0.00330025 -0.00213810
    2    1
  0.00813522 -0.01142428   -0.00262364 -0.00331145    0.02748399  0.00107714
 -0.00262364 -0.00331145    0.00102499  0.00202905    0.00648174 -0.03470915
  0.02748399  0.00107714    0.00648174 -0.03470915    0.00330025  0.00213810
    2    2
  0.07401582  0.00000000    0.00391777  0.00204660    0.00425898 -0.00128017
  0.00391777 -0.00204660    0.08154727  0.00000000   -0.00547511  0.00119783
  0.00425898  0.00128017   -0.00547511 -0.00119783    0.09758545  0.00000000

     Dynamical  Matrix in cartesian axes

     q = (    0.507089106   0.380316829  -0.705261059 ) 

    1    1
  0.08154727  0.00000000    0.00391777 -0.00204660   -0.00547511  0.00119783
  0.00391777  0.00204660    0.07401582  0.00000000    0.00425898 -0.00128017
 -0.00547511 -0.00119783    0.00425898  0.00128017    0.09758545  0.00000000
    1    2
 -0.00070998  0.00215953    0.00048635 -0.00419675    0.02912635 -0.01995979
  0.00048635 -0.00419675    0.01383066 -0.00232572    0.01867246  0.02019577
  0.02912635 -0.01995979    0.01867246  0.02019577    0.00082176  0.00384549
    2    1
 -0.00070998 -0.00215953    0.00048635  0.00419675    0.02912635  0.01995979
  0.00048635  0.00419675    0.01383066  0.00232572    0.01867246 -0.02019577
  0.02912635  0.01995979    0.01867246 -0.02019577    0.00082176 -0.00384549
    2    2
  0.08154727  0.00000000    0.00391777  0.00204660   -0.00547511 -0.00119783
  0.00391777 -0.00204660    0.07401582  0.00000000    0.00425898  0.00128017
 -0.00547511  0.00119783    0.00425898 -0.00128017    0.09758545 -0.00000000

     Dynamical  Matrix in cartesian axes

     q = (   -0.507089106  -0.380316829  -0.705261059 ) 

    1    1
  0.08154727  0.00000000    0.00391777 -0.00204660    0.00547511 -0.00119783
  0.00391777  0.00204660    0.07401582  0.00000000   -0.00425898  0.00128017
  0.00547511  0.00119783   -0.00425898 -0.00128017    0.09758545  0.00000000
    1    2
  0.00215953  0.00070998   -0.00419675 -0.00048635    0.01995979  0.02912635
 -0.00419675 -0.00048635   -0.00232572 -0.01383066   -0.02019577  0.01867246
  0.01995979  0.02912635   -0.02019577  0.01867246    0.00384549 -0.00082176
    2    1
  0.00215953 -0.00070998   -0.00419675  0.00048635    0.01995979 -0.02912635
 -0.00419675  0.00048635   -0.00232572  0.01383066   -0.02019577 -0.01867246
  0.01995979 -0.02912635   -0.02019577 -0.01867246    0.00384549  0.00082176
    2    2
  0.08154727  0.00000000    0.00391777  0.00204660    0.00547511  0.00119783
  0.00391777 -0.00204660    0.07401582  0.00000000   -0.00425898 -0.00128017
  0.00547511 -0.00119783   -0.00425898  0.00128017    0.09758545 -0.00000000

     Dynamical  Matrix in cartesian axes

     q = (    0.380316829   0.507089106   0.705261059 ) 

    1    1
  0.07401582  0.00000000    0.00391777  0.00204660   -0.00425898  0.00128017
  0.00391777 -0.00204660    0.08154727  0.00000000    0.00547511 -0.00119783
 -0.00425898 -0.00128017    0.00547511  0.00119783    0.09758545  0.00000000
    1    2
  0.00232572  0.01383066    0.00419675  0.00048635    0.02019577 -0.01867246
  0.00419675  0.00048635   -0.00215953 -0.00070998   -0.01995979 -0.02912635
  0.02019577 -0.01867246   -0.01995979 -0.02912635   -0.00384549  0.00082176
    2    1
  0.00232572 -0.01383066    0.00419675 -0.00048635    0.02019577  0.01867246
  0.00419675 -0.00048635   -0.00215953  0.00070998   -0.01995979  0.02912635
  0.02019577  0.01867246   -0.01995979  0.02912635   -0.00384549 -0.00082176
    2    2
  0.07401582  0.00000000    0.00391777 -0.00204660   -0.00425898 -0.00128017
  0.00391777  0.00204660    0.08154727  0.00000000    0.00547511  0.00119783
 -0.00425898  0.00128017    0.00547511 -0.00119783    0.09758545 -0.00000000

     Dynamical  Matrix in cartesian axes

     q = (   -0.507089106  -0.380316829   0.705261059 ) 

    1    1
  0.08154727  0.00000000    0.00391777  0.00204660   -0.00547511 -0.00119783
  0.00391777 -0.00204660    0.07401582  0.00000000    0.00425898  0.00128017
 -0.00547511  0.00119783    0.00425898 -0.00128017    0.09758545 -0.00000000
    1    2
 -0.00070998 -0.00215953    0.00048635  0.00419675    0.02912635  0.01995979
  0.00048635  0.00419675    0.01383066  0.00232572    0.01867246 -0.02019577
  0.02912635  0.01995979    0.01867246 -0.02019577    0.00082176 -0.00384549
    2    1
 -0.00070998  0.00215953    0.00048635 -0.00419675    0.02912635 -0.01995979
  0.00048635 -0.00419675    0.01383066 -0.00232572    0.01867246  0.02019577
  0.02912635 -0.01995979    0.01867246  0.02019577    0.00082176  0.00384549
    2    2
  0.08154727  0.00000000    0.00391777 -0.00204660   -0.00547511  0.00119783
  0.00391777  0.00204660    0.07401582  0.00000000    0.00425898 -0.00128017
 -0.00547511 -0.00119783    0.00425898  0.00128017    0.09758545  0.00000000

     Dynamical  Matrix in cartesian axes

     q = (   -0.507089106   0.380316829  -0.705261059 ) 

    1    1
  0.08154727  0.00000000   -0.00391777  0.00204660    0.00547511 -0.00119783
 -0.00391777 -0.00204660    0.07401582  0.00000000    0.00425898 -0.00128017
  0.00547511  0.00119783    0.00425898  0.00128017    0.09758545  0.00000000
    1    2
  0.00070998 -0.00215953    0.00048635 -0.00419675    0.02912635 -0.01995979
  0.00048635 -0.00419675   -0.01383066  0.00232572   -0.01867246 -0.02019577
  0.02912635 -0.01995979   -0.01867246 -0.02019577   -0.00082176 -0.00384549
    2    1
  0.00070998  0.00215953    0.00048635  0.00419675    0.02912635  0.01995979
  0.00048635  0.00419675   -0.01383066 -0.00232572   -0.01867246  0.02019577
  0.02912635  0.01995979   -0.01867246  0.02019577   -0.00082176  0.00384549
    2    2
  0.08154727  0.00000000   -0.00391777 -0.00204660    0.00547511  0.00119783
 -0.00391777  0.00204660    0.07401582  0.00000000    0.00425898  0.00128017
  0.00547511 -0.00119783    0.00425898 -0.00128017    0.09758545 -0.00000000

     Dynamical  Matrix in cartesian axes

     q = (   -0.380316829  -0.507089106   0.705261059 ) 

    1    1
  0.07401582  0.00000000    0.00391777  0.00204660    0.00425898 -0.00128017
  0.00391777 -0.00204660    0.08154727  0.00000000   -0.00547511  0.00119783
  0.00425898  0.00128017   -0.00547511 -0.00119783    0.09758545  0.00000000
    1    2
  0.00813522 -0.01142428   -0.00262364 -0.00331145    0.02748399  0.00107714
 -0.00262364 -0.00331145    0.00102499  0.00202905    0.00648174 -0.03470915
  0.02748399  0.00107714    0.00648174 -0.03470915    0.00330025  0.00213810
    2    1
  0.00813522  0.01142428   -0.00262364  0.00331145    0.02748399 -0.00107714
 -0.00262364  0.00331145    0.00102499 -0.00202905    0.00648174  0.03470915
  0.02748399 -0.00107714    0.00648174  0.03470915    0.00330025 -0.00213810
    2    2
  0.07401582  0.00000000    0.00391777 -0.00204660    0.00425898  0.00128017
  0.00391777  0.00204660    0.08154727  0.00000000   -0.00547511 -0.00119783
  0.00425898 -0.00128017   -0.00547511  0.00119783    0.09758545 -0.00000000

     Dynamical  Matrix in cartesian axes

     q = (    0.507089106   0.380316829   0.705261059 ) 

    1    1
  0.08154727  0.00000000    0.00391777  0.00204660    0.00547511  0.00119783
  0.00391777 -0.00204660    0.07401582  0.00000000   -0.00425898 -0.00128017
  0.00547511 -0.00119783   -0.00425898  0.00128017    0.09758545 -0.00000000
    1    2
  0.00215953 -0.00070998   -0.00419675  0.00048635    0.01995979 -0.02912635
 -0.00419675  0.00048635   -0.00232572  0.01383066   -0.02019577 -0.01867246
  0.01995979 -0.02912635   -0.02019577 -0.01867246    0.00384549  0.00082176
    2    1
  0.00215953  0.00070998   -0.00419675 -0.00048635    0.01995979  0.02912635
 -0.00419675 -0.00048635   -0.00232572 -0.01383066   -0.02019577  0.01867246
  0.01995979  0.02912635   -0.02019577  0.01867246    0.00384549 -0.00082176
    2    2
  0.08154727  0.00000000    0.00391777 -0.00204660    0.00547511 -0.00119783
  0.00391777  0.00204660    0.07401582  0.00000000   -0.00425898  0.00128017
  0.00547511  0.00119783   -0.00425898 -0.00128017    0.09758545  0.00000000

     Dynamical  Matrix in cartesian axes

     q = (    0.380316829  -0.507089106  -0.705261059 ) 

    1    1
  0.07401582  0.00000000   -0.00391777  0.00204660    0.00425898  0.00128017
 -0.00391777 -0.00204660    0.08154727  0.00000000    0.00547511  0.00119783
  0.00425898 -0.00128017    0.00547511 -0.00119783    0.09758545 -0.00000000
    1    2
  0.00813522  0.01142428    0.00262364 -0.00331145    0.02748399 -0.00107714
  0.00262364 -0.00331145    0.00102499 -0.00202905   -0.00648174 -0.03470915
  0.02748399 -0.00107714   -0.00648174 -0.03470915    0.00330025 -0.00213810
    2    1
  0.00813522 -0.01142428    0.00262364  0.00331145    0.02748399  0.00107714
  0.00262364  0.00331145    0.00102499  0.00202905   -0.00648174  0.03470915
  0.02748399  0.00107714   -0.00648174  0.03470915    0.00330025  0.00213810
    2    2
  0.07401582  0.00000000   -0.00391777 -0.00204660    0.00425898 -0.00128017
 -0.00391777  0.00204660    0.08154727  0.00000000    0.00547511 -0.00119783
  0.00425898  0.00128017    0.00547511  0.00119783    0.09758545  0.00000000

     Dynamical  Matrix in cartesian axes

     q = (   -0.380316829   0.507089106  -0.705261059 ) 

    1    1
  0.07401582  0.00000000   -0.00391777  0.00204660   -0.00425898 -0.00128017
 -0.00391777 -0.00204660    0.08154727  0.00000000   -0.00547511 -0.00119783
 -0.00425898  0.00128017   -0.00547511  0.00119783    0.09758545 -0.00000000
    1    2
  0.00232572 -0.01383066   -0.00419675  0.00048635    0.02019577  0.01867246
 -0.00419675  0.00048635   -0.00215953  0.00070998    0.01995979 -0.02912635
  0.02019577  0.01867246    0.01995979 -0.02912635   -0.00384549 -0.00082176
    2    1
  0.00232572  0.01383066   -0.00419675 -0.00048635    0.02019577 -0.01867246
 -0.00419675 -0.00048635   -0.00215953 -0.00070998    0.01995979  0.02912635
  0.02019577 -0.01867246    0.01995979  0.02912635   -0.00384549  0.00082176
    2    2
  0.07401582  0.00000000   -0.00391777 -0.00204660   -0.00425898  0.00128017
 -0.00391777  0.00204660    0.08154727  0.00000000   -0.00547511  0.00119783
 -0.00425898 -0.00128017   -0.00547511 -0.00119783    0.09758545  0.00000000

     Dynamical  Matrix in cartesian axes

     q = (    0.507089106  -0.380316829  -0.705261059 ) 

    1    1
  0.08154727  0.00000000   -0.00391777  0.00204660   -0.00547511  0.00119783
 -0.00391777 -0.00204660    0.07401582  0.00000000   -0.00425898  0.00128017
 -0.00547511 -0.00119783   -0.00425898 -0.00128017    0.09758545  0.00000000
    1    2
 -0.00215953 -0.00070998   -0.00419675 -0.00048635    0.01995979  0.02912635
 -0.00419675 -0.00048635    0.00232572  0.01383066    0.02019577 -0.01867246
  0.01995979  0.02912635    0.02019577 -0.01867246   -0.00384549  0.00082176
    2    1
 -0.00215953  0.00070998   -0.00419675  0.00048635    0.01995979 -0.02912635
 -0.00419675  0.00048635    0.00232572 -0.01383066    0.02019577  0.01867246
  0.01995979 -0.02912635    0.02019577  0.01867246   -0.00384549 -0.00082176
    2    2
  0.08154727  0.00000000   -0.00391777 -0.00204660   -0.00547511 -0.00119783
 -0.00391777  0.00204660    0.07401582  0.00000000   -0.00425898 -0.00128017
 -0.00547511  0.00119783   -0.00425898  0.00128017    0.09758545 -0.00000000

     Diagonalizing the dynamical matrix

     q = (    0.380316829  -0.507089106   0.705261059 ) 

 **************************************************************************
     freq (    1) =       1.974586 [THz] =      65.865085 [cm-1]
 ( -0.333223  0.340857 -0.194260 -0.267506  0.404226  0.009183 ) 
 ( -0.325395 -0.348337 -0.200286  0.263024  0.404330  0.000000 ) 
     freq (    2) =       2.117415 [THz] =      70.629362 [cm-1]
 (  0.294797 -0.065594  0.293189  0.333286  0.438562  0.139341 ) 
 ( -0.261095 -0.151781 -0.380346  0.228860 -0.460166  0.000000 ) 
     freq (    3) =       2.677316 [THz] =      89.305644 [cm-1]
 ( -0.409684  0.193368  0.274121  0.437031 -0.083340 -0.147255 ) 
 ( -0.033504 -0.451785  0.515359  0.023306 -0.169203  0.000000 ) 
     freq (    4) =       2.802122 [THz] =      93.468742 [cm-1]
 (  0.186989  0.543170  0.382952 -0.039348  0.015223  0.146865 ) 
 (  0.559554  0.129991  0.000345  0.384968  0.147652  0.000000 ) 
     freq (    5) =       3.554752 [THz] =     118.573764 [cm-1]
 (  0.086751 -0.196318  0.160623  0.358222  0.516752  0.181047 ) 
 (  0.016960  0.213960  0.270034 -0.284964  0.547550  0.000000 ) 
     freq (    6) =       3.821854 [THz] =     127.483336 [cm-1]
 (  0.240401 -0.206109  0.220155  0.277011 -0.497999 -0.162852 ) 
 ( -0.164432 -0.270621 -0.295350  0.194863  0.523950  0.000000 ) 
 **************************************************************************
