Dynamical matrix file
                                                                           
  1    2  0 11.2374640  0.0000000  0.0000000  0.0000000  0.0000000  0.0000000
Basis vectors
      0.986020000   -0.000000000   -0.000000000
     -0.000000000    0.986020000   -0.000000000
      0.493010000    0.493010000    0.265859000
           1  'Sn  '    108197.54598352207     
    1    1      0.9860200000      1.2325250000      0.1993942500
    2    1      0.4930100000      0.2465050000      0.0664647500

     Dynamical  Matrix in cartesian axes

     q = (    0.126772276   0.126772276  -0.470174040 ) 

    1    1
  0.08652522  0.00000000    0.00101567  0.00086586   -0.00336599 -0.00096719
  0.00101567 -0.00086586    0.08652522  0.00000000   -0.00336599  0.00096719
 -0.00336599  0.00096719   -0.00336599 -0.00096719    0.07273312  0.00000000
    1    2
 -0.02756754 -0.06409962   -0.00372359 -0.00372359   -0.00881310  0.00254999
 -0.00372359 -0.00372359   -0.06409962 -0.02756754    0.00254999 -0.00881310
 -0.00881310  0.00254999    0.00254999 -0.00881310   -0.00192607 -0.00192607
    2    1
 -0.02756754  0.06409962   -0.00372359  0.00372359   -0.00881310 -0.00254999
 -0.00372359  0.00372359   -0.06409962  0.02756754    0.00254999  0.00881310
 -0.00881310 -0.00254999    0.00254999  0.00881310   -0.00192607  0.00192607
    2    2
  0.08652522  0.00000000    0.00101567 -0.00086586   -0.00336599  0.00096719
  0.00101567  0.00086586    0.08652522  0.00000000   -0.00336599 -0.00096719
 -0.00336599 -0.00096719   -0.00336599  0.00096719    0.07273312  0.00000000

     Dynamical  Matrix in cartesian axes

     q = (   -0.126772276  -0.126772276  -0.470174040 ) 

    1    1
  0.08652522  0.00000000    0.00101567  0.00086586    0.00336599  0.00096719
  0.00101567 -0.00086586    0.08652522  0.00000000    0.00336599 -0.00096719
  0.00336599 -0.00096719    0.00336599  0.00096719    0.07273312  0.00000000
    1    2
 -0.02583208  0.06481847   -0.00000000  0.00526595   -0.00803492 -0.00442869
 -0.00000000  0.00526595    0.02583208  0.06481847    0.00803492 -0.00442869
 -0.00803492 -0.00442869    0.00803492 -0.00442869    0.00000000  0.00272388
    2    1
 -0.02583208 -0.06481847   -0.00000000 -0.00526595   -0.00803492  0.00442869
 -0.00000000 -0.00526595    0.02583208 -0.06481847    0.00803492  0.00442869
 -0.00803492  0.00442869    0.00803492  0.00442869    0.00000000 -0.00272388
    2    2
  0.08652522  0.00000000    0.00101567 -0.00086586    0.00336599 -0.00096719
  0.00101567  0.00086586    0.08652522  0.00000000    0.00336599  0.00096719
  0.00336599  0.00096719    0.00336599 -0.00096719    0.07273312  0.00000000

     Dynamical  Matrix in cartesian axes

     q = (   -0.126772276   0.126772276   0.470174040 ) 

    1    1
  0.08652522  0.00000000   -0.00101567  0.00086586   -0.00336599  0.00096719
 -0.00101567 -0.00086586    0.08652522  0.00000000    0.00336599  0.00096719
 -0.00336599 -0.00096719    0.00336599 -0.00096719    0.07273312 -0.00000000
    1    2
 -0.06409962 -0.02756754    0.00372359  0.00372359    0.00254999 -0.00881310
  0.00372359  0.00372359   -0.02756754 -0.06409962    0.00881310 -0.00254999
  0.00254999 -0.00881310    0.00881310 -0.00254999   -0.00192607 -0.00192607
    2    1
 -0.06409962  0.02756754    0.00372359 -0.00372359    0.00254999  0.00881310
  0.00372359 -0.00372359   -0.02756754  0.06409962    0.00881310  0.00254999
  0.00254999  0.00881310    0.00881310  0.00254999   -0.00192607  0.00192607
    2    2
  0.08652522  0.00000000   -0.00101567 -0.00086586   -0.00336599 -0.00096719
 -0.00101567  0.00086586    0.08652522  0.00000000    0.00336599 -0.00096719
 -0.00336599  0.00096719    0.00336599  0.00096719    0.07273312  0.00000000

     Dynamical  Matrix in cartesian axes

     q = (    0.126772276  -0.126772276   0.470174040 ) 

    1    1
  0.08652522  0.00000000   -0.00101567  0.00086586    0.00336599 -0.00096719
 -0.00101567 -0.00086586    0.08652522  0.00000000   -0.00336599 -0.00096719
  0.00336599  0.00096719   -0.00336599  0.00096719    0.07273312  0.00000000
    1    2
 -0.06481847  0.02583208    0.00526595  0.00000000    0.00442869  0.00803492
  0.00526595  0.00000000   -0.06481847 -0.02583208   -0.00442869  0.00803492
  0.00442869  0.00803492   -0.00442869  0.00803492   -0.00272388 -0.00000000
    2    1
 -0.06481847 -0.02583208    0.00526595 -0.00000000    0.00442869 -0.00803492
  0.00526595 -0.00000000   -0.06481847  0.02583208   -0.00442869 -0.00803492
  0.00442869 -0.00803492   -0.00442869 -0.00803492   -0.00272388  0.00000000
    2    2
  0.08652522  0.00000000   -0.00101567 -0.00086586    0.00336599  0.00096719
 -0.00101567  0.00086586    0.08652522  0.00000000   -0.00336599  0.00096719
  0.00336599 -0.00096719   -0.00336599 -0.00096719    0.07273312 -0.00000000

     Dynamical  Matrix in cartesian axes

     q = (    0.126772276  -0.126772276  -0.470174040 ) 

    1    1
  0.08652522  0.00000000   -0.00101567 -0.00086586   -0.00336599 -0.00096719
 -0.00101567  0.00086586    0.08652522  0.00000000    0.00336599 -0.00096719
 -0.00336599  0.00096719    0.00336599  0.00096719    0.07273312  0.00000000
    1    2
 -0.06409962  0.02756754    0.00372359 -0.00372359    0.00254999  0.00881310
  0.00372359 -0.00372359   -0.02756754  0.06409962    0.00881310  0.00254999
  0.00254999  0.00881310    0.00881310  0.00254999   -0.00192607  0.00192607
    2    1
 -0.06409962 -0.02756754    0.00372359  0.00372359    0.00254999 -0.00881310
  0.00372359  0.00372359   -0.02756754 -0.06409962    0.00881310 -0.00254999
  0.00254999 -0.00881310    0.00881310 -0.00254999   -0.00192607 -0.00192607
    2    2
  0.08652522  0.00000000   -0.00101567  0.00086586   -0.00336599  0.00096719
 -0.00101567 -0.00086586    0.08652522  0.00000000    0.00336599  0.00096719
 -0.00336599 -0.00096719    0.00336599 -0.00096719    0.07273312 -0.00000000

     Dynamical  Matrix in cartesian axes

     q = (    0.126772276   0.126772276   0.470174040 ) 

    1    1
  0.08652522  0.00000000    0.00101567 -0.00086586    0.00336599 -0.00096719
  0.00101567  0.00086586    0.08652522  0.00000000    0.00336599  0.00096719
  0.00336599  0.00096719    0.00336599 -0.00096719    0.07273312  0.00000000
    1    2
 -0.02583208 -0.06481847   -0.00000000 -0.00526595   -0.00803492  0.00442869
 -0.00000000 -0.00526595    0.02583208 -0.06481847    0.00803492  0.00442869
 -0.00803492  0.00442869    0.00803492  0.00442869    0.00000000 -0.00272388
    2    1
 -0.02583208  0.06481847   -0.00000000  0.00526595   -0.00803492 -0.00442869
 -0.00000000  0.00526595    0.02583208  0.06481847    0.00803492 -0.00442869
 -0.00803492 -0.00442869    0.00803492 -0.00442869    0.00000000  0.00272388
    2    2
  0.08652522  0.00000000    0.00101567  0.00086586    0.00336599  0.00096719
  0.00101567 -0.00086586    0.08652522  0.00000000    0.00336599 -0.00096719
  0.00336599 -0.00096719    0.00336599  0.00096719    0.07273312  0.00000000

     Dynamical  Matrix in cartesian axes

     q = (   -0.126772276   0.126772276  -0.470174040 ) 

    1    1
  0.08652522  0.00000000   -0.00101567 -0.00086586    0.00336599  0.00096719
 -0.00101567  0.00086586    0.08652522  0.00000000   -0.00336599  0.00096719
  0.00336599 -0.00096719   -0.00336599 -0.00096719    0.07273312 -0.00000000
    1    2
 -0.06481847 -0.02583208    0.00526595 -0.00000000    0.00442869 -0.00803492
  0.00526595 -0.00000000   -0.06481847  0.02583208   -0.00442869 -0.00803492
  0.00442869 -0.00803492   -0.00442869 -0.00803492   -0.00272388 -0.00000000
    2    1
 -0.06481847  0.02583208    0.00526595  0.00000000    0.00442869  0.00803492
  0.00526595  0.00000000   -0.06481847 -0.02583208   -0.00442869  0.00803492
  0.00442869  0.00803492   -0.00442869  0.00803492   -0.00272388  0.00000000
    2    2
  0.08652522  0.00000000   -0.00101567  0.00086586    0.00336599 -0.00096719
 -0.00101567 -0.00086586    0.08652522  0.00000000   -0.00336599 -0.00096719
  0.00336599  0.00096719   -0.00336599  0.00096719    0.07273312  0.00000000

     Dynamical  Matrix in cartesian axes

     q = (   -0.126772276  -0.126772276   0.470174040 ) 

    1    1
  0.08652522  0.00000000    0.00101567 -0.00086586   -0.00336599  0.00096719
  0.00101567  0.00086586    0.08652522  0.00000000   -0.00336599 -0.00096719
 -0.00336599 -0.00096719   -0.00336599  0.00096719    0.07273312  0.00000000
    1    2
 -0.02756754  0.06409962   -0.00372359  0.00372359   -0.00881310 -0.00254999
 -0.00372359  0.00372359   -0.06409962  0.02756754    0.00254999  0.00881310
 -0.00881310 -0.00254999    0.00254999  0.00881310   -0.00192607  0.00192607
    2    1
 -0.02756754 -0.06409962   -0.00372359 -0.00372359   -0.00881310  0.00254999
 -0.00372359 -0.00372359   -0.06409962 -0.02756754    0.00254999 -0.00881310
 -0.00881310  0.00254999    0.00254999 -0.00881310   -0.00192607 -0.00192607
    2    2
  0.08652522  0.00000000    0.00101567  0.00086586   -0.00336599 -0.00096719
  0.00101567 -0.00086586    0.08652522  0.00000000   -0.00336599  0.00096719
 -0.00336599  0.00096719   -0.00336599 -0.00096719    0.07273312  0.00000000

     Diagonalizing the dynamical matrix

     q = (    0.126772276   0.126772276  -0.470174040 ) 

 **************************************************************************
     freq (    1) =       1.065391 [THz] =      35.537623 [cm-1]
 ( -0.283934 -0.404302 -0.404302 -0.283934 -0.076947 -0.076947 ) 
 ( -0.486657  0.085113 -0.486657 -0.085113 -0.108819  0.000000 ) 
     freq (    2) =       1.338474 [THz] =      44.646695 [cm-1]
 ( -0.404427  0.273277  0.273277 -0.404427  0.108435  0.108435 ) 
 (  0.092737  0.479209  0.092737 -0.479209 -0.153350  0.000000 ) 
     freq (    3) =       2.639871 [THz] =      88.056621 [cm-1]
 ( -0.016333  0.104478  0.104478 -0.016333 -0.488690 -0.488690 ) 
 (  0.062328 -0.085427  0.062328  0.085427 -0.691112  0.000000 ) 
     freq (    4) =       2.798393 [THz] =      93.344352 [cm-1]
 ( -0.093040  0.055972  0.055972 -0.093040 -0.488068 -0.488068 ) 
 (  0.026211  0.105367  0.026211 -0.105367  0.690233  0.000000 ) 
     freq (    5) =       3.893059 [THz] =     129.858454 [cm-1]
 ( -0.411235  0.274998  0.274998 -0.411235  0.072537  0.072537 ) 
 ( -0.096334 -0.485240 -0.096334  0.485240  0.102583  0.000000 ) 
     freq (    6) =       4.036004 [THz] =     134.626606 [cm-1]
 (  0.278894  0.414954  0.414954  0.278894 -0.005578 -0.005578 ) 
 ( -0.490625  0.096209 -0.490625 -0.096209  0.007889 -0.000000 ) 
 **************************************************************************
