Dynamical matrix file
                                                                           
  1    2  0 11.2374640  0.0000000  0.0000000  0.0000000  0.0000000  0.0000000
Basis vectors
      0.986020000   -0.000000000   -0.000000000
     -0.000000000    0.986020000   -0.000000000
      0.493010000    0.493010000    0.265859000
           1  'Sn  '    108197.54598352207     
    1    1      0.9860200000      1.2325250000      0.1993942500
    2    1      0.4930100000      0.2465050000      0.0664647500

     Dynamical  Matrix in cartesian axes

     q = (    0.126772276   0.380316829  -2.350870198 ) 

    1    1
  0.09025229  0.00000000    0.00085078  0.00110565   -0.00162189  0.00007616
  0.00085078 -0.00110565    0.08937445  0.00000000    0.00216754  0.00295635
 -0.00162189 -0.00007616    0.00216754 -0.00295635    0.07086167 -0.00000000
    1    2
  0.05757950 -0.02276366    0.00069829  0.00349745   -0.00282586 -0.00956990
  0.00069829  0.00349745   -0.01781841  0.02432257   -0.02712050 -0.00133175
 -0.00282586 -0.00956990   -0.02712050 -0.00133175    0.00442631  0.00577059
    2    1
  0.05757950  0.02276366    0.00069829 -0.00349745   -0.00282586  0.00956990
  0.00069829 -0.00349745   -0.01781841 -0.02432257   -0.02712050  0.00133175
 -0.00282586  0.00956990   -0.02712050  0.00133175    0.00442631 -0.00577059
    2    2
  0.09025229  0.00000000    0.00085078 -0.00110565   -0.00162189 -0.00007616
  0.00085078  0.00110565    0.08937445  0.00000000    0.00216754 -0.00295635
 -0.00162189  0.00007616    0.00216754  0.00295635    0.07086167  0.00000000

     Dynamical  Matrix in cartesian axes

     q = (    0.380316829   0.126772276  -2.350870198 ) 

    1    1
  0.08937445  0.00000000    0.00085078  0.00110565    0.00216754 -0.00295635
  0.00085078 -0.00110565    0.09025229  0.00000000   -0.00162189 -0.00007616
  0.00216754  0.00295635   -0.00162189  0.00007616    0.07086167  0.00000000
    1    2
  0.00459914 -0.02979818    0.00296684 -0.00197931   -0.02011878 -0.01823540
  0.00296684 -0.00197931    0.02461852  0.05681119   -0.00876513  0.00476875
 -0.02011878 -0.01823540   -0.00876513  0.00476875    0.00721030 -0.00095056
    2    1
  0.00459914  0.02979818    0.00296684  0.00197931   -0.02011878  0.01823540
  0.00296684  0.00197931    0.02461852 -0.05681119   -0.00876513 -0.00476875
 -0.02011878  0.01823540   -0.00876513 -0.00476875    0.00721030  0.00095056
    2    2
  0.08937445  0.00000000    0.00085078 -0.00110565    0.00216754  0.00295635
  0.00085078  0.00110565    0.09025229  0.00000000   -0.00162189  0.00007616
  0.00216754 -0.00295635   -0.00162189 -0.00007616    0.07086167 -0.00000000

     Dynamical  Matrix in cartesian axes

     q = (   -0.126772276  -0.380316829  -2.350870198 ) 

    1    1
  0.09025229  0.00000000    0.00085078  0.00110565    0.00162189 -0.00007616
  0.00085078 -0.00110565    0.08937445  0.00000000   -0.00216754 -0.00295635
  0.00162189  0.00007616   -0.00216754  0.00295635    0.07086167 -0.00000000
    1    2
  0.05681119  0.02461852   -0.00197931  0.00296684   -0.00476875  0.00876513
 -0.00197931  0.00296684   -0.02979818  0.00459914    0.01823540  0.02011878
 -0.00476875  0.00876513    0.01823540  0.02011878   -0.00095056  0.00721030
    2    1
  0.05681119 -0.02461852   -0.00197931 -0.00296684   -0.00476875 -0.00876513
 -0.00197931 -0.00296684   -0.02979818 -0.00459914    0.01823540 -0.02011878
 -0.00476875 -0.00876513    0.01823540 -0.02011878   -0.00095056 -0.00721030
    2    2
  0.09025229  0.00000000    0.00085078 -0.00110565    0.00162189  0.00007616
  0.00085078  0.00110565    0.08937445  0.00000000   -0.00216754  0.00295635
  0.00162189 -0.00007616   -0.00216754 -0.00295635    0.07086167  0.00000000

     Dynamical  Matrix in cartesian axes

     q = (   -0.380316829  -0.126772276  -2.350870198 ) 

    1    1
  0.08937445  0.00000000    0.00085078  0.00110565   -0.00216754  0.00295635
  0.00085078 -0.00110565    0.09025229  0.00000000    0.00162189  0.00007616
 -0.00216754 -0.00295635    0.00162189 -0.00007616    0.07086167  0.00000000
    1    2
  0.01781841  0.02432257   -0.00069829  0.00349745   -0.02712050  0.00133175
 -0.00069829  0.00349745   -0.05757950 -0.02276366   -0.00282586  0.00956990
 -0.02712050  0.00133175   -0.00282586  0.00956990   -0.00442631  0.00577059
    2    1
  0.01781841 -0.02432257   -0.00069829 -0.00349745   -0.02712050 -0.00133175
 -0.00069829 -0.00349745   -0.05757950  0.02276366   -0.00282586 -0.00956990
 -0.02712050 -0.00133175   -0.00282586 -0.00956990   -0.00442631 -0.00577059
    2    2
  0.08937445  0.00000000    0.00085078 -0.00110565   -0.00216754 -0.00295635
  0.00085078  0.00110565    0.09025229  0.00000000    0.00162189 -0.00007616
 -0.00216754  0.00295635    0.00162189  0.00007616    0.07086167 -0.00000000

     Dynamical  Matrix in cartesian axes

     q = (   -0.126772276   0.380316829   2.350870198 ) 

    1    1
  0.09025229  0.00000000   -0.00085078  0.00110565   -0.00162189 -0.00007616
 -0.00085078 -0.00110565    0.08937445  0.00000000   -0.00216754  0.00295635
 -0.00162189  0.00007616   -0.00216754 -0.00295635    0.07086167  0.00000000
    1    2
  0.02276366 -0.05757950    0.00349745  0.00069829    0.00956990  0.00282586
  0.00349745  0.00069829   -0.02432257  0.01781841   -0.00133175 -0.02712050
  0.00956990  0.00282586   -0.00133175 -0.02712050   -0.00577059 -0.00442631
    2    1
  0.02276366  0.05757950    0.00349745 -0.00069829    0.00956990 -0.00282586
  0.00349745 -0.00069829   -0.02432257 -0.01781841   -0.00133175  0.02712050
  0.00956990 -0.00282586   -0.00133175  0.02712050   -0.00577059  0.00442631
    2    2
  0.09025229  0.00000000   -0.00085078 -0.00110565   -0.00162189  0.00007616
 -0.00085078  0.00110565    0.08937445  0.00000000   -0.00216754 -0.00295635
 -0.00162189 -0.00007616   -0.00216754  0.00295635    0.07086167 -0.00000000

     Dynamical  Matrix in cartesian axes

     q = (    0.126772276  -0.380316829   2.350870198 ) 

    1    1
  0.09025229  0.00000000   -0.00085078  0.00110565    0.00162189  0.00007616
 -0.00085078 -0.00110565    0.08937445  0.00000000    0.00216754 -0.00295635
  0.00162189 -0.00007616    0.00216754  0.00295635    0.07086167  0.00000000
    1    2
  0.02461852  0.05681119   -0.00296684  0.00197931    0.00876513 -0.00476875
 -0.00296684  0.00197931    0.00459914 -0.02979818   -0.02011878 -0.01823540
  0.00876513 -0.00476875   -0.02011878 -0.01823540    0.00721030 -0.00095056
    2    1
  0.02461852 -0.05681119   -0.00296684 -0.00197931    0.00876513  0.00476875
 -0.00296684 -0.00197931    0.00459914  0.02979818   -0.02011878  0.01823540
  0.00876513  0.00476875   -0.02011878  0.01823540    0.00721030  0.00095056
    2    2
  0.09025229  0.00000000   -0.00085078 -0.00110565    0.00162189 -0.00007616
 -0.00085078  0.00110565    0.08937445  0.00000000    0.00216754  0.00295635
  0.00162189  0.00007616    0.00216754 -0.00295635    0.07086167 -0.00000000

     Dynamical  Matrix in cartesian axes

     q = (   -0.380316829   0.126772276   2.350870198 ) 

    1    1
  0.08937445  0.00000000   -0.00085078  0.00110565    0.00216754  0.00295635
 -0.00085078 -0.00110565    0.09025229  0.00000000    0.00162189 -0.00007616
  0.00216754 -0.00295635    0.00162189  0.00007616    0.07086167  0.00000000
    1    2
 -0.02979818  0.00459914    0.00197931 -0.00296684   -0.01823540 -0.02011878
  0.00197931 -0.00296684    0.05681119  0.02461852   -0.00476875  0.00876513
 -0.01823540 -0.02011878   -0.00476875  0.00876513   -0.00095056  0.00721030
    2    1
 -0.02979818 -0.00459914    0.00197931  0.00296684   -0.01823540  0.02011878
  0.00197931  0.00296684    0.05681119 -0.02461852   -0.00476875 -0.00876513
 -0.01823540  0.02011878   -0.00476875 -0.00876513   -0.00095056 -0.00721030
    2    2
  0.08937445  0.00000000   -0.00085078 -0.00110565    0.00216754 -0.00295635
 -0.00085078  0.00110565    0.09025229  0.00000000    0.00162189  0.00007616
  0.00216754  0.00295635    0.00162189 -0.00007616    0.07086167 -0.00000000

     Dynamical  Matrix in cartesian axes

     q = (    0.380316829  -0.126772276   2.350870198 ) 

    1    1
  0.08937445  0.00000000   -0.00085078  0.00110565   -0.00216754 -0.00295635
 -0.00085078 -0.00110565    0.09025229  0.00000000   -0.00162189  0.00007616
 -0.00216754  0.00295635   -0.00162189 -0.00007616    0.07086167 -0.00000000
    1    2
 -0.02432257 -0.01781841    0.00349745 -0.00069829   -0.00133175  0.02712050
  0.00349745 -0.00069829    0.02276366  0.05757950    0.00956990 -0.00282586
 -0.00133175  0.02712050    0.00956990 -0.00282586   -0.00577059  0.00442631
    2    1
 -0.02432257  0.01781841    0.00349745  0.00069829   -0.00133175 -0.02712050
  0.00349745  0.00069829    0.02276366 -0.05757950    0.00956990  0.00282586
 -0.00133175 -0.02712050    0.00956990  0.00282586   -0.00577059 -0.00442631
    2    2
  0.08937445  0.00000000   -0.00085078 -0.00110565   -0.00216754  0.00295635
 -0.00085078  0.00110565    0.09025229  0.00000000   -0.00162189 -0.00007616
 -0.00216754 -0.00295635   -0.00162189  0.00007616    0.07086167  0.00000000

     Dynamical  Matrix in cartesian axes

     q = (    0.126772276  -0.380316829  -2.350870198 ) 

    1    1
  0.09025229  0.00000000   -0.00085078 -0.00110565   -0.00162189  0.00007616
 -0.00085078  0.00110565    0.08937445  0.00000000   -0.00216754 -0.00295635
 -0.00162189 -0.00007616   -0.00216754  0.00295635    0.07086167 -0.00000000
    1    2
  0.02276366  0.05757950    0.00349745 -0.00069829    0.00956990 -0.00282586
  0.00349745 -0.00069829   -0.02432257 -0.01781841   -0.00133175  0.02712050
  0.00956990 -0.00282586   -0.00133175  0.02712050   -0.00577059  0.00442631
    2    1
  0.02276366 -0.05757950    0.00349745  0.00069829    0.00956990  0.00282586
  0.00349745  0.00069829   -0.02432257  0.01781841   -0.00133175 -0.02712050
  0.00956990  0.00282586   -0.00133175 -0.02712050   -0.00577059 -0.00442631
    2    2
  0.09025229  0.00000000   -0.00085078  0.00110565   -0.00162189 -0.00007616
 -0.00085078 -0.00110565    0.08937445  0.00000000   -0.00216754  0.00295635
 -0.00162189  0.00007616   -0.00216754 -0.00295635    0.07086167  0.00000000

     Dynamical  Matrix in cartesian axes

     q = (    0.380316829  -0.126772276  -2.350870198 ) 

    1    1
  0.08937445  0.00000000   -0.00085078 -0.00110565    0.00216754 -0.00295635
 -0.00085078  0.00110565    0.09025229  0.00000000    0.00162189  0.00007616
  0.00216754  0.00295635    0.00162189 -0.00007616    0.07086167 -0.00000000
    1    2
 -0.02979818 -0.00459914    0.00197931  0.00296684   -0.01823540  0.02011878
  0.00197931  0.00296684    0.05681119 -0.02461852   -0.00476875 -0.00876513
 -0.01823540  0.02011878   -0.00476875 -0.00876513   -0.00095056 -0.00721030
    2    1
 -0.02979818  0.00459914    0.00197931 -0.00296684   -0.01823540 -0.02011878
  0.00197931 -0.00296684    0.05681119  0.02461852   -0.00476875  0.00876513
 -0.01823540 -0.02011878   -0.00476875  0.00876513   -0.00095056  0.00721030
    2    2
  0.08937445  0.00000000   -0.00085078  0.00110565    0.00216754  0.00295635
 -0.00085078 -0.00110565    0.09025229  0.00000000    0.00162189 -0.00007616
  0.00216754 -0.00295635    0.00162189  0.00007616    0.07086167  0.00000000

     Dynamical  Matrix in cartesian axes

     q = (    0.380316829   0.126772276   2.350870198 ) 

    1    1
  0.08937445  0.00000000    0.00085078 -0.00110565   -0.00216754 -0.00295635
  0.00085078  0.00110565    0.09025229  0.00000000    0.00162189 -0.00007616
 -0.00216754  0.00295635    0.00162189  0.00007616    0.07086167 -0.00000000
    1    2
  0.01781841 -0.02432257   -0.00069829 -0.00349745   -0.02712050 -0.00133175
 -0.00069829 -0.00349745   -0.05757950  0.02276366   -0.00282586 -0.00956990
 -0.02712050 -0.00133175   -0.00282586 -0.00956990   -0.00442631 -0.00577059
    2    1
  0.01781841  0.02432257   -0.00069829  0.00349745   -0.02712050  0.00133175
 -0.00069829  0.00349745   -0.05757950 -0.02276366   -0.00282586  0.00956990
 -0.02712050  0.00133175   -0.00282586  0.00956990   -0.00442631  0.00577059
    2    2
  0.08937445  0.00000000    0.00085078  0.00110565   -0.00216754  0.00295635
  0.00085078 -0.00110565    0.09025229  0.00000000    0.00162189  0.00007616
 -0.00216754 -0.00295635    0.00162189 -0.00007616    0.07086167  0.00000000

     Dynamical  Matrix in cartesian axes

     q = (   -0.126772276   0.380316829  -2.350870198 ) 

    1    1
  0.09025229  0.00000000   -0.00085078 -0.00110565    0.00162189 -0.00007616
 -0.00085078  0.00110565    0.08937445  0.00000000    0.00216754  0.00295635
  0.00162189  0.00007616    0.00216754 -0.00295635    0.07086167 -0.00000000
    1    2
  0.02461852 -0.05681119   -0.00296684 -0.00197931    0.00876513  0.00476875
 -0.00296684 -0.00197931    0.00459914  0.02979818   -0.02011878  0.01823540
  0.00876513  0.00476875   -0.02011878  0.01823540    0.00721030  0.00095056
    2    1
  0.02461852  0.05681119   -0.00296684  0.00197931    0.00876513 -0.00476875
 -0.00296684  0.00197931    0.00459914 -0.02979818   -0.02011878 -0.01823540
  0.00876513 -0.00476875   -0.02011878 -0.01823540    0.00721030 -0.00095056
    2    2
  0.09025229  0.00000000   -0.00085078  0.00110565    0.00162189  0.00007616
 -0.00085078 -0.00110565    0.08937445  0.00000000    0.00216754 -0.00295635
  0.00162189 -0.00007616    0.00216754  0.00295635    0.07086167  0.00000000

     Dynamical  Matrix in cartesian axes

     q = (   -0.380316829   0.126772276  -2.350870198 ) 

    1    1
  0.08937445  0.00000000   -0.00085078 -0.00110565   -0.00216754  0.00295635
 -0.00085078  0.00110565    0.09025229  0.00000000   -0.00162189 -0.00007616
 -0.00216754 -0.00295635   -0.00162189  0.00007616    0.07086167  0.00000000
    1    2
 -0.02432257  0.01781841    0.00349745  0.00069829   -0.00133175 -0.02712050
  0.00349745  0.00069829    0.02276366 -0.05757950    0.00956990  0.00282586
 -0.00133175 -0.02712050    0.00956990  0.00282586   -0.00577059 -0.00442631
    2    1
 -0.02432257 -0.01781841    0.00349745 -0.00069829   -0.00133175  0.02712050
  0.00349745 -0.00069829    0.02276366  0.05757950    0.00956990 -0.00282586
 -0.00133175  0.02712050    0.00956990 -0.00282586   -0.00577059  0.00442631
    2    2
  0.08937445  0.00000000   -0.00085078  0.00110565   -0.00216754 -0.00295635
 -0.00085078 -0.00110565    0.09025229  0.00000000   -0.00162189  0.00007616
 -0.00216754  0.00295635   -0.00162189 -0.00007616    0.07086167 -0.00000000

     Dynamical  Matrix in cartesian axes

     q = (    0.126772276   0.380316829   2.350870198 ) 

    1    1
  0.09025229  0.00000000    0.00085078 -0.00110565    0.00162189  0.00007616
  0.00085078  0.00110565    0.08937445  0.00000000   -0.00216754  0.00295635
  0.00162189 -0.00007616   -0.00216754 -0.00295635    0.07086167  0.00000000
    1    2
  0.05681119 -0.02461852   -0.00197931 -0.00296684   -0.00476875 -0.00876513
 -0.00197931 -0.00296684   -0.02979818 -0.00459914    0.01823540 -0.02011878
 -0.00476875 -0.00876513    0.01823540 -0.02011878   -0.00095056 -0.00721030
    2    1
  0.05681119  0.02461852   -0.00197931  0.00296684   -0.00476875  0.00876513
 -0.00197931  0.00296684   -0.02979818  0.00459914    0.01823540  0.02011878
 -0.00476875  0.00876513    0.01823540  0.02011878   -0.00095056  0.00721030
    2    2
  0.09025229  0.00000000    0.00085078  0.00110565    0.00162189 -0.00007616
  0.00085078 -0.00110565    0.08937445  0.00000000   -0.00216754 -0.00295635
  0.00162189  0.00007616   -0.00216754  0.00295635    0.07086167 -0.00000000

     Dynamical  Matrix in cartesian axes

     q = (   -0.126772276  -0.380316829   2.350870198 ) 

    1    1
  0.09025229  0.00000000    0.00085078 -0.00110565   -0.00162189 -0.00007616
  0.00085078  0.00110565    0.08937445  0.00000000    0.00216754 -0.00295635
 -0.00162189  0.00007616    0.00216754  0.00295635    0.07086167  0.00000000
    1    2
  0.05757950  0.02276366    0.00069829 -0.00349745   -0.00282586  0.00956990
  0.00069829 -0.00349745   -0.01781841 -0.02432257   -0.02712050  0.00133175
 -0.00282586  0.00956990   -0.02712050  0.00133175    0.00442631 -0.00577059
    2    1
  0.05757950 -0.02276366    0.00069829  0.00349745   -0.00282586 -0.00956990
  0.00069829  0.00349745   -0.01781841  0.02432257   -0.02712050 -0.00133175
 -0.00282586 -0.00956990   -0.02712050 -0.00133175    0.00442631  0.00577059
    2    2
  0.09025229  0.00000000    0.00085078  0.00110565   -0.00162189  0.00007616
  0.00085078 -0.00110565    0.08937445  0.00000000    0.00216754  0.00295635
 -0.00162189 -0.00007616    0.00216754 -0.00295635    0.07086167 -0.00000000

     Dynamical  Matrix in cartesian axes

     q = (   -0.380316829  -0.126772276   2.350870198 ) 

    1    1
  0.08937445  0.00000000    0.00085078 -0.00110565    0.00216754  0.00295635
  0.00085078  0.00110565    0.09025229  0.00000000   -0.00162189  0.00007616
  0.00216754 -0.00295635   -0.00162189 -0.00007616    0.07086167 -0.00000000
    1    2
  0.00459914  0.02979818    0.00296684  0.00197931   -0.02011878  0.01823540
  0.00296684  0.00197931    0.02461852 -0.05681119   -0.00876513 -0.00476875
 -0.02011878  0.01823540   -0.00876513 -0.00476875    0.00721030  0.00095056
    2    1
  0.00459914 -0.02979818    0.00296684 -0.00197931   -0.02011878 -0.01823540
  0.00296684 -0.00197931    0.02461852  0.05681119   -0.00876513  0.00476875
 -0.02011878 -0.01823540   -0.00876513  0.00476875    0.00721030 -0.00095056
    2    2
  0.08937445  0.00000000    0.00085078  0.00110565    0.00216754 -0.00295635
  0.00085078 -0.00110565    0.09025229  0.00000000   -0.00162189 -0.00007616
  0.00216754  0.00295635   -0.00162189  0.00007616    0.07086167  0.00000000

     Diagonalizing the dynamical matrix

     q = (    0.126772276   0.380316829  -2.350870198 ) 

 **************************************************************************
     freq (    1) =       1.618996 [THz] =      54.003880 [cm-1]
 ( -0.121709 -0.679138 -0.019296  0.014558 -0.152810 -0.004891 ) 
 ( -0.143374  0.674896 -0.018820 -0.015168 -0.152888  0.000000 ) 
     freq (    2) =       1.938777 [THz] =      64.670633 [cm-1]
 (  0.080416 -0.027446  0.521834  0.194324 -0.142565  0.402967 ) 
 ( -0.052695  0.066657  0.009149  0.556767  0.427442  0.000000 ) 
     freq (    3) =       2.334518 [THz] =      77.871141 [cm-1]
 (  0.098905  0.000861 -0.276773  0.113503  0.153081  0.614245 ) 
 ( -0.024753 -0.095762 -0.043205  0.296006 -0.633033  0.000000 ) 
     freq (    4) =       3.150261 [THz] =     105.081395 [cm-1]
 (  0.092784 -0.077622 -0.408004 -0.041250  0.343602  0.446245 ) 
 ( -0.004896  0.120873 -0.281601 -0.298109  0.563203  0.000000 ) 
     freq (    5) =       3.606685 [THz] =     120.306049 [cm-1]
 ( -0.026836  0.023279 -0.654003  0.059410 -0.204546 -0.160153 ) 
 (  0.006779  0.034873  0.478316  0.449959  0.259785  0.000000 ) 
     freq (    6) =       3.917996 [THz] =     130.690276 [cm-1]
 ( -0.386692 -0.584405 -0.016507 -0.012871 -0.063973  0.066404 ) 
 ( -0.152581 -0.683944  0.002183 -0.020818  0.092207  0.000000 ) 
 **************************************************************************
