Dynamical matrix file
                                                                           
  1    2  0 11.2374640  0.0000000  0.0000000  0.0000000  0.0000000  0.0000000
Basis vectors
      0.986020000   -0.000000000   -0.000000000
     -0.000000000    0.986020000   -0.000000000
      0.493010000    0.493010000    0.265859000
           1  'Sn  '    108197.54598352207     
    1    1      0.9860200000      1.2325250000      0.1993942500
    2    1      0.4930100000      0.2465050000      0.0664647500

     Dynamical  Matrix in cartesian axes

     q = (    0.126772276   0.253544553  -2.585957218 ) 

    1    1
  0.08856495  0.00000000   -0.00187913  0.00093841    0.00168935 -0.00386083
 -0.00187913 -0.00093841    0.08487582  0.00000000    0.00387622  0.00283041
  0.00168935  0.00386083    0.00387622 -0.00283041    0.09717362  0.00000000
    1    2
  0.02055449 -0.06942335   -0.00006819 -0.00101326   -0.00797539 -0.00880775
 -0.00006819 -0.00101326    0.03142216  0.04082529   -0.01183642  0.02061814
 -0.00797539 -0.00880775   -0.01183642  0.02061814    0.00368006  0.00409029
    2    1
  0.02055449  0.06942335   -0.00006819  0.00101326   -0.00797539  0.00880775
 -0.00006819  0.00101326    0.03142216 -0.04082529   -0.01183642 -0.02061814
 -0.00797539  0.00880775   -0.01183642 -0.02061814    0.00368006 -0.00409029
    2    2
  0.08856495  0.00000000   -0.00187913 -0.00093841    0.00168935  0.00386083
 -0.00187913  0.00093841    0.08487582  0.00000000    0.00387622 -0.00283041
  0.00168935 -0.00386083    0.00387622  0.00283041    0.09717362 -0.00000000

     Dynamical  Matrix in cartesian axes

     q = (    0.253544553   0.126772276  -2.585957218 ) 

    1    1
  0.08487582  0.00000000   -0.00187913  0.00093841    0.00387622 -0.00283041
 -0.00187913 -0.00093841    0.08856495  0.00000000    0.00168935  0.00386083
  0.00387622  0.00283041    0.00168935 -0.00386083    0.09717362  0.00000000
    1    2
 -0.00664901 -0.05108666    0.00066826  0.00076470   -0.02294884 -0.00620962
  0.00066826  0.00076470    0.06362394  0.03455550    0.00058857  0.01186747
 -0.02294884 -0.00620962    0.00058857  0.01186747   -0.00029008 -0.00549447
    2    1
 -0.00664901  0.05108666    0.00066826 -0.00076470   -0.02294884  0.00620962
  0.00066826 -0.00076470    0.06362394 -0.03455550    0.00058857 -0.01186747
 -0.02294884  0.00620962    0.00058857 -0.01186747   -0.00029008  0.00549447
    2    2
  0.08487582  0.00000000   -0.00187913 -0.00093841    0.00387622  0.00283041
 -0.00187913  0.00093841    0.08856495  0.00000000    0.00168935 -0.00386083
  0.00387622 -0.00283041    0.00168935  0.00386083    0.09717362 -0.00000000

     Dynamical  Matrix in cartesian axes

     q = (   -0.126772276  -0.253544553  -2.585957218 ) 

    1    1
  0.08856495  0.00000000   -0.00187913  0.00093841   -0.00168935  0.00386083
 -0.00187913 -0.00093841    0.08487582  0.00000000   -0.00387622 -0.00283041
 -0.00168935 -0.00386083   -0.00387622  0.00283041    0.09717362  0.00000000
    1    2
  0.03455550  0.06362394    0.00076470  0.00066826   -0.01186747 -0.00058857
  0.00076470  0.00066826   -0.05108666 -0.00664901    0.00620962  0.02294884
 -0.01186747 -0.00058857    0.00620962  0.02294884   -0.00549447 -0.00029008
    2    1
  0.03455550 -0.06362394    0.00076470 -0.00066826   -0.01186747  0.00058857
  0.00076470 -0.00066826   -0.05108666  0.00664901    0.00620962 -0.02294884
 -0.01186747  0.00058857    0.00620962 -0.02294884   -0.00549447  0.00029008
    2    2
  0.08856495  0.00000000   -0.00187913 -0.00093841   -0.00168935 -0.00386083
 -0.00187913  0.00093841    0.08487582  0.00000000   -0.00387622  0.00283041
 -0.00168935  0.00386083   -0.00387622 -0.00283041    0.09717362 -0.00000000

     Dynamical  Matrix in cartesian axes

     q = (   -0.253544553  -0.126772276  -2.585957218 ) 

    1    1
  0.08487582  0.00000000   -0.00187913  0.00093841   -0.00387622  0.00283041
 -0.00187913 -0.00093841    0.08856495  0.00000000   -0.00168935 -0.00386083
 -0.00387622 -0.00283041   -0.00168935  0.00386083    0.09717362 -0.00000000
    1    2
  0.00664901  0.05108666   -0.00066826 -0.00076470   -0.02294884 -0.00620962
 -0.00066826 -0.00076470   -0.06362394 -0.03455550    0.00058857  0.01186747
 -0.02294884 -0.00620962    0.00058857  0.01186747    0.00029008  0.00549447
    2    1
  0.00664901 -0.05108666   -0.00066826  0.00076470   -0.02294884  0.00620962
 -0.00066826  0.00076470   -0.06362394  0.03455550    0.00058857 -0.01186747
 -0.02294884  0.00620962    0.00058857 -0.01186747    0.00029008 -0.00549447
    2    2
  0.08487582  0.00000000   -0.00187913 -0.00093841   -0.00387622 -0.00283041
 -0.00187913  0.00093841    0.08856495  0.00000000   -0.00168935  0.00386083
 -0.00387622  0.00283041   -0.00168935 -0.00386083    0.09717362  0.00000000

     Dynamical  Matrix in cartesian axes

     q = (   -0.126772276   0.253544553   2.585957218 ) 

    1    1
  0.08856495  0.00000000    0.00187913  0.00093841    0.00168935  0.00386083
  0.00187913 -0.00093841    0.08487582  0.00000000   -0.00387622  0.00283041
  0.00168935 -0.00386083   -0.00387622 -0.00283041    0.09717362  0.00000000
    1    2
 -0.02055449 -0.06942335   -0.00006819  0.00101326    0.00797539 -0.00880775
 -0.00006819  0.00101326   -0.03142216  0.04082529   -0.01183642 -0.02061814
  0.00797539 -0.00880775   -0.01183642 -0.02061814   -0.00368006  0.00409029
    2    1
 -0.02055449  0.06942335   -0.00006819 -0.00101326    0.00797539  0.00880775
 -0.00006819 -0.00101326   -0.03142216 -0.04082529   -0.01183642  0.02061814
  0.00797539  0.00880775   -0.01183642  0.02061814   -0.00368006 -0.00409029
    2    2
  0.08856495  0.00000000    0.00187913 -0.00093841    0.00168935 -0.00386083
  0.00187913  0.00093841    0.08487582  0.00000000   -0.00387622 -0.00283041
  0.00168935  0.00386083   -0.00387622  0.00283041    0.09717362 -0.00000000

     Dynamical  Matrix in cartesian axes

     q = (    0.126772276  -0.253544553   2.585957218 ) 

    1    1
  0.08856495  0.00000000    0.00187913  0.00093841   -0.00168935 -0.00386083
  0.00187913 -0.00093841    0.08487582  0.00000000    0.00387622 -0.00283041
 -0.00168935  0.00386083    0.00387622  0.00283041    0.09717362  0.00000000
    1    2
 -0.03455550  0.06362394    0.00076470 -0.00066826    0.01186747 -0.00058857
  0.00076470 -0.00066826    0.05108666 -0.00664901    0.00620962 -0.02294884
  0.01186747 -0.00058857    0.00620962 -0.02294884    0.00549447 -0.00029008
    2    1
 -0.03455550 -0.06362394    0.00076470  0.00066826    0.01186747  0.00058857
  0.00076470  0.00066826    0.05108666  0.00664901    0.00620962  0.02294884
  0.01186747  0.00058857    0.00620962  0.02294884    0.00549447  0.00029008
    2    2
  0.08856495  0.00000000    0.00187913 -0.00093841   -0.00168935  0.00386083
  0.00187913  0.00093841    0.08487582  0.00000000    0.00387622  0.00283041
 -0.00168935 -0.00386083    0.00387622 -0.00283041    0.09717362 -0.00000000

     Dynamical  Matrix in cartesian axes

     q = (   -0.253544553   0.126772276   2.585957218 ) 

    1    1
  0.08487582  0.00000000    0.00187913  0.00093841    0.00387622  0.00283041
  0.00187913 -0.00093841    0.08856495  0.00000000   -0.00168935  0.00386083
  0.00387622 -0.00283041   -0.00168935 -0.00386083    0.09717362  0.00000000
    1    2
 -0.05108666 -0.00664901   -0.00076470 -0.00066826   -0.00620962 -0.02294884
 -0.00076470 -0.00066826    0.03455550  0.06362394   -0.01186747 -0.00058857
 -0.00620962 -0.02294884   -0.01186747 -0.00058857   -0.00549447 -0.00029008
    2    1
 -0.05108666  0.00664901   -0.00076470  0.00066826   -0.00620962  0.02294884
 -0.00076470  0.00066826    0.03455550 -0.06362394   -0.01186747  0.00058857
 -0.00620962  0.02294884   -0.01186747  0.00058857   -0.00549447  0.00029008
    2    2
  0.08487582  0.00000000    0.00187913 -0.00093841    0.00387622 -0.00283041
  0.00187913  0.00093841    0.08856495  0.00000000   -0.00168935 -0.00386083
  0.00387622  0.00283041   -0.00168935  0.00386083    0.09717362 -0.00000000

     Dynamical  Matrix in cartesian axes

     q = (    0.253544553  -0.126772276   2.585957218 ) 

    1    1
  0.08487582  0.00000000    0.00187913  0.00093841   -0.00387622 -0.00283041
  0.00187913 -0.00093841    0.08856495  0.00000000    0.00168935 -0.00386083
 -0.00387622  0.00283041    0.00168935  0.00386083    0.09717362 -0.00000000
    1    2
 -0.05108666 -0.00664901   -0.00076470 -0.00066826    0.00620962  0.02294884
 -0.00076470 -0.00066826    0.03455550  0.06362394    0.01186747  0.00058857
  0.00620962  0.02294884    0.01186747  0.00058857   -0.00549447 -0.00029008
    2    1
 -0.05108666  0.00664901   -0.00076470  0.00066826    0.00620962 -0.02294884
 -0.00076470  0.00066826    0.03455550 -0.06362394    0.01186747 -0.00058857
  0.00620962 -0.02294884    0.01186747 -0.00058857   -0.00549447  0.00029008
    2    2
  0.08487582  0.00000000    0.00187913 -0.00093841   -0.00387622  0.00283041
  0.00187913  0.00093841    0.08856495  0.00000000    0.00168935  0.00386083
 -0.00387622 -0.00283041    0.00168935 -0.00386083    0.09717362  0.00000000

     Dynamical  Matrix in cartesian axes

     q = (    0.126772276  -0.253544553  -2.585957218 ) 

    1    1
  0.08856495  0.00000000    0.00187913 -0.00093841    0.00168935 -0.00386083
  0.00187913  0.00093841    0.08487582  0.00000000   -0.00387622 -0.00283041
  0.00168935  0.00386083   -0.00387622  0.00283041    0.09717362 -0.00000000
    1    2
 -0.02055449  0.06942335   -0.00006819 -0.00101326    0.00797539  0.00880775
 -0.00006819 -0.00101326   -0.03142216 -0.04082529   -0.01183642  0.02061814
  0.00797539  0.00880775   -0.01183642  0.02061814   -0.00368006 -0.00409029
    2    1
 -0.02055449 -0.06942335   -0.00006819  0.00101326    0.00797539 -0.00880775
 -0.00006819  0.00101326   -0.03142216  0.04082529   -0.01183642 -0.02061814
  0.00797539 -0.00880775   -0.01183642 -0.02061814   -0.00368006  0.00409029
    2    2
  0.08856495  0.00000000    0.00187913  0.00093841    0.00168935  0.00386083
  0.00187913 -0.00093841    0.08487582  0.00000000   -0.00387622  0.00283041
  0.00168935 -0.00386083   -0.00387622 -0.00283041    0.09717362  0.00000000

     Dynamical  Matrix in cartesian axes

     q = (    0.253544553  -0.126772276  -2.585957218 ) 

    1    1
  0.08487582  0.00000000    0.00187913 -0.00093841    0.00387622 -0.00283041
  0.00187913  0.00093841    0.08856495  0.00000000   -0.00168935 -0.00386083
  0.00387622  0.00283041   -0.00168935  0.00386083    0.09717362 -0.00000000
    1    2
 -0.05108666  0.00664901   -0.00076470  0.00066826   -0.00620962  0.02294884
 -0.00076470  0.00066826    0.03455550 -0.06362394   -0.01186747  0.00058857
 -0.00620962  0.02294884   -0.01186747  0.00058857   -0.00549447  0.00029008
    2    1
 -0.05108666 -0.00664901   -0.00076470 -0.00066826   -0.00620962 -0.02294884
 -0.00076470 -0.00066826    0.03455550  0.06362394   -0.01186747 -0.00058857
 -0.00620962 -0.02294884   -0.01186747 -0.00058857   -0.00549447 -0.00029008
    2    2
  0.08487582  0.00000000    0.00187913  0.00093841    0.00387622  0.00283041
  0.00187913 -0.00093841    0.08856495  0.00000000   -0.00168935  0.00386083
  0.00387622 -0.00283041   -0.00168935 -0.00386083    0.09717362  0.00000000

     Dynamical  Matrix in cartesian axes

     q = (    0.253544553   0.126772276   2.585957218 ) 

    1    1
  0.08487582  0.00000000   -0.00187913 -0.00093841   -0.00387622 -0.00283041
 -0.00187913  0.00093841    0.08856495  0.00000000   -0.00168935  0.00386083
 -0.00387622  0.00283041   -0.00168935 -0.00386083    0.09717362  0.00000000
    1    2
  0.00664901 -0.05108666   -0.00066826  0.00076470   -0.02294884  0.00620962
 -0.00066826  0.00076470   -0.06362394  0.03455550    0.00058857 -0.01186747
 -0.02294884  0.00620962    0.00058857 -0.01186747    0.00029008 -0.00549447
    2    1
  0.00664901  0.05108666   -0.00066826 -0.00076470   -0.02294884 -0.00620962
 -0.00066826 -0.00076470   -0.06362394 -0.03455550    0.00058857  0.01186747
 -0.02294884 -0.00620962    0.00058857  0.01186747    0.00029008  0.00549447
    2    2
  0.08487582  0.00000000   -0.00187913  0.00093841   -0.00387622  0.00283041
 -0.00187913 -0.00093841    0.08856495  0.00000000   -0.00168935 -0.00386083
 -0.00387622 -0.00283041   -0.00168935  0.00386083    0.09717362 -0.00000000

     Dynamical  Matrix in cartesian axes

     q = (   -0.126772276   0.253544553  -2.585957218 ) 

    1    1
  0.08856495  0.00000000    0.00187913 -0.00093841   -0.00168935  0.00386083
  0.00187913  0.00093841    0.08487582  0.00000000    0.00387622  0.00283041
 -0.00168935 -0.00386083    0.00387622 -0.00283041    0.09717362 -0.00000000
    1    2
 -0.03455550 -0.06362394    0.00076470  0.00066826    0.01186747  0.00058857
  0.00076470  0.00066826    0.05108666  0.00664901    0.00620962  0.02294884
  0.01186747  0.00058857    0.00620962  0.02294884    0.00549447  0.00029008
    2    1
 -0.03455550  0.06362394    0.00076470 -0.00066826    0.01186747 -0.00058857
  0.00076470 -0.00066826    0.05108666 -0.00664901    0.00620962 -0.02294884
  0.01186747 -0.00058857    0.00620962 -0.02294884    0.00549447 -0.00029008
    2    2
  0.08856495  0.00000000    0.00187913  0.00093841   -0.00168935 -0.00386083
  0.00187913 -0.00093841    0.08487582  0.00000000    0.00387622 -0.00283041
 -0.00168935  0.00386083    0.00387622  0.00283041    0.09717362  0.00000000

     Dynamical  Matrix in cartesian axes

     q = (   -0.253544553   0.126772276  -2.585957218 ) 

    1    1
  0.08487582  0.00000000    0.00187913 -0.00093841   -0.00387622  0.00283041
  0.00187913  0.00093841    0.08856495  0.00000000    0.00168935  0.00386083
 -0.00387622 -0.00283041    0.00168935 -0.00386083    0.09717362  0.00000000
    1    2
 -0.05108666  0.00664901   -0.00076470  0.00066826    0.00620962 -0.02294884
 -0.00076470  0.00066826    0.03455550 -0.06362394    0.01186747 -0.00058857
  0.00620962 -0.02294884    0.01186747 -0.00058857   -0.00549447  0.00029008
    2    1
 -0.05108666 -0.00664901   -0.00076470 -0.00066826    0.00620962  0.02294884
 -0.00076470 -0.00066826    0.03455550  0.06362394    0.01186747  0.00058857
  0.00620962  0.02294884    0.01186747  0.00058857   -0.00549447 -0.00029008
    2    2
  0.08487582  0.00000000    0.00187913  0.00093841   -0.00387622 -0.00283041
  0.00187913 -0.00093841    0.08856495  0.00000000    0.00168935 -0.00386083
 -0.00387622  0.00283041    0.00168935  0.00386083    0.09717362 -0.00000000

     Dynamical  Matrix in cartesian axes

     q = (    0.126772276   0.253544553   2.585957218 ) 

    1    1
  0.08856495  0.00000000   -0.00187913 -0.00093841   -0.00168935 -0.00386083
 -0.00187913  0.00093841    0.08487582  0.00000000   -0.00387622  0.00283041
 -0.00168935  0.00386083   -0.00387622 -0.00283041    0.09717362 -0.00000000
    1    2
  0.03455550 -0.06362394    0.00076470 -0.00066826   -0.01186747  0.00058857
  0.00076470 -0.00066826   -0.05108666  0.00664901    0.00620962 -0.02294884
 -0.01186747  0.00058857    0.00620962 -0.02294884   -0.00549447  0.00029008
    2    1
  0.03455550  0.06362394    0.00076470  0.00066826   -0.01186747 -0.00058857
  0.00076470  0.00066826   -0.05108666 -0.00664901    0.00620962  0.02294884
 -0.01186747 -0.00058857    0.00620962  0.02294884   -0.00549447 -0.00029008
    2    2
  0.08856495  0.00000000   -0.00187913  0.00093841   -0.00168935  0.00386083
 -0.00187913 -0.00093841    0.08487582  0.00000000   -0.00387622 -0.00283041
 -0.00168935 -0.00386083   -0.00387622  0.00283041    0.09717362  0.00000000

     Dynamical  Matrix in cartesian axes

     q = (   -0.126772276  -0.253544553   2.585957218 ) 

    1    1
  0.08856495  0.00000000   -0.00187913 -0.00093841    0.00168935  0.00386083
 -0.00187913  0.00093841    0.08487582  0.00000000    0.00387622 -0.00283041
  0.00168935 -0.00386083    0.00387622  0.00283041    0.09717362 -0.00000000
    1    2
  0.02055449  0.06942335   -0.00006819  0.00101326   -0.00797539  0.00880775
 -0.00006819  0.00101326    0.03142216 -0.04082529   -0.01183642 -0.02061814
 -0.00797539  0.00880775   -0.01183642 -0.02061814    0.00368006 -0.00409029
    2    1
  0.02055449 -0.06942335   -0.00006819 -0.00101326   -0.00797539 -0.00880775
 -0.00006819 -0.00101326    0.03142216  0.04082529   -0.01183642  0.02061814
 -0.00797539 -0.00880775   -0.01183642  0.02061814    0.00368006  0.00409029
    2    2
  0.08856495  0.00000000   -0.00187913  0.00093841    0.00168935 -0.00386083
 -0.00187913 -0.00093841    0.08487582  0.00000000    0.00387622  0.00283041
  0.00168935  0.00386083    0.00387622 -0.00283041    0.09717362  0.00000000

     Dynamical  Matrix in cartesian axes

     q = (   -0.253544553  -0.126772276   2.585957218 ) 

    1    1
  0.08487582  0.00000000   -0.00187913 -0.00093841    0.00387622  0.00283041
 -0.00187913  0.00093841    0.08856495  0.00000000    0.00168935 -0.00386083
  0.00387622 -0.00283041    0.00168935  0.00386083    0.09717362 -0.00000000
    1    2
 -0.00664901  0.05108666    0.00066826 -0.00076470   -0.02294884  0.00620962
  0.00066826 -0.00076470    0.06362394 -0.03455550    0.00058857 -0.01186747
 -0.02294884  0.00620962    0.00058857 -0.01186747   -0.00029008  0.00549447
    2    1
 -0.00664901 -0.05108666    0.00066826  0.00076470   -0.02294884 -0.00620962
  0.00066826  0.00076470    0.06362394  0.03455550    0.00058857  0.01186747
 -0.02294884 -0.00620962    0.00058857  0.01186747   -0.00029008 -0.00549447
    2    2
  0.08487582  0.00000000   -0.00187913  0.00093841    0.00387622 -0.00283041
 -0.00187913 -0.00093841    0.08856495  0.00000000    0.00168935  0.00386083
  0.00387622  0.00283041    0.00168935 -0.00386083    0.09717362  0.00000000

     Diagonalizing the dynamical matrix

     q = (    0.126772276   0.253544553  -2.585957218 ) 

 **************************************************************************
     freq (    1) =       1.151865 [THz] =      38.422093 [cm-1]
 ( -0.563799 -0.391367 -0.028872  0.086714 -0.113424  0.088002 ) 
 ( -0.205542  0.654821 -0.075967 -0.050813 -0.143559  0.000000 ) 
     freq (    2) =       1.592370 [THz] =      53.115747 [cm-1]
 (  0.035007  0.114845 -0.456363  0.486025 -0.160472 -0.123883 ) 
 (  0.097890 -0.069515 -0.064241 -0.663596 -0.202727  0.000000 ) 
     freq (    3) =       2.883280 [THz] =      96.175876 [cm-1]
 ( -0.028043  0.103344  0.124857 -0.234212 -0.618317 -0.189139 ) 
 ( -0.003413  0.107027 -0.050885 -0.260490  0.646598  0.000000 ) 
     freq (    4) =       3.323908 [THz] =     110.873642 [cm-1]
 ( -0.075374 -0.064213 -0.222034  0.117486  0.646740  0.093920 ) 
 ( -0.083820  0.052714 -0.202845 -0.148175  0.653524  0.000000 ) 
     freq (    5) =       3.815806 [THz] =     127.281593 [cm-1]
 (  0.180629  0.091180 -0.075033  0.617957 -0.187909  0.190391 ) 
 ( -0.061988  0.192609  0.492526  0.380682  0.267504  0.000000 ) 
     freq (    6) =       4.044123 [THz] =     134.897413 [cm-1]
 (  0.373079  0.559596  0.083229 -0.138513  0.145818  0.016981 ) 
 ( -0.435306  0.512684 -0.066647 -0.147211 -0.146803  0.000000 ) 
 **************************************************************************
