Dynamical matrix file
                                                                           
  1    2  0 11.2374640  0.0000000  0.0000000  0.0000000  0.0000000  0.0000000
Basis vectors
      0.986020000   -0.000000000   -0.000000000
     -0.000000000    0.986020000   -0.000000000
      0.493010000    0.493010000    0.265859000
           1  'Sn  '    108197.54598352207     
    1    1      0.9860200000      1.2325250000      0.1993942500
    2    1      0.4930100000      0.2465050000      0.0664647500

     Dynamical  Matrix in cartesian axes

     q = (    0.126772276   0.253544553  -0.705261059 ) 

    1    1
  0.08300501  0.00000000    0.00072986 -0.00163152   -0.00321515 -0.00313349
  0.00072986  0.00163152    0.07564204  0.00000000   -0.00393655  0.00413287
 -0.00321515  0.00313349   -0.00393655 -0.00413287    0.10927719 -0.00000000
    1    2
  0.02086584 -0.05343760    0.00077839  0.00159541   -0.01247304 -0.00768265
  0.00077839  0.00159541   -0.02326236 -0.02280214    0.01244736 -0.02051887
 -0.01247304 -0.00768265    0.01244736 -0.02051887   -0.00202900 -0.00286692
    2    1
  0.02086584  0.05343760    0.00077839 -0.00159541   -0.01247304  0.00768265
  0.00077839 -0.00159541   -0.02326236  0.02280214    0.01244736  0.02051887
 -0.01247304  0.00768265    0.01244736  0.02051887   -0.00202900  0.00286692
    2    2
  0.08300501  0.00000000    0.00072986  0.00163152   -0.00321515  0.00313349
  0.00072986 -0.00163152    0.07564204  0.00000000   -0.00393655 -0.00413287
 -0.00321515 -0.00313349   -0.00393655  0.00413287    0.10927719  0.00000000

     Dynamical  Matrix in cartesian axes

     q = (    0.253544553   0.126772276  -0.705261059 ) 

    1    1
  0.07564204  0.00000000    0.00072986 -0.00163152   -0.00393655 -0.00413287
  0.00072986  0.00163152    0.08300501  0.00000000   -0.00321515  0.00313349
 -0.00393655  0.00413287   -0.00321515 -0.00313349    0.10927719  0.00000000
    1    2
  0.00032542 -0.03257252    0.00057772  0.00167853   -0.02331064 -0.00570742
  0.00057772  0.00167853   -0.05254047 -0.02303171    0.00338732 -0.01425223
 -0.02331064 -0.00570742    0.00338732 -0.01425223   -0.00059250 -0.00346194
    2    1
  0.00032542  0.03257252    0.00057772 -0.00167853   -0.02331064  0.00570742
  0.00057772 -0.00167853   -0.05254047  0.02303171    0.00338732  0.01425223
 -0.02331064  0.00570742    0.00338732  0.01425223   -0.00059250  0.00346194
    2    2
  0.07564204  0.00000000    0.00072986  0.00163152   -0.00393655  0.00413287
  0.00072986 -0.00163152    0.08300501  0.00000000   -0.00321515 -0.00313349
 -0.00393655 -0.00413287   -0.00321515  0.00313349    0.10927719 -0.00000000

     Dynamical  Matrix in cartesian axes

     q = (   -0.126772276  -0.253544553  -0.705261059 ) 

    1    1
  0.08300501  0.00000000    0.00072986 -0.00163152    0.00321515  0.00313349
  0.00072986  0.00163152    0.07564204  0.00000000    0.00393655 -0.00413287
  0.00321515 -0.00313349    0.00393655  0.00413287    0.10927719 -0.00000000
    1    2
  0.02303171  0.05254047   -0.00167853 -0.00057772   -0.01425223  0.00338732
 -0.00167853 -0.00057772    0.03257252 -0.00032542   -0.00570742 -0.02331064
 -0.01425223  0.00338732   -0.00570742 -0.02331064    0.00346194  0.00059250
    2    1
  0.02303171 -0.05254047   -0.00167853  0.00057772   -0.01425223 -0.00338732
 -0.00167853  0.00057772    0.03257252  0.00032542   -0.00570742  0.02331064
 -0.01425223 -0.00338732   -0.00570742  0.02331064    0.00346194 -0.00059250
    2    2
  0.08300501  0.00000000    0.00072986  0.00163152    0.00321515 -0.00313349
  0.00072986 -0.00163152    0.07564204  0.00000000    0.00393655  0.00413287
  0.00321515  0.00313349    0.00393655 -0.00413287    0.10927719  0.00000000

     Dynamical  Matrix in cartesian axes

     q = (   -0.253544553  -0.126772276  -0.705261059 ) 

    1    1
  0.07564204  0.00000000    0.00072986 -0.00163152    0.00393655  0.00413287
  0.00072986  0.00163152    0.08300501  0.00000000    0.00321515 -0.00313349
  0.00393655 -0.00413287    0.00321515  0.00313349    0.10927719  0.00000000
    1    2
 -0.00032542  0.03257252   -0.00057772 -0.00167853   -0.02331064 -0.00570742
 -0.00057772 -0.00167853    0.05254047  0.02303171    0.00338732 -0.01425223
 -0.02331064 -0.00570742    0.00338732 -0.01425223    0.00059250  0.00346194
    2    1
 -0.00032542 -0.03257252   -0.00057772  0.00167853   -0.02331064  0.00570742
 -0.00057772  0.00167853    0.05254047 -0.02303171    0.00338732  0.01425223
 -0.02331064  0.00570742    0.00338732  0.01425223    0.00059250 -0.00346194
    2    2
  0.07564204  0.00000000    0.00072986  0.00163152    0.00393655 -0.00413287
  0.00072986 -0.00163152    0.08300501  0.00000000    0.00321515  0.00313349
  0.00393655  0.00413287    0.00321515 -0.00313349    0.10927719 -0.00000000

     Dynamical  Matrix in cartesian axes

     q = (   -0.126772276   0.253544553   0.705261059 ) 

    1    1
  0.08300501  0.00000000   -0.00072986 -0.00163152   -0.00321515  0.00313349
 -0.00072986  0.00163152    0.07564204  0.00000000    0.00393655  0.00413287
 -0.00321515 -0.00313349    0.00393655 -0.00413287    0.10927719  0.00000000
    1    2
 -0.02086584 -0.05343760    0.00077839 -0.00159541    0.01247304 -0.00768265
  0.00077839 -0.00159541    0.02326236 -0.02280214    0.01244736  0.02051887
  0.01247304 -0.00768265    0.01244736  0.02051887    0.00202900 -0.00286692
    2    1
 -0.02086584  0.05343760    0.00077839  0.00159541    0.01247304  0.00768265
  0.00077839  0.00159541    0.02326236  0.02280214    0.01244736 -0.02051887
  0.01247304  0.00768265    0.01244736 -0.02051887    0.00202900  0.00286692
    2    2
  0.08300501  0.00000000   -0.00072986  0.00163152   -0.00321515 -0.00313349
 -0.00072986 -0.00163152    0.07564204  0.00000000    0.00393655 -0.00413287
 -0.00321515  0.00313349    0.00393655  0.00413287    0.10927719 -0.00000000

     Dynamical  Matrix in cartesian axes

     q = (    0.126772276  -0.253544553   0.705261059 ) 

    1    1
  0.08300501  0.00000000   -0.00072986 -0.00163152    0.00321515 -0.00313349
 -0.00072986  0.00163152    0.07564204  0.00000000   -0.00393655 -0.00413287
  0.00321515  0.00313349   -0.00393655  0.00413287    0.10927719  0.00000000
    1    2
 -0.02303171  0.05254047   -0.00167853  0.00057772    0.01425223  0.00338732
 -0.00167853  0.00057772   -0.03257252 -0.00032542   -0.00570742  0.02331064
  0.01425223  0.00338732   -0.00570742  0.02331064   -0.00346194  0.00059250
    2    1
 -0.02303171 -0.05254047   -0.00167853 -0.00057772    0.01425223 -0.00338732
 -0.00167853 -0.00057772   -0.03257252  0.00032542   -0.00570742 -0.02331064
  0.01425223 -0.00338732   -0.00570742 -0.02331064   -0.00346194 -0.00059250
    2    2
  0.08300501  0.00000000   -0.00072986  0.00163152    0.00321515  0.00313349
 -0.00072986 -0.00163152    0.07564204  0.00000000   -0.00393655  0.00413287
  0.00321515 -0.00313349   -0.00393655 -0.00413287    0.10927719 -0.00000000

     Dynamical  Matrix in cartesian axes

     q = (   -0.253544553   0.126772276   0.705261059 ) 

    1    1
  0.07564204  0.00000000   -0.00072986 -0.00163152   -0.00393655  0.00413287
 -0.00072986  0.00163152    0.08300501  0.00000000    0.00321515  0.00313349
 -0.00393655 -0.00413287    0.00321515 -0.00313349    0.10927719 -0.00000000
    1    2
 -0.03257252  0.00032542   -0.00167853 -0.00057772   -0.00570742 -0.02331064
 -0.00167853 -0.00057772   -0.02303171 -0.05254047    0.01425223 -0.00338732
 -0.00570742 -0.02331064    0.01425223 -0.00338732   -0.00346194 -0.00059250
    2    1
 -0.03257252 -0.00032542   -0.00167853  0.00057772   -0.00570742  0.02331064
 -0.00167853  0.00057772   -0.02303171  0.05254047    0.01425223  0.00338732
 -0.00570742  0.02331064    0.01425223  0.00338732   -0.00346194  0.00059250
    2    2
  0.07564204  0.00000000   -0.00072986  0.00163152   -0.00393655 -0.00413287
 -0.00072986 -0.00163152    0.08300501  0.00000000    0.00321515 -0.00313349
 -0.00393655  0.00413287    0.00321515  0.00313349    0.10927719  0.00000000

     Dynamical  Matrix in cartesian axes

     q = (    0.253544553  -0.126772276   0.705261059 ) 

    1    1
  0.07564204  0.00000000   -0.00072986 -0.00163152    0.00393655 -0.00413287
 -0.00072986  0.00163152    0.08300501  0.00000000   -0.00321515 -0.00313349
  0.00393655  0.00413287   -0.00321515  0.00313349    0.10927719  0.00000000
    1    2
 -0.03257252  0.00032542   -0.00167853 -0.00057772    0.00570742  0.02331064
 -0.00167853 -0.00057772   -0.02303171 -0.05254047   -0.01425223  0.00338732
  0.00570742  0.02331064   -0.01425223  0.00338732   -0.00346194 -0.00059250
    2    1
 -0.03257252 -0.00032542   -0.00167853  0.00057772    0.00570742 -0.02331064
 -0.00167853  0.00057772   -0.02303171  0.05254047   -0.01425223 -0.00338732
  0.00570742 -0.02331064   -0.01425223 -0.00338732   -0.00346194  0.00059250
    2    2
  0.07564204  0.00000000   -0.00072986  0.00163152    0.00393655  0.00413287
 -0.00072986 -0.00163152    0.08300501  0.00000000   -0.00321515  0.00313349
  0.00393655 -0.00413287   -0.00321515 -0.00313349    0.10927719 -0.00000000

     Dynamical  Matrix in cartesian axes

     q = (    0.126772276  -0.253544553  -0.705261059 ) 

    1    1
  0.08300501  0.00000000   -0.00072986  0.00163152   -0.00321515 -0.00313349
 -0.00072986 -0.00163152    0.07564204  0.00000000    0.00393655 -0.00413287
 -0.00321515  0.00313349    0.00393655  0.00413287    0.10927719 -0.00000000
    1    2
 -0.02086584  0.05343760    0.00077839  0.00159541    0.01247304  0.00768265
  0.00077839  0.00159541    0.02326236  0.02280214    0.01244736 -0.02051887
  0.01247304  0.00768265    0.01244736 -0.02051887    0.00202900  0.00286692
    2    1
 -0.02086584 -0.05343760    0.00077839 -0.00159541    0.01247304 -0.00768265
  0.00077839 -0.00159541    0.02326236 -0.02280214    0.01244736  0.02051887
  0.01247304 -0.00768265    0.01244736  0.02051887    0.00202900 -0.00286692
    2    2
  0.08300501  0.00000000   -0.00072986 -0.00163152   -0.00321515  0.00313349
 -0.00072986  0.00163152    0.07564204  0.00000000    0.00393655  0.00413287
 -0.00321515 -0.00313349    0.00393655 -0.00413287    0.10927719  0.00000000

     Dynamical  Matrix in cartesian axes

     q = (    0.253544553  -0.126772276  -0.705261059 ) 

    1    1
  0.07564204  0.00000000   -0.00072986  0.00163152   -0.00393655 -0.00413287
 -0.00072986 -0.00163152    0.08300501  0.00000000    0.00321515 -0.00313349
 -0.00393655  0.00413287    0.00321515  0.00313349    0.10927719  0.00000000
    1    2
 -0.03257252 -0.00032542   -0.00167853  0.00057772   -0.00570742  0.02331064
 -0.00167853  0.00057772   -0.02303171  0.05254047    0.01425223  0.00338732
 -0.00570742  0.02331064    0.01425223  0.00338732   -0.00346194  0.00059250
    2    1
 -0.03257252  0.00032542   -0.00167853 -0.00057772   -0.00570742 -0.02331064
 -0.00167853 -0.00057772   -0.02303171 -0.05254047    0.01425223 -0.00338732
 -0.00570742 -0.02331064    0.01425223 -0.00338732   -0.00346194 -0.00059250
    2    2
  0.07564204  0.00000000   -0.00072986 -0.00163152   -0.00393655  0.00413287
 -0.00072986  0.00163152    0.08300501  0.00000000    0.00321515  0.00313349
 -0.00393655 -0.00413287    0.00321515 -0.00313349    0.10927719 -0.00000000

     Dynamical  Matrix in cartesian axes

     q = (    0.253544553   0.126772276   0.705261059 ) 

    1    1
  0.07564204  0.00000000    0.00072986  0.00163152    0.00393655 -0.00413287
  0.00072986 -0.00163152    0.08300501  0.00000000    0.00321515  0.00313349
  0.00393655  0.00413287    0.00321515 -0.00313349    0.10927719 -0.00000000
    1    2
 -0.00032542 -0.03257252   -0.00057772  0.00167853   -0.02331064  0.00570742
 -0.00057772  0.00167853    0.05254047 -0.02303171    0.00338732  0.01425223
 -0.02331064  0.00570742    0.00338732  0.01425223    0.00059250 -0.00346194
    2    1
 -0.00032542  0.03257252   -0.00057772 -0.00167853   -0.02331064 -0.00570742
 -0.00057772 -0.00167853    0.05254047  0.02303171    0.00338732 -0.01425223
 -0.02331064 -0.00570742    0.00338732 -0.01425223    0.00059250  0.00346194
    2    2
  0.07564204  0.00000000    0.00072986 -0.00163152    0.00393655  0.00413287
  0.00072986  0.00163152    0.08300501  0.00000000    0.00321515 -0.00313349
  0.00393655 -0.00413287    0.00321515  0.00313349    0.10927719  0.00000000

     Dynamical  Matrix in cartesian axes

     q = (   -0.126772276   0.253544553  -0.705261059 ) 

    1    1
  0.08300501  0.00000000   -0.00072986  0.00163152    0.00321515  0.00313349
 -0.00072986 -0.00163152    0.07564204  0.00000000   -0.00393655  0.00413287
  0.00321515 -0.00313349   -0.00393655 -0.00413287    0.10927719 -0.00000000
    1    2
 -0.02303171 -0.05254047   -0.00167853 -0.00057772    0.01425223 -0.00338732
 -0.00167853 -0.00057772   -0.03257252  0.00032542   -0.00570742 -0.02331064
  0.01425223 -0.00338732   -0.00570742 -0.02331064   -0.00346194 -0.00059250
    2    1
 -0.02303171  0.05254047   -0.00167853  0.00057772    0.01425223  0.00338732
 -0.00167853  0.00057772   -0.03257252 -0.00032542   -0.00570742  0.02331064
  0.01425223  0.00338732   -0.00570742  0.02331064   -0.00346194  0.00059250
    2    2
  0.08300501  0.00000000   -0.00072986 -0.00163152    0.00321515 -0.00313349
 -0.00072986  0.00163152    0.07564204  0.00000000   -0.00393655 -0.00413287
  0.00321515  0.00313349   -0.00393655  0.00413287    0.10927719  0.00000000

     Dynamical  Matrix in cartesian axes

     q = (   -0.253544553   0.126772276  -0.705261059 ) 

    1    1
  0.07564204  0.00000000   -0.00072986  0.00163152    0.00393655  0.00413287
 -0.00072986 -0.00163152    0.08300501  0.00000000   -0.00321515  0.00313349
  0.00393655 -0.00413287   -0.00321515 -0.00313349    0.10927719 -0.00000000
    1    2
 -0.03257252 -0.00032542   -0.00167853  0.00057772    0.00570742 -0.02331064
 -0.00167853  0.00057772   -0.02303171  0.05254047   -0.01425223 -0.00338732
  0.00570742 -0.02331064   -0.01425223 -0.00338732   -0.00346194  0.00059250
    2    1
 -0.03257252  0.00032542   -0.00167853 -0.00057772    0.00570742  0.02331064
 -0.00167853 -0.00057772   -0.02303171 -0.05254047   -0.01425223  0.00338732
  0.00570742  0.02331064   -0.01425223  0.00338732   -0.00346194 -0.00059250
    2    2
  0.07564204  0.00000000   -0.00072986 -0.00163152    0.00393655 -0.00413287
 -0.00072986  0.00163152    0.08300501  0.00000000   -0.00321515 -0.00313349
  0.00393655  0.00413287   -0.00321515  0.00313349    0.10927719  0.00000000

     Dynamical  Matrix in cartesian axes

     q = (    0.126772276   0.253544553   0.705261059 ) 

    1    1
  0.08300501  0.00000000    0.00072986  0.00163152    0.00321515 -0.00313349
  0.00072986 -0.00163152    0.07564204  0.00000000    0.00393655  0.00413287
  0.00321515  0.00313349    0.00393655 -0.00413287    0.10927719  0.00000000
    1    2
  0.02303171 -0.05254047   -0.00167853  0.00057772   -0.01425223 -0.00338732
 -0.00167853  0.00057772    0.03257252  0.00032542   -0.00570742  0.02331064
 -0.01425223 -0.00338732   -0.00570742  0.02331064    0.00346194 -0.00059250
    2    1
  0.02303171  0.05254047   -0.00167853 -0.00057772   -0.01425223  0.00338732
 -0.00167853 -0.00057772    0.03257252 -0.00032542   -0.00570742 -0.02331064
 -0.01425223  0.00338732   -0.00570742 -0.02331064    0.00346194  0.00059250
    2    2
  0.08300501  0.00000000    0.00072986 -0.00163152    0.00321515  0.00313349
  0.00072986  0.00163152    0.07564204  0.00000000    0.00393655 -0.00413287
  0.00321515 -0.00313349    0.00393655  0.00413287    0.10927719 -0.00000000

     Dynamical  Matrix in cartesian axes

     q = (   -0.126772276  -0.253544553   0.705261059 ) 

    1    1
  0.08300501  0.00000000    0.00072986  0.00163152   -0.00321515  0.00313349
  0.00072986 -0.00163152    0.07564204  0.00000000   -0.00393655 -0.00413287
 -0.00321515 -0.00313349   -0.00393655  0.00413287    0.10927719  0.00000000
    1    2
  0.02086584  0.05343760    0.00077839 -0.00159541   -0.01247304  0.00768265
  0.00077839 -0.00159541   -0.02326236  0.02280214    0.01244736  0.02051887
 -0.01247304  0.00768265    0.01244736  0.02051887   -0.00202900  0.00286692
    2    1
  0.02086584 -0.05343760    0.00077839  0.00159541   -0.01247304 -0.00768265
  0.00077839  0.00159541   -0.02326236 -0.02280214    0.01244736 -0.02051887
 -0.01247304 -0.00768265    0.01244736 -0.02051887   -0.00202900 -0.00286692
    2    2
  0.08300501  0.00000000    0.00072986 -0.00163152   -0.00321515 -0.00313349
  0.00072986  0.00163152    0.07564204  0.00000000   -0.00393655  0.00413287
 -0.00321515  0.00313349   -0.00393655 -0.00413287    0.10927719 -0.00000000

     Dynamical  Matrix in cartesian axes

     q = (   -0.253544553  -0.126772276   0.705261059 ) 

    1    1
  0.07564204  0.00000000    0.00072986  0.00163152   -0.00393655  0.00413287
  0.00072986 -0.00163152    0.08300501  0.00000000   -0.00321515 -0.00313349
 -0.00393655 -0.00413287   -0.00321515  0.00313349    0.10927719 -0.00000000
    1    2
  0.00032542  0.03257252    0.00057772 -0.00167853   -0.02331064  0.00570742
  0.00057772 -0.00167853   -0.05254047  0.02303171    0.00338732  0.01425223
 -0.02331064  0.00570742    0.00338732  0.01425223   -0.00059250  0.00346194
    2    1
  0.00032542 -0.03257252    0.00057772  0.00167853   -0.02331064 -0.00570742
  0.00057772  0.00167853   -0.05254047 -0.02303171    0.00338732 -0.01425223
 -0.02331064 -0.00570742    0.00338732 -0.01425223   -0.00059250 -0.00346194
    2    2
  0.07564204  0.00000000    0.00072986 -0.00163152   -0.00393655 -0.00413287
  0.00072986  0.00163152    0.08300501  0.00000000   -0.00321515  0.00313349
 -0.00393655  0.00413287   -0.00321515 -0.00313349    0.10927719  0.00000000

     Diagonalizing the dynamical matrix

     q = (    0.126772276   0.253544553  -0.705261059 ) 

 **************************************************************************
     freq (    1) =       1.446121 [THz] =      48.237417 [cm-1]
 ( -0.608276 -0.274609  0.161232 -0.038739 -0.077382  0.145277 ) 
 ( -0.043591  0.665965  0.109989 -0.124092 -0.164601  0.000000 ) 
     freq (    2) =       1.821204 [THz] =      60.748819 [cm-1]
 (  0.119630 -0.132568  0.151566 -0.624261  0.218809 -0.086967 ) 
 ( -0.160135 -0.079008 -0.371419 -0.524139 -0.235459  0.000000 ) 
     freq (    3) =       2.990205 [THz] =      99.742496 [cm-1]
 (  0.037493 -0.123777 -0.375058  0.331107  0.393406  0.279651 ) 
 ( -0.041155  0.122608 -0.113857 -0.487173  0.482673  0.000000 ) 
     freq (    4) =       3.461892 [THz] =     115.476284 [cm-1]
 ( -0.150390 -0.252065 -0.299343  0.100688  0.560217 -0.016049 ) 
 (  0.143111 -0.256268  0.302104  0.092075 -0.560447  0.000000 ) 
     freq (    5) =       3.554199 [THz] =     118.555331 [cm-1]
 (  0.014695  0.172940 -0.072324  0.419769 -0.350782  0.406683 ) 
 ( -0.121358 -0.124083 -0.365101 -0.219404 -0.537065  0.000000 ) 
     freq (    6) =       3.825548 [THz] =     127.606533 [cm-1]
 ( -0.581420 -0.227266  0.128017 -0.109360 -0.089157  0.272036 ) 
 ( -0.034887 -0.623284 -0.143790  0.087592  0.286274  0.000000 ) 
 **************************************************************************
