Dynamical matrix file
                                                                           
  1    2  0 11.2374640  0.0000000  0.0000000  0.0000000  0.0000000  0.0000000
Basis vectors
      0.986020000   -0.000000000   -0.000000000
     -0.000000000    0.986020000   -0.000000000
      0.493010000    0.493010000    0.265859000
           1  'Sn  '    108197.54598352207     
    1    1      0.9860200000      1.2325250000      0.1993942500
    2    1      0.4930100000      0.2465050000      0.0664647500

     Dynamical  Matrix in cartesian axes

     q = (    0.126772276   0.253544553  -0.235087020 ) 

    1    1
  0.08285399  0.00000000   -0.00115272  0.00065452   -0.00223421 -0.00115508
 -0.00115272 -0.00065452    0.08332088  0.00000000   -0.00353474  0.00150350
 -0.00223421  0.00115508   -0.00353474 -0.00150350    0.03153494  0.00000000
    1    2
  0.02349834 -0.06483076   -0.00061226  0.00320835   -0.00688193 -0.00485070
 -0.00061226  0.00320835    0.00232039 -0.05225306    0.01418395 -0.00326107
 -0.00688193 -0.00485070    0.01418395 -0.00326107   -0.00058671 -0.00622523
    2    1
  0.02349834  0.06483076   -0.00061226 -0.00320835   -0.00688193  0.00485070
 -0.00061226 -0.00320835    0.00232039  0.05225306    0.01418395  0.00326107
 -0.00688193  0.00485070    0.01418395  0.00326107   -0.00058671  0.00622523
    2    2
  0.08285399  0.00000000   -0.00115272 -0.00065452   -0.00223421  0.00115508
 -0.00115272  0.00065452    0.08332088  0.00000000   -0.00353474 -0.00150350
 -0.00223421 -0.00115508   -0.00353474  0.00150350    0.03153494 -0.00000000

     Dynamical  Matrix in cartesian axes

     q = (    0.253544553   0.126772276  -0.235087020 ) 

    1    1
  0.08332088  0.00000000   -0.00115272  0.00065452   -0.00353474 -0.00150350
 -0.00115272 -0.00065452    0.08285399  0.00000000   -0.00223421  0.00115508
 -0.00353474  0.00150350   -0.00223421 -0.00115508    0.03153494 -0.00000000
    1    2
 -0.00232039 -0.05225306    0.00061226  0.00320835   -0.01418395 -0.00326107
  0.00061226  0.00320835   -0.02349834 -0.06483076    0.00688193 -0.00485070
 -0.01418395 -0.00326107    0.00688193 -0.00485070    0.00058671 -0.00622523
    2    1
 -0.00232039  0.05225306    0.00061226 -0.00320835   -0.01418395  0.00326107
  0.00061226 -0.00320835   -0.02349834  0.06483076    0.00688193  0.00485070
 -0.01418395  0.00326107    0.00688193  0.00485070    0.00058671  0.00622523
    2    2
  0.08332088  0.00000000   -0.00115272 -0.00065452   -0.00353474  0.00150350
 -0.00115272  0.00065452    0.08285399  0.00000000   -0.00223421 -0.00115508
 -0.00353474 -0.00150350   -0.00223421  0.00115508    0.03153494  0.00000000

     Dynamical  Matrix in cartesian axes

     q = (   -0.126772276  -0.253544553  -0.235087020 ) 

    1    1
  0.08285399  0.00000000   -0.00115272  0.00065452    0.00223421  0.00115508
 -0.00115272 -0.00065452    0.08332088  0.00000000    0.00353474 -0.00150350
  0.00223421 -0.00115508    0.00353474  0.00150350    0.03153494 -0.00000000
    1    2
  0.02922643  0.06245811   -0.00183571 -0.00270158   -0.00829622  0.00143630
 -0.00183571 -0.00270158    0.03530773  0.03858926    0.00772364 -0.01233550
 -0.00829622  0.00143630    0.00772364 -0.01233550    0.00481677  0.00398703
    2    1
  0.02922643 -0.06245811   -0.00183571  0.00270158   -0.00829622 -0.00143630
 -0.00183571  0.00270158    0.03530773 -0.03858926    0.00772364  0.01233550
 -0.00829622 -0.00143630    0.00772364  0.01233550    0.00481677 -0.00398703
    2    2
  0.08285399  0.00000000   -0.00115272 -0.00065452    0.00223421 -0.00115508
 -0.00115272  0.00065452    0.08332088  0.00000000    0.00353474  0.00150350
  0.00223421  0.00115508    0.00353474 -0.00150350    0.03153494  0.00000000

     Dynamical  Matrix in cartesian axes

     q = (   -0.253544553  -0.126772276  -0.235087020 ) 

    1    1
  0.08332088  0.00000000   -0.00115272  0.00065452    0.00353474  0.00150350
 -0.00115272 -0.00065452    0.08285399  0.00000000    0.00223421 -0.00115508
  0.00353474 -0.00150350    0.00223421  0.00115508    0.03153494  0.00000000
    1    2
  0.00232039  0.05225306   -0.00061226 -0.00320835   -0.01418395 -0.00326107
 -0.00061226 -0.00320835    0.02349834  0.06483076    0.00688193 -0.00485070
 -0.01418395 -0.00326107    0.00688193 -0.00485070   -0.00058671  0.00622523
    2    1
  0.00232039 -0.05225306   -0.00061226  0.00320835   -0.01418395  0.00326107
 -0.00061226  0.00320835    0.02349834 -0.06483076    0.00688193  0.00485070
 -0.01418395  0.00326107    0.00688193  0.00485070   -0.00058671 -0.00622523
    2    2
  0.08332088  0.00000000   -0.00115272 -0.00065452    0.00353474 -0.00150350
 -0.00115272  0.00065452    0.08285399  0.00000000    0.00223421  0.00115508
  0.00353474  0.00150350    0.00223421 -0.00115508    0.03153494 -0.00000000

     Dynamical  Matrix in cartesian axes

     q = (   -0.126772276   0.253544553   0.235087020 ) 

    1    1
  0.08285399  0.00000000    0.00115272  0.00065452   -0.00223421  0.00115508
  0.00115272 -0.00065452    0.08332088  0.00000000    0.00353474  0.00150350
 -0.00223421 -0.00115508    0.00353474 -0.00150350    0.03153494 -0.00000000
    1    2
 -0.02349834 -0.06483076   -0.00061226 -0.00320835    0.00688193 -0.00485070
 -0.00061226 -0.00320835   -0.00232039 -0.05225306    0.01418395  0.00326107
  0.00688193 -0.00485070    0.01418395  0.00326107    0.00058671 -0.00622523
    2    1
 -0.02349834  0.06483076   -0.00061226  0.00320835    0.00688193  0.00485070
 -0.00061226  0.00320835   -0.00232039  0.05225306    0.01418395 -0.00326107
  0.00688193  0.00485070    0.01418395 -0.00326107    0.00058671  0.00622523
    2    2
  0.08285399  0.00000000    0.00115272 -0.00065452   -0.00223421 -0.00115508
  0.00115272  0.00065452    0.08332088  0.00000000    0.00353474 -0.00150350
 -0.00223421  0.00115508    0.00353474  0.00150350    0.03153494  0.00000000

     Dynamical  Matrix in cartesian axes

     q = (    0.126772276  -0.253544553   0.235087020 ) 

    1    1
  0.08285399  0.00000000    0.00115272  0.00065452    0.00223421 -0.00115508
  0.00115272 -0.00065452    0.08332088  0.00000000   -0.00353474 -0.00150350
  0.00223421  0.00115508   -0.00353474  0.00150350    0.03153494  0.00000000
    1    2
 -0.02922643  0.06245811   -0.00183571  0.00270158    0.00829622  0.00143630
 -0.00183571  0.00270158   -0.03530773  0.03858926    0.00772364  0.01233550
  0.00829622  0.00143630    0.00772364  0.01233550   -0.00481677  0.00398703
    2    1
 -0.02922643 -0.06245811   -0.00183571 -0.00270158    0.00829622 -0.00143630
 -0.00183571 -0.00270158   -0.03530773 -0.03858926    0.00772364 -0.01233550
  0.00829622 -0.00143630    0.00772364 -0.01233550   -0.00481677 -0.00398703
    2    2
  0.08285399  0.00000000    0.00115272 -0.00065452    0.00223421  0.00115508
  0.00115272  0.00065452    0.08332088  0.00000000   -0.00353474  0.00150350
  0.00223421 -0.00115508   -0.00353474 -0.00150350    0.03153494 -0.00000000

     Dynamical  Matrix in cartesian axes

     q = (   -0.253544553   0.126772276   0.235087020 ) 

    1    1
  0.08332088  0.00000000    0.00115272  0.00065452   -0.00353474  0.00150350
  0.00115272 -0.00065452    0.08285399  0.00000000    0.00223421  0.00115508
 -0.00353474 -0.00150350    0.00223421 -0.00115508    0.03153494  0.00000000
    1    2
 -0.05225306 -0.00232039   -0.00320835 -0.00061226   -0.00326107 -0.01418395
 -0.00320835 -0.00061226   -0.06483076 -0.02349834    0.00485070 -0.00688193
 -0.00326107 -0.01418395    0.00485070 -0.00688193   -0.00622523  0.00058671
    2    1
 -0.05225306  0.00232039   -0.00320835  0.00061226   -0.00326107  0.01418395
 -0.00320835  0.00061226   -0.06483076  0.02349834    0.00485070  0.00688193
 -0.00326107  0.01418395    0.00485070  0.00688193   -0.00622523 -0.00058671
    2    2
  0.08332088  0.00000000    0.00115272 -0.00065452   -0.00353474 -0.00150350
  0.00115272  0.00065452    0.08285399  0.00000000    0.00223421 -0.00115508
 -0.00353474  0.00150350    0.00223421  0.00115508    0.03153494 -0.00000000

     Dynamical  Matrix in cartesian axes

     q = (    0.253544553  -0.126772276   0.235087020 ) 

    1    1
  0.08332088  0.00000000    0.00115272  0.00065452    0.00353474 -0.00150350
  0.00115272 -0.00065452    0.08285399  0.00000000   -0.00223421 -0.00115508
  0.00353474  0.00150350   -0.00223421  0.00115508    0.03153494 -0.00000000
    1    2
 -0.05225306 -0.00232039   -0.00320835 -0.00061226    0.00326107  0.01418395
 -0.00320835 -0.00061226   -0.06483076 -0.02349834   -0.00485070  0.00688193
  0.00326107  0.01418395   -0.00485070  0.00688193   -0.00622523  0.00058671
    2    1
 -0.05225306  0.00232039   -0.00320835  0.00061226    0.00326107 -0.01418395
 -0.00320835  0.00061226   -0.06483076  0.02349834   -0.00485070 -0.00688193
  0.00326107 -0.01418395   -0.00485070 -0.00688193   -0.00622523 -0.00058671
    2    2
  0.08332088  0.00000000    0.00115272 -0.00065452    0.00353474  0.00150350
  0.00115272  0.00065452    0.08285399  0.00000000   -0.00223421  0.00115508
  0.00353474 -0.00150350   -0.00223421 -0.00115508    0.03153494  0.00000000

     Dynamical  Matrix in cartesian axes

     q = (    0.126772276  -0.253544553  -0.235087020 ) 

    1    1
  0.08285399  0.00000000    0.00115272 -0.00065452   -0.00223421 -0.00115508
  0.00115272  0.00065452    0.08332088  0.00000000    0.00353474 -0.00150350
 -0.00223421  0.00115508    0.00353474  0.00150350    0.03153494  0.00000000
    1    2
 -0.02349834  0.06483076   -0.00061226  0.00320835    0.00688193  0.00485070
 -0.00061226  0.00320835   -0.00232039  0.05225306    0.01418395 -0.00326107
  0.00688193  0.00485070    0.01418395 -0.00326107    0.00058671  0.00622523
    2    1
 -0.02349834 -0.06483076   -0.00061226 -0.00320835    0.00688193 -0.00485070
 -0.00061226 -0.00320835   -0.00232039 -0.05225306    0.01418395  0.00326107
  0.00688193 -0.00485070    0.01418395  0.00326107    0.00058671 -0.00622523
    2    2
  0.08285399  0.00000000    0.00115272  0.00065452   -0.00223421  0.00115508
  0.00115272 -0.00065452    0.08332088  0.00000000    0.00353474  0.00150350
 -0.00223421 -0.00115508    0.00353474 -0.00150350    0.03153494 -0.00000000

     Dynamical  Matrix in cartesian axes

     q = (    0.253544553  -0.126772276  -0.235087020 ) 

    1    1
  0.08332088  0.00000000    0.00115272 -0.00065452   -0.00353474 -0.00150350
  0.00115272  0.00065452    0.08285399  0.00000000    0.00223421 -0.00115508
 -0.00353474  0.00150350    0.00223421  0.00115508    0.03153494 -0.00000000
    1    2
 -0.05225306  0.00232039   -0.00320835  0.00061226   -0.00326107  0.01418395
 -0.00320835  0.00061226   -0.06483076  0.02349834    0.00485070  0.00688193
 -0.00326107  0.01418395    0.00485070  0.00688193   -0.00622523 -0.00058671
    2    1
 -0.05225306 -0.00232039   -0.00320835 -0.00061226   -0.00326107 -0.01418395
 -0.00320835 -0.00061226   -0.06483076 -0.02349834    0.00485070 -0.00688193
 -0.00326107 -0.01418395    0.00485070 -0.00688193   -0.00622523  0.00058671
    2    2
  0.08332088  0.00000000    0.00115272  0.00065452   -0.00353474  0.00150350
  0.00115272 -0.00065452    0.08285399  0.00000000    0.00223421  0.00115508
 -0.00353474 -0.00150350    0.00223421 -0.00115508    0.03153494  0.00000000

     Dynamical  Matrix in cartesian axes

     q = (    0.253544553   0.126772276   0.235087020 ) 

    1    1
  0.08332088  0.00000000   -0.00115272 -0.00065452    0.00353474 -0.00150350
 -0.00115272  0.00065452    0.08285399  0.00000000    0.00223421  0.00115508
  0.00353474  0.00150350    0.00223421 -0.00115508    0.03153494 -0.00000000
    1    2
  0.00232039 -0.05225306   -0.00061226  0.00320835   -0.01418395  0.00326107
 -0.00061226  0.00320835    0.02349834 -0.06483076    0.00688193  0.00485070
 -0.01418395  0.00326107    0.00688193  0.00485070   -0.00058671 -0.00622523
    2    1
  0.00232039  0.05225306   -0.00061226 -0.00320835   -0.01418395 -0.00326107
 -0.00061226 -0.00320835    0.02349834  0.06483076    0.00688193 -0.00485070
 -0.01418395 -0.00326107    0.00688193 -0.00485070   -0.00058671  0.00622523
    2    2
  0.08332088  0.00000000   -0.00115272  0.00065452    0.00353474  0.00150350
 -0.00115272 -0.00065452    0.08285399  0.00000000    0.00223421 -0.00115508
  0.00353474 -0.00150350    0.00223421  0.00115508    0.03153494  0.00000000

     Dynamical  Matrix in cartesian axes

     q = (   -0.126772276   0.253544553  -0.235087020 ) 

    1    1
  0.08285399  0.00000000    0.00115272 -0.00065452    0.00223421  0.00115508
  0.00115272  0.00065452    0.08332088  0.00000000   -0.00353474  0.00150350
  0.00223421 -0.00115508   -0.00353474 -0.00150350    0.03153494 -0.00000000
    1    2
 -0.02922643 -0.06245811   -0.00183571 -0.00270158    0.00829622 -0.00143630
 -0.00183571 -0.00270158   -0.03530773 -0.03858926    0.00772364 -0.01233550
  0.00829622 -0.00143630    0.00772364 -0.01233550   -0.00481677 -0.00398703
    2    1
 -0.02922643  0.06245811   -0.00183571  0.00270158    0.00829622  0.00143630
 -0.00183571  0.00270158   -0.03530773  0.03858926    0.00772364  0.01233550
  0.00829622  0.00143630    0.00772364  0.01233550   -0.00481677  0.00398703
    2    2
  0.08285399  0.00000000    0.00115272  0.00065452    0.00223421 -0.00115508
  0.00115272 -0.00065452    0.08332088  0.00000000   -0.00353474 -0.00150350
  0.00223421  0.00115508   -0.00353474  0.00150350    0.03153494  0.00000000

     Dynamical  Matrix in cartesian axes

     q = (   -0.253544553   0.126772276  -0.235087020 ) 

    1    1
  0.08332088  0.00000000    0.00115272 -0.00065452    0.00353474  0.00150350
  0.00115272  0.00065452    0.08285399  0.00000000   -0.00223421  0.00115508
  0.00353474 -0.00150350   -0.00223421 -0.00115508    0.03153494  0.00000000
    1    2
 -0.05225306  0.00232039   -0.00320835  0.00061226    0.00326107 -0.01418395
 -0.00320835  0.00061226   -0.06483076  0.02349834   -0.00485070 -0.00688193
  0.00326107 -0.01418395   -0.00485070 -0.00688193   -0.00622523 -0.00058671
    2    1
 -0.05225306 -0.00232039   -0.00320835 -0.00061226    0.00326107  0.01418395
 -0.00320835 -0.00061226   -0.06483076 -0.02349834   -0.00485070  0.00688193
  0.00326107  0.01418395   -0.00485070  0.00688193   -0.00622523  0.00058671
    2    2
  0.08332088  0.00000000    0.00115272  0.00065452    0.00353474 -0.00150350
  0.00115272 -0.00065452    0.08285399  0.00000000   -0.00223421 -0.00115508
  0.00353474  0.00150350   -0.00223421  0.00115508    0.03153494 -0.00000000

     Dynamical  Matrix in cartesian axes

     q = (    0.126772276   0.253544553   0.235087020 ) 

    1    1
  0.08285399  0.00000000   -0.00115272 -0.00065452    0.00223421 -0.00115508
 -0.00115272  0.00065452    0.08332088  0.00000000    0.00353474  0.00150350
  0.00223421  0.00115508    0.00353474 -0.00150350    0.03153494  0.00000000
    1    2
  0.02922643 -0.06245811   -0.00183571  0.00270158   -0.00829622 -0.00143630
 -0.00183571  0.00270158    0.03530773 -0.03858926    0.00772364  0.01233550
 -0.00829622 -0.00143630    0.00772364  0.01233550    0.00481677 -0.00398703
    2    1
  0.02922643  0.06245811   -0.00183571 -0.00270158   -0.00829622  0.00143630
 -0.00183571 -0.00270158    0.03530773  0.03858926    0.00772364 -0.01233550
 -0.00829622  0.00143630    0.00772364 -0.01233550    0.00481677  0.00398703
    2    2
  0.08285399  0.00000000   -0.00115272  0.00065452    0.00223421  0.00115508
 -0.00115272 -0.00065452    0.08332088  0.00000000    0.00353474 -0.00150350
  0.00223421 -0.00115508    0.00353474  0.00150350    0.03153494 -0.00000000

     Dynamical  Matrix in cartesian axes

     q = (   -0.126772276  -0.253544553   0.235087020 ) 

    1    1
  0.08285399  0.00000000   -0.00115272 -0.00065452   -0.00223421  0.00115508
 -0.00115272  0.00065452    0.08332088  0.00000000   -0.00353474 -0.00150350
 -0.00223421 -0.00115508   -0.00353474  0.00150350    0.03153494 -0.00000000
    1    2
  0.02349834  0.06483076   -0.00061226 -0.00320835   -0.00688193  0.00485070
 -0.00061226 -0.00320835    0.00232039  0.05225306    0.01418395  0.00326107
 -0.00688193  0.00485070    0.01418395  0.00326107   -0.00058671  0.00622523
    2    1
  0.02349834 -0.06483076   -0.00061226  0.00320835   -0.00688193 -0.00485070
 -0.00061226  0.00320835    0.00232039 -0.05225306    0.01418395 -0.00326107
 -0.00688193 -0.00485070    0.01418395 -0.00326107   -0.00058671 -0.00622523
    2    2
  0.08285399  0.00000000   -0.00115272  0.00065452   -0.00223421 -0.00115508
 -0.00115272 -0.00065452    0.08332088  0.00000000   -0.00353474  0.00150350
 -0.00223421  0.00115508   -0.00353474 -0.00150350    0.03153494  0.00000000

     Dynamical  Matrix in cartesian axes

     q = (   -0.253544553  -0.126772276   0.235087020 ) 

    1    1
  0.08332088  0.00000000   -0.00115272 -0.00065452   -0.00353474  0.00150350
 -0.00115272  0.00065452    0.08285399  0.00000000   -0.00223421 -0.00115508
 -0.00353474 -0.00150350   -0.00223421  0.00115508    0.03153494  0.00000000
    1    2
 -0.00232039  0.05225306    0.00061226 -0.00320835   -0.01418395  0.00326107
  0.00061226 -0.00320835   -0.02349834  0.06483076    0.00688193  0.00485070
 -0.01418395  0.00326107    0.00688193  0.00485070    0.00058671  0.00622523
    2    1
 -0.00232039 -0.05225306    0.00061226  0.00320835   -0.01418395 -0.00326107
  0.00061226  0.00320835   -0.02349834 -0.06483076    0.00688193 -0.00485070
 -0.01418395 -0.00326107    0.00688193 -0.00485070    0.00058671 -0.00622523
    2    2
  0.08332088  0.00000000   -0.00115272  0.00065452   -0.00353474 -0.00150350
 -0.00115272 -0.00065452    0.08285399  0.00000000   -0.00223421  0.00115508
 -0.00353474  0.00150350   -0.00223421 -0.00115508    0.03153494 -0.00000000

     Diagonalizing the dynamical matrix

     q = (    0.126772276   0.253544553  -0.235087020 ) 

 **************************************************************************
     freq (    1) =       0.884762 [THz] =      29.512468 [cm-1]
 ( -0.472601 -0.372957  0.180864  0.082371 -0.263359  0.169398 ) 
 ( -0.195716  0.569337  0.107553 -0.167120 -0.313136  0.000000 ) 
     freq (    2) =       1.242373 [THz] =      41.441104 [cm-1]
 (  0.065052 -0.127365  0.258502 -0.363415  0.438030 -0.297964 ) 
 ( -0.125422 -0.068722 -0.418139 -0.155092 -0.529767  0.000000 ) 
     freq (    3) =       1.768525 [THz] =      58.991634 [cm-1]
 (  0.085401  0.324017  0.173100  0.216034 -0.466870 -0.305152 ) 
 (  0.248760 -0.224497  0.263090 -0.086129 -0.557750  0.000000 ) 
     freq (    4) =       2.274556 [THz] =      75.871006 [cm-1]
 ( -0.077383  0.010237  0.428421 -0.086155 -0.200284 -0.512665 ) 
 (  0.018624  0.075803 -0.075650 -0.430400  0.550400  0.000000 ) 
     freq (    5) =       3.681749 [THz] =     122.809922 [cm-1]
 (  0.202173  0.031675  0.673761 -0.007449  0.003191  0.064060 ) 
 (  0.041693  0.200347  0.026075  0.673297  0.064140  0.000000 ) 
     freq (    6) =       3.920611 [THz] =     130.777512 [cm-1]
 ( -0.645788 -0.199512  0.197805  0.029530 -0.013858  0.054426 ) 
 ( -0.033998 -0.675049 -0.020191  0.198976  0.056163  0.000000 ) 
 **************************************************************************
