Dynamical matrix file
                                                                           
  1    2  0 11.2374640  0.0000000  0.0000000  0.0000000  0.0000000  0.0000000
Basis vectors
      0.986020000   -0.000000000   -0.000000000
     -0.000000000    0.986020000   -0.000000000
      0.493010000    0.493010000    0.265859000
           1  'Sn  '    108197.54598352207     
    1    1      0.9860200000      1.2325250000      0.1993942500
    2    1      0.4930100000      0.2465050000      0.0664647500

     Dynamical  Matrix in cartesian axes

     q = (    0.380316829   0.380316829  -1.410522119 ) 

    1    1
  0.09319222  0.00000000   -0.00526124 -0.00381119   -0.00525601 -0.00080889
 -0.00526124  0.00381119    0.09319222  0.00000000   -0.00525601  0.00080889
 -0.00525601  0.00080889   -0.00525601 -0.00080889    0.07553830  0.00000000
    1    2
  0.02035484  0.00959159   -0.00101401  0.00101401    0.00230593 -0.02479802
 -0.00101401  0.00101401   -0.00959159 -0.02035484    0.02479802 -0.00230593
  0.00230593 -0.02479802    0.02479802 -0.00230593   -0.00129617  0.00129617
    2    1
  0.02035484 -0.00959159   -0.00101401 -0.00101401    0.00230593  0.02479802
 -0.00101401 -0.00101401   -0.00959159  0.02035484    0.02479802  0.00230593
  0.00230593  0.02479802    0.02479802  0.00230593   -0.00129617 -0.00129617
    2    2
  0.09319222  0.00000000   -0.00526124  0.00381119   -0.00525601  0.00080889
 -0.00526124 -0.00381119    0.09319222  0.00000000   -0.00525601 -0.00080889
 -0.00525601 -0.00080889   -0.00525601  0.00080889    0.07553830  0.00000000

     Dynamical  Matrix in cartesian axes

     q = (   -0.380316829  -0.380316829  -1.410522119 ) 

    1    1
  0.09319222  0.00000000   -0.00526124 -0.00381119    0.00525601  0.00080889
 -0.00526124  0.00381119    0.09319222  0.00000000    0.00525601 -0.00080889
  0.00525601 -0.00080889    0.00525601  0.00080889    0.07553830  0.00000000
    1    2
  0.02117532 -0.00761076   -0.00000000  0.00143403    0.01590431  0.01916539
 -0.00000000  0.00143403   -0.02117532 -0.00761076   -0.01590431  0.01916539
  0.01590431  0.01916539   -0.01590431  0.01916539   -0.00000000  0.00183306
    2    1
  0.02117532  0.00761076   -0.00000000 -0.00143403    0.01590431 -0.01916539
 -0.00000000 -0.00143403   -0.02117532  0.00761076   -0.01590431 -0.01916539
  0.01590431 -0.01916539   -0.01590431 -0.01916539   -0.00000000 -0.00183306
    2    2
  0.09319222  0.00000000   -0.00526124  0.00381119    0.00525601 -0.00080889
 -0.00526124 -0.00381119    0.09319222  0.00000000    0.00525601  0.00080889
  0.00525601  0.00080889    0.00525601 -0.00080889    0.07553830  0.00000000

     Dynamical  Matrix in cartesian axes

     q = (   -0.380316829   0.380316829   1.410522119 ) 

    1    1
  0.09319222  0.00000000    0.00526124 -0.00381119   -0.00525601  0.00080889
  0.00526124  0.00381119    0.09319222  0.00000000    0.00525601  0.00080889
 -0.00525601 -0.00080889    0.00525601 -0.00080889    0.07553830  0.00000000
    1    2
 -0.00959159 -0.02035484    0.00101401 -0.00101401    0.02479802 -0.00230593
  0.00101401 -0.00101401    0.02035484  0.00959159   -0.00230593  0.02479802
  0.02479802 -0.00230593   -0.00230593  0.02479802   -0.00129617  0.00129617
    2    1
 -0.00959159  0.02035484    0.00101401  0.00101401    0.02479802  0.00230593
  0.00101401  0.00101401    0.02035484 -0.00959159   -0.00230593 -0.02479802
  0.02479802  0.00230593   -0.00230593 -0.02479802   -0.00129617 -0.00129617
    2    2
  0.09319222  0.00000000    0.00526124  0.00381119   -0.00525601 -0.00080889
  0.00526124 -0.00381119    0.09319222  0.00000000    0.00525601 -0.00080889
 -0.00525601  0.00080889    0.00525601  0.00080889    0.07553830  0.00000000

     Dynamical  Matrix in cartesian axes

     q = (    0.380316829  -0.380316829   1.410522119 ) 

    1    1
  0.09319222  0.00000000    0.00526124 -0.00381119    0.00525601 -0.00080889
  0.00526124  0.00381119    0.09319222  0.00000000   -0.00525601 -0.00080889
  0.00525601  0.00080889   -0.00525601  0.00080889    0.07553830  0.00000000
    1    2
 -0.00761076  0.02117532   -0.00143403 -0.00000000    0.01916539  0.01590431
 -0.00143403 -0.00000000   -0.00761076 -0.02117532   -0.01916539  0.01590431
  0.01916539  0.01590431   -0.01916539  0.01590431    0.00183306  0.00000000
    2    1
 -0.00761076 -0.02117532   -0.00143403  0.00000000    0.01916539 -0.01590431
 -0.00143403  0.00000000   -0.00761076  0.02117532   -0.01916539 -0.01590431
  0.01916539 -0.01590431   -0.01916539 -0.01590431    0.00183306 -0.00000000
    2    2
  0.09319222  0.00000000    0.00526124  0.00381119    0.00525601  0.00080889
  0.00526124 -0.00381119    0.09319222  0.00000000   -0.00525601  0.00080889
  0.00525601 -0.00080889   -0.00525601 -0.00080889    0.07553830  0.00000000

     Dynamical  Matrix in cartesian axes

     q = (    0.380316829  -0.380316829  -1.410522119 ) 

    1    1
  0.09319222  0.00000000    0.00526124  0.00381119   -0.00525601 -0.00080889
  0.00526124 -0.00381119    0.09319222  0.00000000    0.00525601 -0.00080889
 -0.00525601  0.00080889    0.00525601  0.00080889    0.07553830  0.00000000
    1    2
 -0.00959159  0.02035484    0.00101401  0.00101401    0.02479802  0.00230593
  0.00101401  0.00101401    0.02035484 -0.00959159   -0.00230593 -0.02479802
  0.02479802  0.00230593   -0.00230593 -0.02479802   -0.00129617 -0.00129617
    2    1
 -0.00959159 -0.02035484    0.00101401 -0.00101401    0.02479802 -0.00230593
  0.00101401 -0.00101401    0.02035484  0.00959159   -0.00230593  0.02479802
  0.02479802 -0.00230593   -0.00230593  0.02479802   -0.00129617  0.00129617
    2    2
  0.09319222  0.00000000    0.00526124 -0.00381119   -0.00525601  0.00080889
  0.00526124  0.00381119    0.09319222  0.00000000    0.00525601  0.00080889
 -0.00525601 -0.00080889    0.00525601 -0.00080889    0.07553830  0.00000000

     Dynamical  Matrix in cartesian axes

     q = (    0.380316829   0.380316829   1.410522119 ) 

    1    1
  0.09319222  0.00000000   -0.00526124  0.00381119    0.00525601 -0.00080889
 -0.00526124 -0.00381119    0.09319222  0.00000000    0.00525601  0.00080889
  0.00525601  0.00080889    0.00525601 -0.00080889    0.07553830  0.00000000
    1    2
  0.02117532  0.00761076   -0.00000000 -0.00143403    0.01590431 -0.01916539
 -0.00000000 -0.00143403   -0.02117532  0.00761076   -0.01590431 -0.01916539
  0.01590431 -0.01916539   -0.01590431 -0.01916539   -0.00000000 -0.00183306
    2    1
  0.02117532 -0.00761076   -0.00000000  0.00143403    0.01590431  0.01916539
 -0.00000000  0.00143403   -0.02117532 -0.00761076   -0.01590431  0.01916539
  0.01590431  0.01916539   -0.01590431  0.01916539   -0.00000000  0.00183306
    2    2
  0.09319222  0.00000000   -0.00526124 -0.00381119    0.00525601  0.00080889
 -0.00526124  0.00381119    0.09319222  0.00000000    0.00525601 -0.00080889
  0.00525601 -0.00080889    0.00525601  0.00080889    0.07553830  0.00000000

     Dynamical  Matrix in cartesian axes

     q = (   -0.380316829   0.380316829  -1.410522119 ) 

    1    1
  0.09319222  0.00000000    0.00526124  0.00381119    0.00525601  0.00080889
  0.00526124 -0.00381119    0.09319222  0.00000000   -0.00525601  0.00080889
  0.00525601 -0.00080889   -0.00525601 -0.00080889    0.07553830  0.00000000
    1    2
 -0.00761076 -0.02117532   -0.00143403  0.00000000    0.01916539 -0.01590431
 -0.00143403  0.00000000   -0.00761076  0.02117532   -0.01916539 -0.01590431
  0.01916539 -0.01590431   -0.01916539 -0.01590431    0.00183306 -0.00000000
    2    1
 -0.00761076  0.02117532   -0.00143403 -0.00000000    0.01916539  0.01590431
 -0.00143403 -0.00000000   -0.00761076 -0.02117532   -0.01916539  0.01590431
  0.01916539  0.01590431   -0.01916539  0.01590431    0.00183306  0.00000000
    2    2
  0.09319222  0.00000000    0.00526124 -0.00381119    0.00525601 -0.00080889
  0.00526124  0.00381119    0.09319222  0.00000000   -0.00525601 -0.00080889
  0.00525601  0.00080889   -0.00525601  0.00080889    0.07553830  0.00000000

     Dynamical  Matrix in cartesian axes

     q = (   -0.380316829  -0.380316829   1.410522119 ) 

    1    1
  0.09319222  0.00000000   -0.00526124  0.00381119   -0.00525601  0.00080889
 -0.00526124 -0.00381119    0.09319222  0.00000000   -0.00525601 -0.00080889
 -0.00525601 -0.00080889   -0.00525601  0.00080889    0.07553830  0.00000000
    1    2
  0.02035484 -0.00959159   -0.00101401 -0.00101401    0.00230593  0.02479802
 -0.00101401 -0.00101401   -0.00959159  0.02035484    0.02479802  0.00230593
  0.00230593  0.02479802    0.02479802  0.00230593   -0.00129617 -0.00129617
    2    1
  0.02035484  0.00959159   -0.00101401  0.00101401    0.00230593 -0.02479802
 -0.00101401  0.00101401   -0.00959159 -0.02035484    0.02479802 -0.00230593
  0.00230593 -0.02479802    0.02479802 -0.00230593   -0.00129617  0.00129617
    2    2
  0.09319222  0.00000000   -0.00526124 -0.00381119   -0.00525601 -0.00080889
 -0.00526124  0.00381119    0.09319222  0.00000000   -0.00525601  0.00080889
 -0.00525601  0.00080889   -0.00525601 -0.00080889    0.07553830  0.00000000

     Diagonalizing the dynamical matrix

     q = (    0.380316829   0.380316829  -1.410522119 ) 

 **************************************************************************
     freq (    1) =       2.079342 [THz] =      69.359393 [cm-1]
 (  0.027620  0.350927 -0.350927 -0.027620  0.355088 -0.355088 ) 
 ( -0.228613 -0.267673 -0.228613  0.267673  0.502170  0.000000 ) 
     freq (    2) =       2.119434 [THz] =      70.696702 [cm-1]
 ( -0.257300  0.234259 -0.234259  0.257300 -0.359054  0.359054 ) 
 (  0.347584 -0.016292  0.347584  0.016292  0.507779  0.000000 ) 
     freq (    3) =       2.791044 [THz] =      93.099202 [cm-1]
 ( -0.426522 -0.097572  0.097572  0.426522  0.241988 -0.241988 ) 
 (  0.232603 -0.370591  0.232603  0.370591 -0.342223  0.000000 ) 
     freq (    4) =       3.235535 [THz] =     107.925815 [cm-1]
 ( -0.032033  0.356144 -0.356144  0.032033 -0.349479  0.349479 ) 
 ( -0.274483 -0.229181 -0.274483  0.229181 -0.494237  0.000000 ) 
     freq (    5) =       3.307215 [THz] =     110.316831 [cm-1]
 ( -0.498208 -0.003444  0.003444  0.498208  0.042156 -0.042156 ) 
 ( -0.349851  0.354722 -0.349851 -0.354722  0.059618  0.000000 ) 
     freq (    6) =       3.793232 [THz] =     126.528584 [cm-1]
 ( -0.043308 -0.430816  0.430816  0.043308 -0.250044  0.250044 ) 
 ( -0.274010 -0.335256 -0.274010  0.335256  0.353615 -0.000000 ) 
 **************************************************************************
