Dynamical matrix file
                                                                           
  1    2  0 11.2374640  0.0000000  0.0000000  0.0000000  0.0000000  0.0000000
Basis vectors
      0.986020000   -0.000000000   -0.000000000
     -0.000000000    0.986020000   -0.000000000
      0.493010000    0.493010000    0.265859000
           1  'Sn  '    108197.54598352207     
    1    1      0.9860200000      1.2325250000      0.1993942500
    2    1      0.4930100000      0.2465050000      0.0664647500

     Dynamical  Matrix in cartesian axes

     q = (    0.253544553  -0.507089106   0.470174040 ) 

    1    1
  0.09199564  0.00000000   -0.00371855 -0.00298658    0.00151624 -0.00102191
 -0.00371855  0.00298658    0.08969850  0.00000000   -0.00173943  0.00013922
  0.00151624  0.00102191   -0.00173943 -0.00013922    0.07204025  0.00000000
    1    2
  0.03066257  0.03420009   -0.00313510  0.00258984    0.00805980 -0.01872553
 -0.00313510  0.00258984    0.00068409  0.00345248    0.02491346  0.00929990
  0.00805980 -0.01872553    0.02491346  0.00929990   -0.00129302  0.00173589
    2    1
  0.03066257 -0.03420009   -0.00313510 -0.00258984    0.00805980  0.01872553
 -0.00313510 -0.00258984    0.00068409 -0.00345248    0.02491346 -0.00929990
  0.00805980  0.01872553    0.02491346 -0.00929990   -0.00129302 -0.00173589
    2    2
  0.09199564  0.00000000   -0.00371855  0.00298658    0.00151624  0.00102191
 -0.00371855 -0.00298658    0.08969850  0.00000000   -0.00173943 -0.00013922
  0.00151624 -0.00102191   -0.00173943  0.00013922    0.07204025 -0.00000000

     Dynamical  Matrix in cartesian axes

     q = (   -0.507089106   0.253544553   0.470174040 ) 

    1    1
  0.08969850  0.00000000   -0.00371855 -0.00298658   -0.00173943 -0.00013922
 -0.00371855  0.00298658    0.09199564  0.00000000    0.00151624  0.00102191
 -0.00173943  0.00013922    0.00151624 -0.00102191    0.07204025 -0.00000000
    1    2
 -0.00345248 -0.00068409   -0.00258984  0.00313510   -0.00929990 -0.02491346
 -0.00258984  0.00313510   -0.03420009 -0.03066257    0.01872553 -0.00805980
 -0.00929990 -0.02491346    0.01872553 -0.00805980   -0.00173589  0.00129302
    2    1
 -0.00345248  0.00068409   -0.00258984 -0.00313510   -0.00929990  0.02491346
 -0.00258984 -0.00313510   -0.03420009  0.03066257    0.01872553  0.00805980
 -0.00929990  0.02491346    0.01872553  0.00805980   -0.00173589 -0.00129302
    2    2
  0.08969850  0.00000000   -0.00371855  0.00298658   -0.00173943  0.00013922
 -0.00371855 -0.00298658    0.09199564  0.00000000    0.00151624 -0.00102191
 -0.00173943 -0.00013922    0.00151624  0.00102191    0.07204025  0.00000000

     Dynamical  Matrix in cartesian axes

     q = (   -0.253544553   0.507089106   0.470174040 ) 

    1    1
  0.09199564  0.00000000   -0.00371855 -0.00298658   -0.00151624  0.00102191
 -0.00371855  0.00298658    0.08969850  0.00000000    0.00173943 -0.00013922
 -0.00151624 -0.00102191    0.00173943  0.00013922    0.07204025  0.00000000
    1    2
  0.03420009 -0.03066257    0.00258984  0.00313510    0.01872553  0.00805980
  0.00258984  0.00313510    0.00345248 -0.00068409   -0.00929990  0.02491346
  0.01872553  0.00805980   -0.00929990  0.02491346    0.00173589  0.00129302
    2    1
  0.03420009  0.03066257    0.00258984 -0.00313510    0.01872553 -0.00805980
  0.00258984 -0.00313510    0.00345248  0.00068409   -0.00929990 -0.02491346
  0.01872553 -0.00805980   -0.00929990 -0.02491346    0.00173589 -0.00129302
    2    2
  0.09199564  0.00000000   -0.00371855  0.00298658   -0.00151624 -0.00102191
 -0.00371855 -0.00298658    0.08969850  0.00000000    0.00173943  0.00013922
 -0.00151624  0.00102191    0.00173943 -0.00013922    0.07204025 -0.00000000

     Dynamical  Matrix in cartesian axes

     q = (    0.507089106  -0.253544553   0.470174040 ) 

    1    1
  0.08969850  0.00000000   -0.00371855 -0.00298658    0.00173943  0.00013922
 -0.00371855  0.00298658    0.09199564  0.00000000   -0.00151624 -0.00102191
  0.00173943 -0.00013922   -0.00151624  0.00102191    0.07204025 -0.00000000
    1    2
 -0.00345248 -0.00068409   -0.00258984  0.00313510    0.00929990  0.02491346
 -0.00258984  0.00313510   -0.03420009 -0.03066257   -0.01872553  0.00805980
  0.00929990  0.02491346   -0.01872553  0.00805980   -0.00173589  0.00129302
    2    1
 -0.00345248  0.00068409   -0.00258984 -0.00313510    0.00929990 -0.02491346
 -0.00258984 -0.00313510   -0.03420009  0.03066257   -0.01872553 -0.00805980
  0.00929990 -0.02491346   -0.01872553 -0.00805980   -0.00173589 -0.00129302
    2    2
  0.08969850  0.00000000   -0.00371855  0.00298658    0.00173943 -0.00013922
 -0.00371855 -0.00298658    0.09199564  0.00000000   -0.00151624  0.00102191
  0.00173943  0.00013922   -0.00151624 -0.00102191    0.07204025  0.00000000

     Dynamical  Matrix in cartesian axes

     q = (   -0.253544553  -0.507089106  -0.470174040 ) 

    1    1
  0.09199564  0.00000000    0.00371855 -0.00298658    0.00151624  0.00102191
  0.00371855  0.00298658    0.08969850  0.00000000    0.00173943  0.00013922
  0.00151624 -0.00102191    0.00173943 -0.00013922    0.07204025 -0.00000000
    1    2
  0.03066257 -0.03420009    0.00313510  0.00258984    0.00805980  0.01872553
  0.00313510  0.00258984    0.00068409 -0.00345248   -0.02491346  0.00929990
  0.00805980  0.01872553   -0.02491346  0.00929990   -0.00129302 -0.00173589
    2    1
  0.03066257  0.03420009    0.00313510 -0.00258984    0.00805980 -0.01872553
  0.00313510 -0.00258984    0.00068409  0.00345248   -0.02491346 -0.00929990
  0.00805980 -0.01872553   -0.02491346 -0.00929990   -0.00129302  0.00173589
    2    2
  0.09199564  0.00000000    0.00371855  0.00298658    0.00151624 -0.00102191
  0.00371855 -0.00298658    0.08969850  0.00000000    0.00173943 -0.00013922
  0.00151624  0.00102191    0.00173943  0.00013922    0.07204025  0.00000000

     Dynamical  Matrix in cartesian axes

     q = (    0.253544553   0.507089106  -0.470174040 ) 

    1    1
  0.09199564  0.00000000    0.00371855 -0.00298658   -0.00151624 -0.00102191
  0.00371855  0.00298658    0.08969850  0.00000000   -0.00173943 -0.00013922
 -0.00151624  0.00102191   -0.00173943  0.00013922    0.07204025 -0.00000000
    1    2
  0.03420009  0.03066257   -0.00258984  0.00313510    0.01872553 -0.00805980
 -0.00258984  0.00313510    0.00345248  0.00068409    0.00929990  0.02491346
  0.01872553 -0.00805980    0.00929990  0.02491346    0.00173589 -0.00129302
    2    1
  0.03420009 -0.03066257   -0.00258984 -0.00313510    0.01872553  0.00805980
 -0.00258984 -0.00313510    0.00345248 -0.00068409    0.00929990 -0.02491346
  0.01872553  0.00805980    0.00929990 -0.02491346    0.00173589  0.00129302
    2    2
  0.09199564  0.00000000    0.00371855  0.00298658   -0.00151624  0.00102191
  0.00371855 -0.00298658    0.08969850  0.00000000   -0.00173943  0.00013922
 -0.00151624 -0.00102191   -0.00173943 -0.00013922    0.07204025  0.00000000

     Dynamical  Matrix in cartesian axes

     q = (    0.507089106   0.253544553  -0.470174040 ) 

    1    1
  0.08969850  0.00000000    0.00371855 -0.00298658   -0.00173943  0.00013922
  0.00371855  0.00298658    0.09199564  0.00000000   -0.00151624  0.00102191
 -0.00173943 -0.00013922   -0.00151624 -0.00102191    0.07204025  0.00000000
    1    2
  0.00345248 -0.00068409   -0.00258984 -0.00313510    0.00929990 -0.02491346
 -0.00258984 -0.00313510    0.03420009 -0.03066257    0.01872553  0.00805980
  0.00929990 -0.02491346    0.01872553  0.00805980    0.00173589  0.00129302
    2    1
  0.00345248  0.00068409   -0.00258984  0.00313510    0.00929990  0.02491346
 -0.00258984  0.00313510    0.03420009  0.03066257    0.01872553 -0.00805980
  0.00929990  0.02491346    0.01872553 -0.00805980    0.00173589 -0.00129302
    2    2
  0.08969850  0.00000000    0.00371855  0.00298658   -0.00173943 -0.00013922
  0.00371855 -0.00298658    0.09199564  0.00000000   -0.00151624 -0.00102191
 -0.00173943  0.00013922   -0.00151624  0.00102191    0.07204025 -0.00000000

     Dynamical  Matrix in cartesian axes

     q = (   -0.507089106  -0.253544553  -0.470174040 ) 

    1    1
  0.08969850  0.00000000    0.00371855 -0.00298658    0.00173943 -0.00013922
  0.00371855  0.00298658    0.09199564  0.00000000    0.00151624 -0.00102191
  0.00173943  0.00013922    0.00151624  0.00102191    0.07204025  0.00000000
    1    2
  0.00345248 -0.00068409   -0.00258984 -0.00313510   -0.00929990  0.02491346
 -0.00258984 -0.00313510    0.03420009 -0.03066257   -0.01872553 -0.00805980
 -0.00929990  0.02491346   -0.01872553 -0.00805980    0.00173589  0.00129302
    2    1
  0.00345248  0.00068409   -0.00258984  0.00313510   -0.00929990 -0.02491346
 -0.00258984  0.00313510    0.03420009  0.03066257   -0.01872553  0.00805980
 -0.00929990 -0.02491346   -0.01872553  0.00805980    0.00173589 -0.00129302
    2    2
  0.08969850  0.00000000    0.00371855  0.00298658    0.00173943  0.00013922
  0.00371855 -0.00298658    0.09199564  0.00000000    0.00151624  0.00102191
  0.00173943 -0.00013922    0.00151624 -0.00102191    0.07204025 -0.00000000

     Dynamical  Matrix in cartesian axes

     q = (    0.253544553   0.507089106   0.470174040 ) 

    1    1
  0.09199564  0.00000000    0.00371855  0.00298658    0.00151624 -0.00102191
  0.00371855 -0.00298658    0.08969850  0.00000000    0.00173943 -0.00013922
  0.00151624  0.00102191    0.00173943  0.00013922    0.07204025  0.00000000
    1    2
  0.03066257  0.03420009    0.00313510 -0.00258984    0.00805980 -0.01872553
  0.00313510 -0.00258984    0.00068409  0.00345248   -0.02491346 -0.00929990
  0.00805980 -0.01872553   -0.02491346 -0.00929990   -0.00129302  0.00173589
    2    1
  0.03066257 -0.03420009    0.00313510  0.00258984    0.00805980  0.01872553
  0.00313510  0.00258984    0.00068409 -0.00345248   -0.02491346  0.00929990
  0.00805980  0.01872553   -0.02491346  0.00929990   -0.00129302 -0.00173589
    2    2
  0.09199564  0.00000000    0.00371855 -0.00298658    0.00151624  0.00102191
  0.00371855  0.00298658    0.08969850  0.00000000    0.00173943  0.00013922
  0.00151624 -0.00102191    0.00173943 -0.00013922    0.07204025 -0.00000000

     Dynamical  Matrix in cartesian axes

     q = (   -0.507089106  -0.253544553   0.470174040 ) 

    1    1
  0.08969850  0.00000000    0.00371855  0.00298658   -0.00173943 -0.00013922
  0.00371855 -0.00298658    0.09199564  0.00000000   -0.00151624 -0.00102191
 -0.00173943  0.00013922   -0.00151624  0.00102191    0.07204025 -0.00000000
    1    2
  0.00345248  0.00068409   -0.00258984  0.00313510    0.00929990  0.02491346
 -0.00258984  0.00313510    0.03420009  0.03066257    0.01872553 -0.00805980
  0.00929990  0.02491346    0.01872553 -0.00805980    0.00173589 -0.00129302
    2    1
  0.00345248 -0.00068409   -0.00258984 -0.00313510    0.00929990 -0.02491346
 -0.00258984 -0.00313510    0.03420009 -0.03066257    0.01872553  0.00805980
  0.00929990 -0.02491346    0.01872553  0.00805980    0.00173589  0.00129302
    2    2
  0.08969850  0.00000000    0.00371855 -0.00298658   -0.00173943  0.00013922
  0.00371855  0.00298658    0.09199564  0.00000000   -0.00151624  0.00102191
 -0.00173943 -0.00013922   -0.00151624 -0.00102191    0.07204025  0.00000000

     Dynamical  Matrix in cartesian axes

     q = (   -0.507089106   0.253544553  -0.470174040 ) 

    1    1
  0.08969850  0.00000000   -0.00371855  0.00298658    0.00173943 -0.00013922
 -0.00371855 -0.00298658    0.09199564  0.00000000   -0.00151624  0.00102191
  0.00173943  0.00013922   -0.00151624 -0.00102191    0.07204025  0.00000000
    1    2
 -0.00345248  0.00068409   -0.00258984 -0.00313510    0.00929990 -0.02491346
 -0.00258984 -0.00313510   -0.03420009  0.03066257   -0.01872553 -0.00805980
  0.00929990 -0.02491346   -0.01872553 -0.00805980   -0.00173589 -0.00129302
    2    1
 -0.00345248 -0.00068409   -0.00258984  0.00313510    0.00929990  0.02491346
 -0.00258984  0.00313510   -0.03420009 -0.03066257   -0.01872553  0.00805980
  0.00929990  0.02491346   -0.01872553  0.00805980   -0.00173589  0.00129302
    2    2
  0.08969850  0.00000000   -0.00371855 -0.00298658    0.00173943  0.00013922
 -0.00371855  0.00298658    0.09199564  0.00000000   -0.00151624 -0.00102191
  0.00173943 -0.00013922   -0.00151624  0.00102191    0.07204025 -0.00000000

     Dynamical  Matrix in cartesian axes

     q = (   -0.253544553  -0.507089106   0.470174040 ) 

    1    1
  0.09199564  0.00000000    0.00371855  0.00298658   -0.00151624  0.00102191
  0.00371855 -0.00298658    0.08969850  0.00000000   -0.00173943  0.00013922
 -0.00151624 -0.00102191   -0.00173943 -0.00013922    0.07204025  0.00000000
    1    2
  0.03420009 -0.03066257   -0.00258984 -0.00313510    0.01872553  0.00805980
 -0.00258984 -0.00313510    0.00345248 -0.00068409    0.00929990 -0.02491346
  0.01872553  0.00805980    0.00929990 -0.02491346    0.00173589  0.00129302
    2    1
  0.03420009  0.03066257   -0.00258984  0.00313510    0.01872553 -0.00805980
 -0.00258984  0.00313510    0.00345248  0.00068409    0.00929990  0.02491346
  0.01872553 -0.00805980    0.00929990  0.02491346    0.00173589 -0.00129302
    2    2
  0.09199564  0.00000000    0.00371855 -0.00298658   -0.00151624 -0.00102191
  0.00371855  0.00298658    0.08969850  0.00000000   -0.00173943 -0.00013922
 -0.00151624  0.00102191   -0.00173943  0.00013922    0.07204025 -0.00000000

     Dynamical  Matrix in cartesian axes

     q = (    0.507089106   0.253544553   0.470174040 ) 

    1    1
  0.08969850  0.00000000    0.00371855  0.00298658    0.00173943  0.00013922
  0.00371855 -0.00298658    0.09199564  0.00000000    0.00151624  0.00102191
  0.00173943 -0.00013922    0.00151624 -0.00102191    0.07204025 -0.00000000
    1    2
  0.00345248  0.00068409   -0.00258984  0.00313510   -0.00929990 -0.02491346
 -0.00258984  0.00313510    0.03420009  0.03066257   -0.01872553  0.00805980
 -0.00929990 -0.02491346   -0.01872553  0.00805980    0.00173589 -0.00129302
    2    1
  0.00345248 -0.00068409   -0.00258984 -0.00313510   -0.00929990  0.02491346
 -0.00258984 -0.00313510    0.03420009 -0.03066257   -0.01872553 -0.00805980
 -0.00929990  0.02491346   -0.01872553 -0.00805980    0.00173589  0.00129302
    2    2
  0.08969850  0.00000000    0.00371855 -0.00298658    0.00173943 -0.00013922
  0.00371855  0.00298658    0.09199564  0.00000000    0.00151624 -0.00102191
  0.00173943  0.00013922    0.00151624  0.00102191    0.07204025  0.00000000

     Dynamical  Matrix in cartesian axes

     q = (    0.253544553  -0.507089106  -0.470174040 ) 

    1    1
  0.09199564  0.00000000   -0.00371855  0.00298658   -0.00151624 -0.00102191
 -0.00371855 -0.00298658    0.08969850  0.00000000    0.00173943  0.00013922
 -0.00151624  0.00102191    0.00173943 -0.00013922    0.07204025 -0.00000000
    1    2
  0.03420009  0.03066257    0.00258984 -0.00313510    0.01872553 -0.00805980
  0.00258984 -0.00313510    0.00345248  0.00068409   -0.00929990 -0.02491346
  0.01872553 -0.00805980   -0.00929990 -0.02491346    0.00173589 -0.00129302
    2    1
  0.03420009 -0.03066257    0.00258984  0.00313510    0.01872553  0.00805980
  0.00258984  0.00313510    0.00345248 -0.00068409   -0.00929990  0.02491346
  0.01872553  0.00805980   -0.00929990  0.02491346    0.00173589  0.00129302
    2    2
  0.09199564  0.00000000   -0.00371855 -0.00298658   -0.00151624  0.00102191
 -0.00371855  0.00298658    0.08969850  0.00000000    0.00173943 -0.00013922
 -0.00151624 -0.00102191    0.00173943  0.00013922    0.07204025  0.00000000

     Dynamical  Matrix in cartesian axes

     q = (   -0.253544553   0.507089106  -0.470174040 ) 

    1    1
  0.09199564  0.00000000   -0.00371855  0.00298658    0.00151624  0.00102191
 -0.00371855 -0.00298658    0.08969850  0.00000000   -0.00173943 -0.00013922
  0.00151624 -0.00102191   -0.00173943  0.00013922    0.07204025 -0.00000000
    1    2
  0.03066257 -0.03420009   -0.00313510 -0.00258984    0.00805980  0.01872553
 -0.00313510 -0.00258984    0.00068409 -0.00345248    0.02491346 -0.00929990
  0.00805980  0.01872553    0.02491346 -0.00929990   -0.00129302 -0.00173589
    2    1
  0.03066257  0.03420009   -0.00313510  0.00258984    0.00805980 -0.01872553
 -0.00313510  0.00258984    0.00068409  0.00345248    0.02491346  0.00929990
  0.00805980 -0.01872553    0.02491346  0.00929990   -0.00129302  0.00173589
    2    2
  0.09199564  0.00000000   -0.00371855 -0.00298658    0.00151624 -0.00102191
 -0.00371855  0.00298658    0.08969850  0.00000000   -0.00173943  0.00013922
  0.00151624  0.00102191   -0.00173943 -0.00013922    0.07204025  0.00000000

     Dynamical  Matrix in cartesian axes

     q = (    0.507089106  -0.253544553  -0.470174040 ) 

    1    1
  0.08969850  0.00000000   -0.00371855  0.00298658   -0.00173943  0.00013922
 -0.00371855 -0.00298658    0.09199564  0.00000000    0.00151624 -0.00102191
 -0.00173943 -0.00013922    0.00151624  0.00102191    0.07204025  0.00000000
    1    2
 -0.00345248  0.00068409   -0.00258984 -0.00313510   -0.00929990  0.02491346
 -0.00258984 -0.00313510   -0.03420009  0.03066257    0.01872553  0.00805980
 -0.00929990  0.02491346    0.01872553  0.00805980   -0.00173589 -0.00129302
    2    1
 -0.00345248 -0.00068409   -0.00258984  0.00313510   -0.00929990 -0.02491346
 -0.00258984  0.00313510   -0.03420009 -0.03066257    0.01872553 -0.00805980
 -0.00929990 -0.02491346    0.01872553 -0.00805980   -0.00173589  0.00129302
    2    2
  0.08969850  0.00000000   -0.00371855 -0.00298658   -0.00173943 -0.00013922
 -0.00371855  0.00298658    0.09199564  0.00000000    0.00151624  0.00102191
 -0.00173943  0.00013922    0.00151624 -0.00102191    0.07204025 -0.00000000

     Diagonalizing the dynamical matrix

     q = (    0.253544553  -0.507089106   0.470174040 ) 

 **************************************************************************
     freq (    1) =       1.719722 [THz] =      57.363741 [cm-1]
 (  0.207780 -0.514239  0.172814  0.026922 -0.398970  0.051179 ) 
 (  0.271521  0.483622  0.167984 -0.048692 -0.402239  0.000000 ) 
     freq (    2) =       2.228030 [THz] =      74.319090 [cm-1]
 (  0.082390 -0.057617  0.384062  0.153396  0.559054  0.079477 ) 
 ( -0.073461 -0.068640 -0.401829  0.097813 -0.564675  0.000000 ) 
     freq (    3) =       2.620020 [THz] =      87.394463 [cm-1]
 ( -0.200054  0.364932  0.374201  0.153792 -0.390926 -0.101495 ) 
 ( -0.101929 -0.403494  0.400840 -0.054822 -0.403887  0.000000 ) 
     freq (    4) =       3.175418 [THz] =     105.920532 [cm-1]
 ( -0.020697 -0.279154 -0.520333 -0.116326  0.242194 -0.280551 ) 
 ( -0.197783 -0.198084  0.251965 -0.469885 -0.370630  0.000000 ) 
     freq (    5) =       3.345276 [THz] =     111.586387 [cm-1]
 ( -0.028292 -0.137445  0.512565  0.230386  0.348133 -0.208114 ) 
 (  0.046240  0.132489  0.321734 -0.460747  0.405596  0.000000 ) 
     freq (    6) =       3.834341 [THz] =     127.899840 [cm-1]
 (  0.227802 -0.599283  0.157738  0.098683 -0.232172  0.021030 ) 
 ( -0.280933 -0.576290 -0.148193  0.112510  0.233123 -0.000000 ) 
 **************************************************************************
