Dynamical matrix file
                                                                           
  1    2  0 11.2374640  0.0000000  0.0000000  0.0000000  0.0000000  0.0000000
Basis vectors
      0.986020000   -0.000000000   -0.000000000
     -0.000000000    0.986020000   -0.000000000
      0.493010000    0.493010000    0.265859000
           1  'Sn  '    108197.54598352207     
    1    1      0.9860200000      1.2325250000      0.1993942500
    2    1      0.4930100000      0.2465050000      0.0664647500

     Dynamical  Matrix in cartesian axes

     q = (    0.253544553   0.253544553  -2.350870198 ) 

    1    1
  0.09557018  0.00000000   -0.00086720  0.00063221    0.00391644  0.00387087
 -0.00086720 -0.00063221    0.09557018  0.00000000    0.00391644 -0.00387087
  0.00391644 -0.00387087    0.00391644  0.00387087    0.08434484  0.00000000
    1    2
  0.03203497 -0.04167494   -0.00391360 -0.00162107   -0.00989810 -0.02020004
 -0.00391360 -0.00162107   -0.00681649  0.05212078   -0.02128260  0.00728457
 -0.00989810 -0.02020004   -0.02128260  0.00728457   -0.00203323 -0.00084219
    2    1
  0.03203497  0.04167494   -0.00391360  0.00162107   -0.00989810  0.02020004
 -0.00391360  0.00162107   -0.00681649 -0.05212078   -0.02128260 -0.00728457
 -0.00989810  0.02020004   -0.02128260 -0.00728457   -0.00203323  0.00084219
    2    2
  0.09557018  0.00000000   -0.00086720 -0.00063221    0.00391644 -0.00387087
 -0.00086720  0.00063221    0.09557018  0.00000000    0.00391644  0.00387087
  0.00391644  0.00387087    0.00391644 -0.00387087    0.08434484  0.00000000

     Dynamical  Matrix in cartesian axes

     q = (   -0.253544553  -0.253544553  -2.350870198 ) 

    1    1
  0.09557018  0.00000000   -0.00086720  0.00063221   -0.00391644 -0.00387087
 -0.00086720 -0.00063221    0.09557018  0.00000000   -0.00391644  0.00387087
 -0.00391644  0.00387087   -0.00391644 -0.00387087    0.08434484  0.00000000
    1    2
  0.04167494  0.03203497    0.00162107 -0.00391360   -0.02020004  0.00989810
  0.00162107 -0.00391360   -0.05212078 -0.00681649    0.00728457  0.02128260
 -0.02020004  0.00989810    0.00728457  0.02128260    0.00084219 -0.00203323
    2    1
  0.04167494 -0.03203497    0.00162107  0.00391360   -0.02020004 -0.00989810
  0.00162107  0.00391360   -0.05212078  0.00681649    0.00728457 -0.02128260
 -0.02020004 -0.00989810    0.00728457 -0.02128260    0.00084219  0.00203323
    2    2
  0.09557018  0.00000000   -0.00086720 -0.00063221   -0.00391644  0.00387087
 -0.00086720  0.00063221    0.09557018  0.00000000   -0.00391644 -0.00387087
 -0.00391644 -0.00387087   -0.00391644  0.00387087    0.08434484  0.00000000

     Dynamical  Matrix in cartesian axes

     q = (   -0.253544553   0.253544553   2.350870198 ) 

    1    1
  0.09557018  0.00000000    0.00086720  0.00063221    0.00391644 -0.00387087
  0.00086720 -0.00063221    0.09557018  0.00000000   -0.00391644 -0.00387087
  0.00391644  0.00387087   -0.00391644  0.00387087    0.08434484  0.00000000
    1    2
 -0.03203497 -0.04167494   -0.00391360  0.00162107    0.00989810 -0.02020004
 -0.00391360  0.00162107    0.00681649  0.05212078   -0.02128260 -0.00728457
  0.00989810 -0.02020004   -0.02128260 -0.00728457    0.00203323 -0.00084219
    2    1
 -0.03203497  0.04167494   -0.00391360 -0.00162107    0.00989810  0.02020004
 -0.00391360 -0.00162107    0.00681649 -0.05212078   -0.02128260  0.00728457
  0.00989810  0.02020004   -0.02128260  0.00728457    0.00203323  0.00084219
    2    2
  0.09557018  0.00000000    0.00086720 -0.00063221    0.00391644  0.00387087
  0.00086720  0.00063221    0.09557018  0.00000000   -0.00391644  0.00387087
  0.00391644 -0.00387087   -0.00391644 -0.00387087    0.08434484  0.00000000

     Dynamical  Matrix in cartesian axes

     q = (    0.253544553  -0.253544553   2.350870198 ) 

    1    1
  0.09557018  0.00000000    0.00086720  0.00063221   -0.00391644  0.00387087
  0.00086720 -0.00063221    0.09557018  0.00000000    0.00391644  0.00387087
 -0.00391644 -0.00387087    0.00391644 -0.00387087    0.08434484 -0.00000000
    1    2
 -0.04167494  0.03203497    0.00162107  0.00391360    0.02020004  0.00989810
  0.00162107  0.00391360    0.05212078 -0.00681649    0.00728457 -0.02128260
  0.02020004  0.00989810    0.00728457 -0.02128260   -0.00084219 -0.00203323
    2    1
 -0.04167494 -0.03203497    0.00162107 -0.00391360    0.02020004 -0.00989810
  0.00162107 -0.00391360    0.05212078  0.00681649    0.00728457  0.02128260
  0.02020004 -0.00989810    0.00728457  0.02128260   -0.00084219  0.00203323
    2    2
  0.09557018  0.00000000    0.00086720 -0.00063221   -0.00391644 -0.00387087
  0.00086720  0.00063221    0.09557018  0.00000000    0.00391644 -0.00387087
 -0.00391644  0.00387087    0.00391644  0.00387087    0.08434484  0.00000000

     Dynamical  Matrix in cartesian axes

     q = (    0.253544553  -0.253544553  -2.350870198 ) 

    1    1
  0.09557018  0.00000000    0.00086720 -0.00063221    0.00391644  0.00387087
  0.00086720  0.00063221    0.09557018  0.00000000   -0.00391644  0.00387087
  0.00391644 -0.00387087   -0.00391644 -0.00387087    0.08434484  0.00000000
    1    2
 -0.03203497  0.04167494   -0.00391360 -0.00162107    0.00989810  0.02020004
 -0.00391360 -0.00162107    0.00681649 -0.05212078   -0.02128260  0.00728457
  0.00989810  0.02020004   -0.02128260  0.00728457    0.00203323  0.00084219
    2    1
 -0.03203497 -0.04167494   -0.00391360  0.00162107    0.00989810 -0.02020004
 -0.00391360  0.00162107    0.00681649  0.05212078   -0.02128260 -0.00728457
  0.00989810 -0.02020004   -0.02128260 -0.00728457    0.00203323 -0.00084219
    2    2
  0.09557018  0.00000000    0.00086720  0.00063221    0.00391644 -0.00387087
  0.00086720 -0.00063221    0.09557018  0.00000000   -0.00391644 -0.00387087
  0.00391644  0.00387087   -0.00391644  0.00387087    0.08434484  0.00000000

     Dynamical  Matrix in cartesian axes

     q = (    0.253544553   0.253544553   2.350870198 ) 

    1    1
  0.09557018  0.00000000   -0.00086720 -0.00063221   -0.00391644  0.00387087
 -0.00086720  0.00063221    0.09557018  0.00000000   -0.00391644 -0.00387087
 -0.00391644 -0.00387087   -0.00391644  0.00387087    0.08434484  0.00000000
    1    2
  0.04167494 -0.03203497    0.00162107  0.00391360   -0.02020004 -0.00989810
  0.00162107  0.00391360   -0.05212078  0.00681649    0.00728457 -0.02128260
 -0.02020004 -0.00989810    0.00728457 -0.02128260    0.00084219  0.00203323
    2    1
  0.04167494  0.03203497    0.00162107 -0.00391360   -0.02020004  0.00989810
  0.00162107 -0.00391360   -0.05212078 -0.00681649    0.00728457  0.02128260
 -0.02020004  0.00989810    0.00728457  0.02128260    0.00084219 -0.00203323
    2    2
  0.09557018  0.00000000   -0.00086720  0.00063221   -0.00391644 -0.00387087
 -0.00086720 -0.00063221    0.09557018  0.00000000   -0.00391644  0.00387087
 -0.00391644  0.00387087   -0.00391644 -0.00387087    0.08434484  0.00000000

     Dynamical  Matrix in cartesian axes

     q = (   -0.253544553   0.253544553  -2.350870198 ) 

    1    1
  0.09557018  0.00000000    0.00086720 -0.00063221   -0.00391644 -0.00387087
  0.00086720  0.00063221    0.09557018  0.00000000    0.00391644 -0.00387087
 -0.00391644  0.00387087    0.00391644  0.00387087    0.08434484  0.00000000
    1    2
 -0.04167494 -0.03203497    0.00162107 -0.00391360    0.02020004 -0.00989810
  0.00162107 -0.00391360    0.05212078  0.00681649    0.00728457  0.02128260
  0.02020004 -0.00989810    0.00728457  0.02128260   -0.00084219  0.00203323
    2    1
 -0.04167494  0.03203497    0.00162107  0.00391360    0.02020004  0.00989810
  0.00162107  0.00391360    0.05212078 -0.00681649    0.00728457 -0.02128260
  0.02020004  0.00989810    0.00728457 -0.02128260   -0.00084219 -0.00203323
    2    2
  0.09557018  0.00000000    0.00086720  0.00063221   -0.00391644  0.00387087
  0.00086720 -0.00063221    0.09557018  0.00000000    0.00391644  0.00387087
 -0.00391644 -0.00387087    0.00391644 -0.00387087    0.08434484 -0.00000000

     Dynamical  Matrix in cartesian axes

     q = (   -0.253544553  -0.253544553   2.350870198 ) 

    1    1
  0.09557018  0.00000000   -0.00086720 -0.00063221    0.00391644 -0.00387087
 -0.00086720  0.00063221    0.09557018  0.00000000    0.00391644  0.00387087
  0.00391644  0.00387087    0.00391644 -0.00387087    0.08434484  0.00000000
    1    2
  0.03203497  0.04167494   -0.00391360  0.00162107   -0.00989810  0.02020004
 -0.00391360  0.00162107   -0.00681649 -0.05212078   -0.02128260 -0.00728457
 -0.00989810  0.02020004   -0.02128260 -0.00728457   -0.00203323  0.00084219
    2    1
  0.03203497 -0.04167494   -0.00391360 -0.00162107   -0.00989810 -0.02020004
 -0.00391360 -0.00162107   -0.00681649  0.05212078   -0.02128260  0.00728457
 -0.00989810 -0.02020004   -0.02128260  0.00728457   -0.00203323 -0.00084219
    2    2
  0.09557018  0.00000000   -0.00086720  0.00063221    0.00391644  0.00387087
 -0.00086720 -0.00063221    0.09557018  0.00000000    0.00391644 -0.00387087
  0.00391644 -0.00387087    0.00391644  0.00387087    0.08434484  0.00000000

     Diagonalizing the dynamical matrix

     q = (    0.253544553   0.253544553  -2.350870198 ) 

 **************************************************************************
     freq (    1) =       1.706596 [THz] =      56.925931 [cm-1]
 ( -0.129345 -0.438033 -0.401197  0.218276 -0.265836 -0.110113 ) 
 ( -0.287127  0.355192 -0.287127 -0.355192 -0.287739  0.000000 ) 
     freq (    2) =       2.108258 [THz] =      70.323931 [cm-1]
 ( -0.477316  0.077493 -0.282717 -0.392309  0.166117  0.068808 ) 
 (  0.411327  0.254255  0.411327 -0.254255 -0.179803  0.000000 ) 
     freq (    3) =       2.656603 [THz] =      88.614726 [cm-1]
 (  0.078366 -0.232281 -0.108834  0.219660  0.569375  0.235843 ) 
 (  0.016490 -0.244588  0.016490  0.244588 -0.616287  0.000000 ) 
     freq (    4) =       3.036852 [THz] =     101.298494 [cm-1]
 ( -0.011415 -0.207800 -0.155009  0.138865  0.594003  0.246044 ) 
 ( -0.090068  0.187614 -0.090068 -0.187614  0.642944  0.000000 ) 
     freq (    5) =       3.788718 [THz] =     126.378017 [cm-1]
 ( -0.482845  0.122253 -0.254977 -0.427869  0.057169  0.023680 ) 
 ( -0.399307 -0.297724 -0.399307  0.297724  0.061879  0.000000 ) 
     freq (    6) =       4.137905 [THz] =     138.025654 [cm-1]
 ( -0.126604 -0.435936 -0.397776  0.218731 -0.273851 -0.113433 ) 
 (  0.283793 -0.354303  0.283793  0.354303  0.296415  0.000000 ) 
 **************************************************************************
