Dynamical matrix file
                                                                           
  1    2  0 11.2374640  0.0000000  0.0000000  0.0000000  0.0000000  0.0000000
Basis vectors
      0.986020000   -0.000000000   -0.000000000
     -0.000000000    0.986020000   -0.000000000
      0.493010000    0.493010000    0.265859000
           1  'Sn  '    108197.54598352207     
    1    1      0.9860200000      1.2325250000      0.1993942500
    2    1      0.4930100000      0.2465050000      0.0664647500

     Dynamical  Matrix in cartesian axes

     q = (    0.126772276   0.380316829  -0.940348079 ) 

    1    1
  0.08251076  0.00000000   -0.00411669  0.00061788   -0.00965485  0.00276630
 -0.00411669 -0.00061788    0.07333422  0.00000000   -0.00378092  0.00096716
 -0.00965485 -0.00276630   -0.00378092 -0.00096716    0.09161347  0.00000000
    1    2
  0.04591229 -0.02074013   -0.00109148  0.00204206   -0.00595254 -0.00962096
 -0.00109148  0.00204206   -0.00385671 -0.00826802    0.02288371 -0.01007428
 -0.00595254 -0.00962096    0.02288371 -0.01007428   -0.00900706  0.01414265
    2    1
  0.04591229  0.02074013   -0.00109148 -0.00204206   -0.00595254  0.00962096
 -0.00109148 -0.00204206   -0.00385671  0.00826802    0.02288371  0.01007428
 -0.00595254  0.00962096    0.02288371  0.01007428   -0.00900706 -0.01414265
    2    2
  0.08251076  0.00000000   -0.00411669 -0.00061788   -0.00965485 -0.00276630
 -0.00411669  0.00061788    0.07333422  0.00000000   -0.00378092 -0.00096716
 -0.00965485  0.00276630   -0.00378092  0.00096716    0.09161347 -0.00000000

     Dynamical  Matrix in cartesian axes

     q = (    0.380316829   0.126772276  -0.940348079 ) 

    1    1
  0.07333422  0.00000000   -0.00411669  0.00061788   -0.00378092 -0.00096716
 -0.00411669 -0.00061788    0.08251076  0.00000000   -0.00965485 -0.00276630
 -0.00378092  0.00096716   -0.00965485  0.00276630    0.09161347 -0.00000000
    1    2
  0.00385671 -0.00826802    0.00109148  0.00204206   -0.02288371 -0.01007428
  0.00109148  0.00204206   -0.04591229 -0.02074013    0.00595254 -0.00962096
 -0.02288371 -0.01007428    0.00595254 -0.00962096    0.00900706  0.01414265
    2    1
  0.00385671  0.00826802    0.00109148 -0.00204206   -0.02288371  0.01007428
  0.00109148 -0.00204206   -0.04591229  0.02074013    0.00595254  0.00962096
 -0.02288371  0.01007428    0.00595254  0.00962096    0.00900706 -0.01414265
    2    2
  0.07333422  0.00000000   -0.00411669 -0.00061788   -0.00378092  0.00096716
 -0.00411669  0.00061788    0.08251076  0.00000000   -0.00965485  0.00276630
 -0.00378092 -0.00096716   -0.00965485 -0.00276630    0.09161347  0.00000000

     Dynamical  Matrix in cartesian axes

     q = (   -0.126772276  -0.380316829  -0.940348079 ) 

    1    1
  0.08251076  0.00000000   -0.00411669  0.00061788    0.00965485 -0.00276630
 -0.00411669 -0.00061788    0.07333422  0.00000000    0.00378092 -0.00096716
  0.00965485  0.00276630    0.00378092  0.00096716    0.09161347  0.00000000
    1    2
  0.04713038  0.01779940   -0.00221575  0.00067216   -0.00259397  0.01101213
 -0.00221575  0.00067216    0.00311927 -0.00857348   -0.02330482 -0.00905763
 -0.00259397  0.01101213   -0.02330482 -0.00905763   -0.01636931  0.00363141
    2    1
  0.04713038 -0.01779940   -0.00221575 -0.00067216   -0.00259397 -0.01101213
 -0.00221575 -0.00067216    0.00311927  0.00857348   -0.02330482  0.00905763
 -0.00259397 -0.01101213   -0.02330482  0.00905763   -0.01636931 -0.00363141
    2    2
  0.08251076  0.00000000   -0.00411669 -0.00061788    0.00965485  0.00276630
 -0.00411669  0.00061788    0.07333422  0.00000000    0.00378092  0.00096716
  0.00965485 -0.00276630    0.00378092 -0.00096716    0.09161347 -0.00000000

     Dynamical  Matrix in cartesian axes

     q = (   -0.380316829  -0.126772276  -0.940348079 ) 

    1    1
  0.07333422  0.00000000   -0.00411669  0.00061788    0.00378092  0.00096716
 -0.00411669 -0.00061788    0.08251076  0.00000000    0.00965485  0.00276630
  0.00378092 -0.00096716    0.00965485 -0.00276630    0.09161347 -0.00000000
    1    2
  0.00311927  0.00857348   -0.00221575 -0.00067216   -0.02330482  0.00905763
 -0.00221575 -0.00067216    0.04713038 -0.01779940   -0.00259397 -0.01101213
 -0.02330482  0.00905763   -0.00259397 -0.01101213   -0.01636931 -0.00363141
    2    1
  0.00311927 -0.00857348   -0.00221575  0.00067216   -0.02330482 -0.00905763
 -0.00221575  0.00067216    0.04713038  0.01779940   -0.00259397  0.01101213
 -0.02330482 -0.00905763   -0.00259397  0.01101213   -0.01636931  0.00363141
    2    2
  0.07333422  0.00000000   -0.00411669 -0.00061788    0.00378092 -0.00096716
 -0.00411669  0.00061788    0.08251076  0.00000000    0.00965485 -0.00276630
  0.00378092  0.00096716    0.00965485  0.00276630    0.09161347  0.00000000

     Dynamical  Matrix in cartesian axes

     q = (   -0.126772276   0.380316829   0.940348079 ) 

    1    1
  0.08251076  0.00000000    0.00411669  0.00061788   -0.00965485 -0.00276630
  0.00411669 -0.00061788    0.07333422  0.00000000    0.00378092  0.00096716
 -0.00965485  0.00276630    0.00378092 -0.00096716    0.09161347 -0.00000000
    1    2
  0.02074013 -0.04591229    0.00204206 -0.00109148    0.00962096  0.00595254
  0.00204206 -0.00109148    0.00826802  0.00385671   -0.01007428  0.02288371
  0.00962096  0.00595254   -0.01007428  0.02288371   -0.01414265  0.00900706
    2    1
  0.02074013  0.04591229    0.00204206  0.00109148    0.00962096 -0.00595254
  0.00204206  0.00109148    0.00826802 -0.00385671   -0.01007428 -0.02288371
  0.00962096 -0.00595254   -0.01007428 -0.02288371   -0.01414265 -0.00900706
    2    2
  0.08251076  0.00000000    0.00411669 -0.00061788   -0.00965485  0.00276630
  0.00411669  0.00061788    0.07333422  0.00000000    0.00378092 -0.00096716
 -0.00965485 -0.00276630    0.00378092  0.00096716    0.09161347  0.00000000

     Dynamical  Matrix in cartesian axes

     q = (    0.126772276  -0.380316829   0.940348079 ) 

    1    1
  0.08251076  0.00000000    0.00411669  0.00061788    0.00965485  0.00276630
  0.00411669 -0.00061788    0.07333422  0.00000000   -0.00378092 -0.00096716
  0.00965485 -0.00276630   -0.00378092  0.00096716    0.09161347 -0.00000000
    1    2
  0.01779940  0.04713038   -0.00067216  0.00221575    0.01101213 -0.00259397
 -0.00067216  0.00221575   -0.00857348  0.00311927    0.00905763  0.02330482
  0.01101213 -0.00259397    0.00905763  0.02330482    0.00363141 -0.01636931
    2    1
  0.01779940 -0.04713038   -0.00067216 -0.00221575    0.01101213  0.00259397
 -0.00067216 -0.00221575   -0.00857348 -0.00311927    0.00905763 -0.02330482
  0.01101213  0.00259397    0.00905763 -0.02330482    0.00363141  0.01636931
    2    2
  0.08251076  0.00000000    0.00411669 -0.00061788    0.00965485 -0.00276630
  0.00411669  0.00061788    0.07333422  0.00000000   -0.00378092  0.00096716
  0.00965485  0.00276630   -0.00378092 -0.00096716    0.09161347  0.00000000

     Dynamical  Matrix in cartesian axes

     q = (   -0.380316829   0.126772276   0.940348079 ) 

    1    1
  0.07333422  0.00000000    0.00411669  0.00061788   -0.00378092  0.00096716
  0.00411669 -0.00061788    0.08251076  0.00000000    0.00965485 -0.00276630
 -0.00378092 -0.00096716    0.00965485  0.00276630    0.09161347  0.00000000
    1    2
 -0.00826802  0.00385671   -0.00204206 -0.00109148   -0.01007428 -0.02288371
 -0.00204206 -0.00109148   -0.02074013 -0.04591229    0.00962096 -0.00595254
 -0.01007428 -0.02288371    0.00962096 -0.00595254    0.01414265  0.00900706
    2    1
 -0.00826802 -0.00385671   -0.00204206  0.00109148   -0.01007428  0.02288371
 -0.00204206  0.00109148   -0.02074013  0.04591229    0.00962096  0.00595254
 -0.01007428  0.02288371    0.00962096  0.00595254    0.01414265 -0.00900706
    2    2
  0.07333422  0.00000000    0.00411669 -0.00061788   -0.00378092 -0.00096716
  0.00411669  0.00061788    0.08251076  0.00000000    0.00965485  0.00276630
 -0.00378092  0.00096716    0.00965485 -0.00276630    0.09161347 -0.00000000

     Dynamical  Matrix in cartesian axes

     q = (    0.380316829  -0.126772276   0.940348079 ) 

    1    1
  0.07333422  0.00000000    0.00411669  0.00061788    0.00378092 -0.00096716
  0.00411669 -0.00061788    0.08251076  0.00000000   -0.00965485  0.00276630
  0.00378092  0.00096716   -0.00965485 -0.00276630    0.09161347  0.00000000
    1    2
 -0.00857348 -0.00311927   -0.00067216 -0.00221575   -0.00905763  0.02330482
 -0.00067216 -0.00221575    0.01779940 -0.04713038   -0.01101213 -0.00259397
 -0.00905763  0.02330482   -0.01101213 -0.00259397    0.00363141  0.01636931
    2    1
 -0.00857348  0.00311927   -0.00067216  0.00221575   -0.00905763 -0.02330482
 -0.00067216  0.00221575    0.01779940  0.04713038   -0.01101213  0.00259397
 -0.00905763 -0.02330482   -0.01101213  0.00259397    0.00363141 -0.01636931
    2    2
  0.07333422  0.00000000    0.00411669 -0.00061788    0.00378092  0.00096716
  0.00411669  0.00061788    0.08251076  0.00000000   -0.00965485 -0.00276630
  0.00378092 -0.00096716   -0.00965485  0.00276630    0.09161347 -0.00000000

     Dynamical  Matrix in cartesian axes

     q = (    0.126772276  -0.380316829  -0.940348079 ) 

    1    1
  0.08251076  0.00000000    0.00411669 -0.00061788   -0.00965485  0.00276630
  0.00411669  0.00061788    0.07333422  0.00000000    0.00378092 -0.00096716
 -0.00965485 -0.00276630    0.00378092  0.00096716    0.09161347  0.00000000
    1    2
  0.02074013  0.04591229    0.00204206  0.00109148    0.00962096 -0.00595254
  0.00204206  0.00109148    0.00826802 -0.00385671   -0.01007428 -0.02288371
  0.00962096 -0.00595254   -0.01007428 -0.02288371   -0.01414265 -0.00900706
    2    1
  0.02074013 -0.04591229    0.00204206 -0.00109148    0.00962096  0.00595254
  0.00204206 -0.00109148    0.00826802  0.00385671   -0.01007428  0.02288371
  0.00962096  0.00595254   -0.01007428  0.02288371   -0.01414265  0.00900706
    2    2
  0.08251076  0.00000000    0.00411669  0.00061788   -0.00965485 -0.00276630
  0.00411669 -0.00061788    0.07333422  0.00000000    0.00378092  0.00096716
 -0.00965485  0.00276630    0.00378092 -0.00096716    0.09161347 -0.00000000

     Dynamical  Matrix in cartesian axes

     q = (    0.380316829  -0.126772276  -0.940348079 ) 

    1    1
  0.07333422  0.00000000    0.00411669 -0.00061788   -0.00378092 -0.00096716
  0.00411669  0.00061788    0.08251076  0.00000000    0.00965485  0.00276630
 -0.00378092  0.00096716    0.00965485 -0.00276630    0.09161347 -0.00000000
    1    2
 -0.00826802 -0.00385671   -0.00204206  0.00109148   -0.01007428  0.02288371
 -0.00204206  0.00109148   -0.02074013  0.04591229    0.00962096  0.00595254
 -0.01007428  0.02288371    0.00962096  0.00595254    0.01414265 -0.00900706
    2    1
 -0.00826802  0.00385671   -0.00204206 -0.00109148   -0.01007428 -0.02288371
 -0.00204206 -0.00109148   -0.02074013 -0.04591229    0.00962096 -0.00595254
 -0.01007428 -0.02288371    0.00962096 -0.00595254    0.01414265  0.00900706
    2    2
  0.07333422  0.00000000    0.00411669  0.00061788   -0.00378092  0.00096716
  0.00411669 -0.00061788    0.08251076  0.00000000    0.00965485 -0.00276630
 -0.00378092 -0.00096716    0.00965485  0.00276630    0.09161347  0.00000000

     Dynamical  Matrix in cartesian axes

     q = (    0.380316829   0.126772276   0.940348079 ) 

    1    1
  0.07333422  0.00000000   -0.00411669 -0.00061788    0.00378092 -0.00096716
 -0.00411669  0.00061788    0.08251076  0.00000000    0.00965485 -0.00276630
  0.00378092  0.00096716    0.00965485  0.00276630    0.09161347  0.00000000
    1    2
  0.00311927 -0.00857348   -0.00221575  0.00067216   -0.02330482 -0.00905763
 -0.00221575  0.00067216    0.04713038  0.01779940   -0.00259397  0.01101213
 -0.02330482 -0.00905763   -0.00259397  0.01101213   -0.01636931  0.00363141
    2    1
  0.00311927  0.00857348   -0.00221575 -0.00067216   -0.02330482  0.00905763
 -0.00221575 -0.00067216    0.04713038 -0.01779940   -0.00259397 -0.01101213
 -0.02330482  0.00905763   -0.00259397 -0.01101213   -0.01636931 -0.00363141
    2    2
  0.07333422  0.00000000   -0.00411669  0.00061788    0.00378092  0.00096716
 -0.00411669 -0.00061788    0.08251076  0.00000000    0.00965485  0.00276630
  0.00378092 -0.00096716    0.00965485 -0.00276630    0.09161347 -0.00000000

     Dynamical  Matrix in cartesian axes

     q = (   -0.126772276   0.380316829  -0.940348079 ) 

    1    1
  0.08251076  0.00000000    0.00411669 -0.00061788    0.00965485 -0.00276630
  0.00411669  0.00061788    0.07333422  0.00000000   -0.00378092  0.00096716
  0.00965485  0.00276630   -0.00378092 -0.00096716    0.09161347  0.00000000
    1    2
  0.01779940 -0.04713038   -0.00067216 -0.00221575    0.01101213  0.00259397
 -0.00067216 -0.00221575   -0.00857348 -0.00311927    0.00905763 -0.02330482
  0.01101213  0.00259397    0.00905763 -0.02330482    0.00363141  0.01636931
    2    1
  0.01779940  0.04713038   -0.00067216  0.00221575    0.01101213 -0.00259397
 -0.00067216  0.00221575   -0.00857348  0.00311927    0.00905763  0.02330482
  0.01101213 -0.00259397    0.00905763  0.02330482    0.00363141 -0.01636931
    2    2
  0.08251076  0.00000000    0.00411669  0.00061788    0.00965485  0.00276630
  0.00411669 -0.00061788    0.07333422  0.00000000   -0.00378092 -0.00096716
  0.00965485 -0.00276630   -0.00378092  0.00096716    0.09161347 -0.00000000

     Dynamical  Matrix in cartesian axes

     q = (   -0.380316829   0.126772276  -0.940348079 ) 

    1    1
  0.07333422  0.00000000    0.00411669 -0.00061788    0.00378092  0.00096716
  0.00411669  0.00061788    0.08251076  0.00000000   -0.00965485 -0.00276630
  0.00378092 -0.00096716   -0.00965485  0.00276630    0.09161347 -0.00000000
    1    2
 -0.00857348  0.00311927   -0.00067216  0.00221575   -0.00905763 -0.02330482
 -0.00067216  0.00221575    0.01779940  0.04713038   -0.01101213  0.00259397
 -0.00905763 -0.02330482   -0.01101213  0.00259397    0.00363141 -0.01636931
    2    1
 -0.00857348 -0.00311927   -0.00067216 -0.00221575   -0.00905763  0.02330482
 -0.00067216 -0.00221575    0.01779940 -0.04713038   -0.01101213 -0.00259397
 -0.00905763  0.02330482   -0.01101213 -0.00259397    0.00363141  0.01636931
    2    2
  0.07333422  0.00000000    0.00411669  0.00061788    0.00378092 -0.00096716
  0.00411669 -0.00061788    0.08251076  0.00000000   -0.00965485  0.00276630
  0.00378092  0.00096716   -0.00965485 -0.00276630    0.09161347  0.00000000

     Dynamical  Matrix in cartesian axes

     q = (    0.126772276   0.380316829   0.940348079 ) 

    1    1
  0.08251076  0.00000000   -0.00411669 -0.00061788    0.00965485  0.00276630
 -0.00411669  0.00061788    0.07333422  0.00000000    0.00378092  0.00096716
  0.00965485 -0.00276630    0.00378092 -0.00096716    0.09161347 -0.00000000
    1    2
  0.04713038 -0.01779940   -0.00221575 -0.00067216   -0.00259397 -0.01101213
 -0.00221575 -0.00067216    0.00311927  0.00857348   -0.02330482  0.00905763
 -0.00259397 -0.01101213   -0.02330482  0.00905763   -0.01636931 -0.00363141
    2    1
  0.04713038  0.01779940   -0.00221575  0.00067216   -0.00259397  0.01101213
 -0.00221575  0.00067216    0.00311927 -0.00857348   -0.02330482 -0.00905763
 -0.00259397  0.01101213   -0.02330482 -0.00905763   -0.01636931  0.00363141
    2    2
  0.08251076  0.00000000   -0.00411669  0.00061788    0.00965485 -0.00276630
 -0.00411669 -0.00061788    0.07333422  0.00000000    0.00378092 -0.00096716
  0.00965485  0.00276630    0.00378092  0.00096716    0.09161347  0.00000000

     Dynamical  Matrix in cartesian axes

     q = (   -0.126772276  -0.380316829   0.940348079 ) 

    1    1
  0.08251076  0.00000000   -0.00411669 -0.00061788   -0.00965485 -0.00276630
 -0.00411669  0.00061788    0.07333422  0.00000000   -0.00378092 -0.00096716
 -0.00965485  0.00276630   -0.00378092  0.00096716    0.09161347 -0.00000000
    1    2
  0.04591229  0.02074013   -0.00109148 -0.00204206   -0.00595254  0.00962096
 -0.00109148 -0.00204206   -0.00385671  0.00826802    0.02288371  0.01007428
 -0.00595254  0.00962096    0.02288371  0.01007428   -0.00900706 -0.01414265
    2    1
  0.04591229 -0.02074013   -0.00109148  0.00204206   -0.00595254 -0.00962096
 -0.00109148  0.00204206   -0.00385671 -0.00826802    0.02288371 -0.01007428
 -0.00595254 -0.00962096    0.02288371 -0.01007428   -0.00900706  0.01414265
    2    2
  0.08251076  0.00000000   -0.00411669  0.00061788   -0.00965485  0.00276630
 -0.00411669 -0.00061788    0.07333422  0.00000000   -0.00378092  0.00096716
 -0.00965485 -0.00276630   -0.00378092 -0.00096716    0.09161347  0.00000000

     Dynamical  Matrix in cartesian axes

     q = (   -0.380316829  -0.126772276   0.940348079 ) 

    1    1
  0.07333422  0.00000000   -0.00411669 -0.00061788   -0.00378092  0.00096716
 -0.00411669  0.00061788    0.08251076  0.00000000   -0.00965485  0.00276630
 -0.00378092 -0.00096716   -0.00965485 -0.00276630    0.09161347  0.00000000
    1    2
  0.00385671  0.00826802    0.00109148 -0.00204206   -0.02288371  0.01007428
  0.00109148 -0.00204206   -0.04591229  0.02074013    0.00595254  0.00962096
 -0.02288371  0.01007428    0.00595254  0.00962096    0.00900706 -0.01414265
    2    1
  0.00385671 -0.00826802    0.00109148  0.00204206   -0.02288371 -0.01007428
  0.00109148  0.00204206   -0.04591229 -0.02074013    0.00595254 -0.00962096
 -0.02288371 -0.01007428    0.00595254 -0.00962096    0.00900706  0.01414265
    2    2
  0.07333422  0.00000000   -0.00411669  0.00061788   -0.00378092 -0.00096716
 -0.00411669 -0.00061788    0.08251076  0.00000000   -0.00965485 -0.00276630
 -0.00378092  0.00096716   -0.00965485  0.00276630    0.09161347 -0.00000000

     Diagonalizing the dynamical matrix

     q = (    0.126772276   0.380316829  -0.940348079 ) 

 **************************************************************************
     freq (    1) =       1.700248 [THz] =      56.714179 [cm-1]
 (  0.061131 -0.677058  0.087338 -0.059038 -0.128482 -0.101163 ) 
 ( -0.370816  0.569772  0.032098  0.100415 -0.163529  0.000000 ) 
     freq (    2) =       2.127922 [THz] =      70.979831 [cm-1]
 (  0.044772 -0.002525  0.544085 -0.160595  0.080659  0.411903 ) 
 ( -0.006126 -0.044423  0.053044 -0.564805 -0.419726  0.000000 ) 
     freq (    3) =       2.589463 [THz] =      86.375204 [cm-1]
 ( -0.102816  0.165463  0.401355 -0.372802 -0.280296 -0.288822 ) 
 (  0.047134 -0.189017  0.011988  0.547653 -0.402472  0.000000 ) 
     freq (    4) =       3.046129 [THz] =     101.607931 [cm-1]
 (  0.099159 -0.126831  0.373119 -0.288421  0.287457 -0.411151 ) 
 (  0.160763 -0.008593  0.450173 -0.140529  0.501674  0.000000 ) 
     freq (    5) =       3.386982 [THz] =     112.977554 [cm-1]
 (  0.201290  0.339554  0.303167 -0.131507 -0.437233  0.209303 ) 
 ( -0.034948  0.393184 -0.330233  0.012284  0.484748  0.000000 ) 
     freq (    6) =       3.825186 [THz] =     127.594458 [cm-1]
 ( -0.415047 -0.379339  0.181785 -0.048435 -0.083649  0.376098 ) 
 ( -0.280180 -0.487505 -0.086747  0.166933  0.385288  0.000000 ) 
 **************************************************************************
