Dynamical matrix file
                                                                           
  1    2  0 11.2374640  0.0000000  0.0000000  0.0000000  0.0000000  0.0000000
Basis vectors
      0.986020000   -0.000000000   -0.000000000
     -0.000000000    0.986020000   -0.000000000
      0.493010000    0.493010000    0.265859000
           1  'Sn  '    108197.54598352207     
    1    1      0.9860200000      1.2325250000      0.1993942500
    2    1      0.4930100000      0.2465050000      0.0664647500

     Dynamical  Matrix in cartesian axes

     q = (    0.380316829  -0.507089106   0.235087020 ) 

    1    1
  0.08762383  0.00000000   -0.00385876 -0.00392697    0.00197162 -0.00270393
 -0.00385876  0.00392697    0.09220000  0.00000000    0.00074472  0.00016071
  0.00197162  0.00270393    0.00074472 -0.00016071    0.03314963 -0.00000000
    1    2
  0.00985933  0.02380873   -0.00041380 -0.00084094    0.01696063 -0.01073341
 -0.00041380 -0.00084094    0.00204348  0.00038678    0.02012251  0.00551944
  0.01696063 -0.01073341    0.02012251  0.00551944    0.00072144  0.00102271
    2    1
  0.00985933 -0.02380873   -0.00041380  0.00084094    0.01696063  0.01073341
 -0.00041380  0.00084094    0.00204348 -0.00038678    0.02012251 -0.00551944
  0.01696063  0.01073341    0.02012251 -0.00551944    0.00072144 -0.00102271
    2    2
  0.08762383  0.00000000   -0.00385876  0.00392697    0.00197162  0.00270393
 -0.00385876 -0.00392697    0.09220000  0.00000000    0.00074472 -0.00016071
  0.00197162 -0.00270393    0.00074472  0.00016071    0.03314963  0.00000000

     Dynamical  Matrix in cartesian axes

     q = (   -0.507089106   0.380316829   0.235087020 ) 

    1    1
  0.09220000  0.00000000   -0.00385876 -0.00392697    0.00074472 -0.00016071
 -0.00385876  0.00392697    0.08762383  0.00000000    0.00197162  0.00270393
  0.00074472  0.00016071    0.00197162 -0.00270393    0.03314963  0.00000000
    1    2
  0.00117146 -0.00171845    0.00030203  0.00088724    0.01032593 -0.01813160
  0.00030203  0.00088724   -0.00986372 -0.02380691    0.01958265 -0.00440331
  0.01032593 -0.01813160    0.01958265 -0.00440331   -0.00021303 -0.00123330
    2    1
  0.00117146  0.00171845    0.00030203 -0.00088724    0.01032593  0.01813160
  0.00030203 -0.00088724   -0.00986372  0.02380691    0.01958265  0.00440331
  0.01032593  0.01813160    0.01958265  0.00440331   -0.00021303  0.00123330
    2    2
  0.09220000  0.00000000   -0.00385876  0.00392697    0.00074472  0.00016071
 -0.00385876 -0.00392697    0.08762383  0.00000000    0.00197162 -0.00270393
  0.00074472 -0.00016071    0.00197162  0.00270393    0.03314963 -0.00000000

     Dynamical  Matrix in cartesian axes

     q = (   -0.380316829   0.507089106   0.235087020 ) 

    1    1
  0.08762383  0.00000000   -0.00385876 -0.00392697   -0.00197162  0.00270393
 -0.00385876  0.00392697    0.09220000  0.00000000   -0.00074472 -0.00016071
 -0.00197162 -0.00270393   -0.00074472  0.00016071    0.03314963  0.00000000
    1    2
  0.00986372 -0.02380691   -0.00030203  0.00088724    0.01958265  0.00440331
 -0.00030203  0.00088724   -0.00117146 -0.00171845    0.01032593  0.01813160
  0.01958265  0.00440331    0.01032593  0.01813160    0.00021303 -0.00123330
    2    1
  0.00986372  0.02380691   -0.00030203 -0.00088724    0.01958265 -0.00440331
 -0.00030203 -0.00088724   -0.00117146  0.00171845    0.01032593 -0.01813160
  0.01958265 -0.00440331    0.01032593 -0.01813160    0.00021303  0.00123330
    2    2
  0.08762383  0.00000000   -0.00385876  0.00392697   -0.00197162 -0.00270393
 -0.00385876 -0.00392697    0.09220000  0.00000000   -0.00074472  0.00016071
 -0.00197162  0.00270393   -0.00074472 -0.00016071    0.03314963 -0.00000000

     Dynamical  Matrix in cartesian axes

     q = (    0.507089106  -0.380316829   0.235087020 ) 

    1    1
  0.09220000  0.00000000   -0.00385876 -0.00392697   -0.00074472  0.00016071
 -0.00385876  0.00392697    0.08762383  0.00000000   -0.00197162 -0.00270393
 -0.00074472 -0.00016071   -0.00197162  0.00270393    0.03314963 -0.00000000
    1    2
 -0.00171845 -0.00117146    0.00088724 -0.00030203    0.01813160  0.01032593
  0.00088724 -0.00030203   -0.02380691  0.00986372    0.00440331  0.01958265
  0.01813160  0.01032593    0.00440331  0.01958265   -0.00123330  0.00021303
    2    1
 -0.00171845  0.00117146    0.00088724  0.00030203    0.01813160 -0.01032593
  0.00088724  0.00030203   -0.02380691 -0.00986372    0.00440331 -0.01958265
  0.01813160 -0.01032593    0.00440331 -0.01958265   -0.00123330 -0.00021303
    2    2
  0.09220000  0.00000000   -0.00385876  0.00392697   -0.00074472 -0.00016071
 -0.00385876 -0.00392697    0.08762383  0.00000000   -0.00197162  0.00270393
 -0.00074472  0.00016071   -0.00197162 -0.00270393    0.03314963  0.00000000

     Dynamical  Matrix in cartesian axes

     q = (   -0.380316829  -0.507089106  -0.235087020 ) 

    1    1
  0.08762383  0.00000000    0.00385876 -0.00392697    0.00197162  0.00270393
  0.00385876  0.00392697    0.09220000  0.00000000   -0.00074472  0.00016071
  0.00197162 -0.00270393   -0.00074472 -0.00016071    0.03314963 -0.00000000
    1    2
  0.00985933 -0.02380873    0.00041380 -0.00084094    0.01696063  0.01073341
  0.00041380 -0.00084094    0.00204348 -0.00038678   -0.02012251  0.00551944
  0.01696063  0.01073341   -0.02012251  0.00551944    0.00072144 -0.00102271
    2    1
  0.00985933  0.02380873    0.00041380  0.00084094    0.01696063 -0.01073341
  0.00041380  0.00084094    0.00204348  0.00038678   -0.02012251 -0.00551944
  0.01696063 -0.01073341   -0.02012251 -0.00551944    0.00072144  0.00102271
    2    2
  0.08762383  0.00000000    0.00385876  0.00392697    0.00197162 -0.00270393
  0.00385876 -0.00392697    0.09220000  0.00000000   -0.00074472 -0.00016071
  0.00197162  0.00270393   -0.00074472  0.00016071    0.03314963  0.00000000

     Dynamical  Matrix in cartesian axes

     q = (    0.380316829   0.507089106  -0.235087020 ) 

    1    1
  0.08762383  0.00000000    0.00385876 -0.00392697   -0.00197162 -0.00270393
  0.00385876  0.00392697    0.09220000  0.00000000    0.00074472 -0.00016071
 -0.00197162  0.00270393    0.00074472  0.00016071    0.03314963 -0.00000000
    1    2
  0.00986372  0.02380691    0.00030203  0.00088724    0.01958265 -0.00440331
  0.00030203  0.00088724   -0.00117146  0.00171845   -0.01032593  0.01813160
  0.01958265 -0.00440331   -0.01032593  0.01813160    0.00021303  0.00123330
    2    1
  0.00986372 -0.02380691    0.00030203 -0.00088724    0.01958265  0.00440331
  0.00030203 -0.00088724   -0.00117146 -0.00171845   -0.01032593 -0.01813160
  0.01958265  0.00440331   -0.01032593 -0.01813160    0.00021303 -0.00123330
    2    2
  0.08762383  0.00000000    0.00385876  0.00392697   -0.00197162  0.00270393
  0.00385876 -0.00392697    0.09220000  0.00000000    0.00074472  0.00016071
 -0.00197162 -0.00270393    0.00074472 -0.00016071    0.03314963  0.00000000

     Dynamical  Matrix in cartesian axes

     q = (    0.507089106   0.380316829  -0.235087020 ) 

    1    1
  0.09220000  0.00000000    0.00385876 -0.00392697    0.00074472  0.00016071
  0.00385876  0.00392697    0.08762383  0.00000000   -0.00197162  0.00270393
  0.00074472 -0.00016071   -0.00197162 -0.00270393    0.03314963  0.00000000
    1    2
  0.00171845 -0.00117146    0.00088724  0.00030203    0.01813160 -0.01032593
  0.00088724  0.00030203    0.02380691  0.00986372   -0.00440331  0.01958265
  0.01813160 -0.01032593   -0.00440331  0.01958265    0.00123330  0.00021303
    2    1
  0.00171845  0.00117146    0.00088724 -0.00030203    0.01813160  0.01032593
  0.00088724 -0.00030203    0.02380691 -0.00986372   -0.00440331 -0.01958265
  0.01813160  0.01032593   -0.00440331 -0.01958265    0.00123330 -0.00021303
    2    2
  0.09220000  0.00000000    0.00385876  0.00392697    0.00074472 -0.00016071
  0.00385876 -0.00392697    0.08762383  0.00000000   -0.00197162 -0.00270393
  0.00074472  0.00016071   -0.00197162  0.00270393    0.03314963 -0.00000000

     Dynamical  Matrix in cartesian axes

     q = (   -0.507089106  -0.380316829  -0.235087020 ) 

    1    1
  0.09220000  0.00000000    0.00385876 -0.00392697   -0.00074472 -0.00016071
  0.00385876  0.00392697    0.08762383  0.00000000    0.00197162 -0.00270393
 -0.00074472  0.00016071    0.00197162  0.00270393    0.03314963  0.00000000
    1    2
 -0.00117146 -0.00171845    0.00030203 -0.00088724    0.01032593  0.01813160
  0.00030203 -0.00088724    0.00986372 -0.02380691   -0.01958265 -0.00440331
  0.01032593  0.01813160   -0.01958265 -0.00440331    0.00021303 -0.00123330
    2    1
 -0.00117146  0.00171845    0.00030203  0.00088724    0.01032593 -0.01813160
  0.00030203  0.00088724    0.00986372  0.02380691   -0.01958265  0.00440331
  0.01032593 -0.01813160   -0.01958265  0.00440331    0.00021303  0.00123330
    2    2
  0.09220000  0.00000000    0.00385876  0.00392697   -0.00074472  0.00016071
  0.00385876 -0.00392697    0.08762383  0.00000000    0.00197162  0.00270393
 -0.00074472 -0.00016071    0.00197162 -0.00270393    0.03314963 -0.00000000

     Dynamical  Matrix in cartesian axes

     q = (    0.380316829   0.507089106   0.235087020 ) 

    1    1
  0.08762383  0.00000000    0.00385876  0.00392697    0.00197162 -0.00270393
  0.00385876 -0.00392697    0.09220000  0.00000000   -0.00074472 -0.00016071
  0.00197162  0.00270393   -0.00074472  0.00016071    0.03314963  0.00000000
    1    2
  0.00985933  0.02380873    0.00041380  0.00084094    0.01696063 -0.01073341
  0.00041380  0.00084094    0.00204348  0.00038678   -0.02012251 -0.00551944
  0.01696063 -0.01073341   -0.02012251 -0.00551944    0.00072144  0.00102271
    2    1
  0.00985933 -0.02380873    0.00041380 -0.00084094    0.01696063  0.01073341
  0.00041380 -0.00084094    0.00204348 -0.00038678   -0.02012251  0.00551944
  0.01696063  0.01073341   -0.02012251  0.00551944    0.00072144 -0.00102271
    2    2
  0.08762383  0.00000000    0.00385876 -0.00392697    0.00197162  0.00270393
  0.00385876  0.00392697    0.09220000  0.00000000   -0.00074472  0.00016071
  0.00197162 -0.00270393   -0.00074472 -0.00016071    0.03314963 -0.00000000

     Dynamical  Matrix in cartesian axes

     q = (   -0.507089106  -0.380316829   0.235087020 ) 

    1    1
  0.09220000  0.00000000    0.00385876  0.00392697    0.00074472 -0.00016071
  0.00385876 -0.00392697    0.08762383  0.00000000   -0.00197162 -0.00270393
  0.00074472  0.00016071   -0.00197162  0.00270393    0.03314963 -0.00000000
    1    2
  0.00171845  0.00117146    0.00088724 -0.00030203    0.01813160  0.01032593
  0.00088724 -0.00030203    0.02380691 -0.00986372   -0.00440331 -0.01958265
  0.01813160  0.01032593   -0.00440331 -0.01958265    0.00123330 -0.00021303
    2    1
  0.00171845 -0.00117146    0.00088724  0.00030203    0.01813160 -0.01032593
  0.00088724  0.00030203    0.02380691  0.00986372   -0.00440331  0.01958265
  0.01813160 -0.01032593   -0.00440331  0.01958265    0.00123330  0.00021303
    2    2
  0.09220000  0.00000000    0.00385876 -0.00392697    0.00074472  0.00016071
  0.00385876  0.00392697    0.08762383  0.00000000   -0.00197162  0.00270393
  0.00074472 -0.00016071   -0.00197162 -0.00270393    0.03314963  0.00000000

     Dynamical  Matrix in cartesian axes

     q = (   -0.507089106   0.380316829  -0.235087020 ) 

    1    1
  0.09220000  0.00000000   -0.00385876  0.00392697   -0.00074472 -0.00016071
 -0.00385876 -0.00392697    0.08762383  0.00000000   -0.00197162  0.00270393
 -0.00074472  0.00016071   -0.00197162 -0.00270393    0.03314963  0.00000000
    1    2
 -0.00171845  0.00117146    0.00088724  0.00030203    0.01813160 -0.01032593
  0.00088724  0.00030203   -0.02380691 -0.00986372    0.00440331 -0.01958265
  0.01813160 -0.01032593    0.00440331 -0.01958265   -0.00123330 -0.00021303
    2    1
 -0.00171845 -0.00117146    0.00088724 -0.00030203    0.01813160  0.01032593
  0.00088724 -0.00030203   -0.02380691  0.00986372    0.00440331  0.01958265
  0.01813160  0.01032593    0.00440331  0.01958265   -0.00123330  0.00021303
    2    2
  0.09220000  0.00000000   -0.00385876 -0.00392697   -0.00074472  0.00016071
 -0.00385876  0.00392697    0.08762383  0.00000000   -0.00197162 -0.00270393
 -0.00074472 -0.00016071   -0.00197162  0.00270393    0.03314963 -0.00000000

     Dynamical  Matrix in cartesian axes

     q = (   -0.380316829  -0.507089106   0.235087020 ) 

    1    1
  0.08762383  0.00000000    0.00385876  0.00392697   -0.00197162  0.00270393
  0.00385876 -0.00392697    0.09220000  0.00000000    0.00074472  0.00016071
 -0.00197162 -0.00270393    0.00074472 -0.00016071    0.03314963  0.00000000
    1    2
  0.00986372 -0.02380691    0.00030203 -0.00088724    0.01958265  0.00440331
  0.00030203 -0.00088724   -0.00117146 -0.00171845   -0.01032593 -0.01813160
  0.01958265  0.00440331   -0.01032593 -0.01813160    0.00021303 -0.00123330
    2    1
  0.00986372  0.02380691    0.00030203  0.00088724    0.01958265 -0.00440331
  0.00030203  0.00088724   -0.00117146  0.00171845   -0.01032593  0.01813160
  0.01958265 -0.00440331   -0.01032593  0.01813160    0.00021303  0.00123330
    2    2
  0.08762383  0.00000000    0.00385876 -0.00392697   -0.00197162 -0.00270393
  0.00385876  0.00392697    0.09220000  0.00000000    0.00074472 -0.00016071
 -0.00197162  0.00270393    0.00074472  0.00016071    0.03314963 -0.00000000

     Dynamical  Matrix in cartesian axes

     q = (    0.507089106   0.380316829   0.235087020 ) 

    1    1
  0.09220000  0.00000000    0.00385876  0.00392697   -0.00074472  0.00016071
  0.00385876 -0.00392697    0.08762383  0.00000000    0.00197162  0.00270393
 -0.00074472 -0.00016071    0.00197162 -0.00270393    0.03314963 -0.00000000
    1    2
 -0.00117146  0.00171845    0.00030203  0.00088724    0.01032593 -0.01813160
  0.00030203  0.00088724    0.00986372  0.02380691   -0.01958265  0.00440331
  0.01032593 -0.01813160   -0.01958265  0.00440331    0.00021303  0.00123330
    2    1
 -0.00117146 -0.00171845    0.00030203 -0.00088724    0.01032593  0.01813160
  0.00030203 -0.00088724    0.00986372 -0.02380691   -0.01958265 -0.00440331
  0.01032593  0.01813160   -0.01958265 -0.00440331    0.00021303 -0.00123330
    2    2
  0.09220000  0.00000000    0.00385876 -0.00392697   -0.00074472 -0.00016071
  0.00385876  0.00392697    0.08762383  0.00000000    0.00197162 -0.00270393
 -0.00074472  0.00016071    0.00197162  0.00270393    0.03314963  0.00000000

     Dynamical  Matrix in cartesian axes

     q = (    0.380316829  -0.507089106  -0.235087020 ) 

    1    1
  0.08762383  0.00000000   -0.00385876  0.00392697   -0.00197162 -0.00270393
 -0.00385876 -0.00392697    0.09220000  0.00000000   -0.00074472  0.00016071
 -0.00197162  0.00270393   -0.00074472 -0.00016071    0.03314963 -0.00000000
    1    2
  0.00986372  0.02380691   -0.00030203 -0.00088724    0.01958265 -0.00440331
 -0.00030203 -0.00088724   -0.00117146  0.00171845    0.01032593 -0.01813160
  0.01958265 -0.00440331    0.01032593 -0.01813160    0.00021303  0.00123330
    2    1
  0.00986372 -0.02380691   -0.00030203  0.00088724    0.01958265  0.00440331
 -0.00030203  0.00088724   -0.00117146 -0.00171845    0.01032593  0.01813160
  0.01958265  0.00440331    0.01032593  0.01813160    0.00021303 -0.00123330
    2    2
  0.08762383  0.00000000   -0.00385876 -0.00392697   -0.00197162  0.00270393
 -0.00385876  0.00392697    0.09220000  0.00000000   -0.00074472 -0.00016071
 -0.00197162 -0.00270393   -0.00074472  0.00016071    0.03314963  0.00000000

     Dynamical  Matrix in cartesian axes

     q = (   -0.380316829   0.507089106  -0.235087020 ) 

    1    1
  0.08762383  0.00000000   -0.00385876  0.00392697    0.00197162  0.00270393
 -0.00385876 -0.00392697    0.09220000  0.00000000    0.00074472 -0.00016071
  0.00197162 -0.00270393    0.00074472  0.00016071    0.03314963  0.00000000
    1    2
  0.00985933 -0.02380873   -0.00041380  0.00084094    0.01696063  0.01073341
 -0.00041380  0.00084094    0.00204348 -0.00038678    0.02012251 -0.00551944
  0.01696063  0.01073341    0.02012251 -0.00551944    0.00072144 -0.00102271
    2    1
  0.00985933  0.02380873   -0.00041380 -0.00084094    0.01696063 -0.01073341
 -0.00041380 -0.00084094    0.00204348  0.00038678    0.02012251  0.00551944
  0.01696063 -0.01073341    0.02012251  0.00551944    0.00072144  0.00102271
    2    2
  0.08762383  0.00000000   -0.00385876 -0.00392697    0.00197162 -0.00270393
 -0.00385876  0.00392697    0.09220000  0.00000000    0.00074472  0.00016071
  0.00197162  0.00270393    0.00074472 -0.00016071    0.03314963 -0.00000000

     Dynamical  Matrix in cartesian axes

     q = (    0.507089106  -0.380316829  -0.235087020 ) 

    1    1
  0.09220000  0.00000000   -0.00385876  0.00392697    0.00074472  0.00016071
 -0.00385876 -0.00392697    0.08762383  0.00000000    0.00197162 -0.00270393
  0.00074472 -0.00016071    0.00197162  0.00270393    0.03314963 -0.00000000
    1    2
  0.00117146  0.00171845    0.00030203 -0.00088724    0.01032593  0.01813160
  0.00030203 -0.00088724   -0.00986372  0.02380691    0.01958265  0.00440331
  0.01032593  0.01813160    0.01958265  0.00440331   -0.00021303  0.00123330
    2    1
  0.00117146 -0.00171845    0.00030203  0.00088724    0.01032593 -0.01813160
  0.00030203  0.00088724   -0.00986372 -0.02380691    0.01958265 -0.00440331
  0.01032593 -0.01813160    0.01958265 -0.00440331   -0.00021303 -0.00123330
    2    2
  0.09220000  0.00000000   -0.00385876 -0.00392697    0.00074472 -0.00016071
 -0.00385876  0.00392697    0.08762383  0.00000000    0.00197162  0.00270393
  0.00074472  0.00016071    0.00197162 -0.00270393    0.03314963  0.00000000

     Diagonalizing the dynamical matrix

     q = (    0.380316829  -0.507089106   0.235087020 ) 

 **************************************************************************
     freq (    1) =       1.289600 [THz] =      43.016424 [cm-1]
 (  0.256092 -0.174869  0.165437  0.027296 -0.529240 -0.309239 ) 
 (  0.132891  0.280182  0.156611  0.059895 -0.612963  0.000000 ) 
     freq (    2) =       1.505744 [THz] =      50.226222 [cm-1]
 (  0.125469 -0.040533  0.197778  0.039881  0.555355  0.365361 ) 
 ( -0.082542 -0.102821 -0.187147 -0.075384 -0.664762  0.000000 ) 
     freq (    3) =       2.645675 [THz] =      88.250229 [cm-1]
 (  0.551727 -0.256033 -0.179404 -0.189077  0.094269  0.230699 ) 
 ( -0.028312  0.607580 -0.242890 -0.094553  0.249216  0.000000 ) 
     freq (    4) =       3.076743 [THz] =     102.629087 [cm-1]
 ( -0.088381  0.182229  0.653819  0.063406 -0.151088  0.068226 ) 
 (  0.155545  0.129708 -0.569788  0.326866  0.165778  0.000000 ) 
     freq (    5) =       3.211424 [THz] =     107.121577 [cm-1]
 ( -0.181007  0.105136 -0.591984 -0.191312 -0.261252  0.029744 ) 
 ( -0.191738 -0.083986 -0.566543  0.257051 -0.262940  0.000000 ) 
     freq (    6) =       3.449374 [THz] =     115.058746 [cm-1]
 (  0.454881 -0.474072  0.088112  0.192184 -0.145464 -0.049803 ) 
 ( -0.276800 -0.595855 -0.145612  0.153282  0.153754  0.000000 ) 
 **************************************************************************
